Linux 4.4.0-31-generic (ids-suricata) 	12/10/2017 	_i686_	(1 CPU)

01:35:21 AM kbmemfree kbmemused  %memused kbbuffers  kbcached  kbcommit   %commit  kbactive   kbinact   kbdirty
01:35:22 AM    145836   1916852     92.93     83052    920500    746764     28.89   1021960    831120       432
01:35:23 AM    145620   1917068     92.94     83052    920532    746764     28.89   1022020    831104       464
01:35:24 AM    145464   1917224     92.95     83052    920560    746764     28.89   1022048    831100       492
01:35:25 AM    145712   1916976     92.94     83060    920572    746764     28.89   1022080    831100       564
01:35:26 AM    145504   1917184     92.95     83060    920604    746764     28.89   1022112    831100       596
01:35:27 AM    140352   1922336     93.20     83060    920644    759484     29.38   1025364    831104       632
01:35:28 AM    139796   1922892     93.22     83060    920672    759484     29.38   1025388    831116       672
01:35:29 AM    139796   1922892     93.22     83060    920696    759484     29.38   1025432    831112       696
01:35:30 AM    139764   1922924     93.22     83064    920724    759484     29.38   1025452    831112       728
01:35:31 AM    139920   1922768     93.22     83064    920752    759484     29.38   1025480    831112        72
01:35:32 AM    139640   1923048     93.23     83064    920776    759484     29.38   1025512    831112        60
01:35:33 AM    139672   1923016     93.23     83064    920800    759484     29.38   1025544    831112        88
01:35:34 AM    139640   1923048     93.23     83064    920828    759484     29.38   1025564    831112       116
01:35:35 AM    139640   1923048     93.23     83064    920852    759484     29.38   1025596    831112       140
01:35:36 AM    139548   1923140     93.23     83064    920876    759484     29.38   1025628    831108       212
01:35:37 AM    139672   1923016     93.23     83064    920924    759484     29.38   1025668    831116       264
01:35:38 AM    139548   1923140     93.23     83064    920964    759484     29.38   1025728    831108       304
01:35:39 AM    139516   1923172     93.24     83064    921012    759484     29.38   1025792    831108       352
01:35:40 AM    139640   1923048     93.23     83068    921060    759484     29.38   1025836    831108       404
01:35:41 AM    139516   1923172     93.24     83068    921100    759484     29.38   1025896    831108       444
01:35:42 AM    139392   1923296     93.24     83068    921144    759484     29.38   1025944    831112       488
01:35:43 AM    139300   1923388     93.25     83068    921180    759484     29.38   1025988    831108       524
01:35:44 AM    139268   1923420     93.25     83068    921236    759484     29.38   1026056    831108       580
01:35:45 AM    139300   1923388     93.25     83072    921332    759484     29.38   1026144    831112       628
01:35:46 AM    139020   1923668     93.26     83072    921388    759484     29.38   1026212    831108       736
01:35:47 AM    139144   1923544     93.25     83072    921400    759484     29.38   1026256    831108       748
01:35:48 AM    138864   1923824     93.27     83072    921452    759484     29.38   1026336    831108       800
01:35:49 AM    138928   1923760     93.26     83072    921496    759484     29.38   1026432    831108       844
01:35:50 AM    138680   1924008     93.28     83072    921616    759484     29.38   1026552    831112       964
01:35:51 AM    138648   1924040     93.28     83072    921612    759484     29.38   1026616    831112       960
01:35:52 AM    138556   1924132     93.28     83072    921660    759484     29.38   1026680    831108        72
01:35:53 AM    138556   1924132     93.28     83072    921756    759484     29.38   1026772    831116       148
01:35:54 AM    138368   1924320     93.29     83072    921820    759484     29.38   1026840    831108       212
01:35:55 AM    138308   1924380     93.29     83080    921804    759484     29.38   1026892    831108       204
01:35:56 AM    138140   1924548     93.30     83080    921860    759484     29.38   1026992    831108       284
01:35:57 AM    138136   1924552     93.30     83080    921944    759484     29.38   1027052    831116       368
01:35:58 AM    138060   1924628     93.31     83080    921968    759484     29.38   1027144    831108       396
01:35:59 AM    138160   1924528     93.30     83080    922012    759484     29.38   1027480    831108       440
01:36:00 AM    137988   1924700     93.31     83084    922056    759484     29.38   1027276    831108       488
01:36:01 AM    138052   1924636     93.31     83084    922104    759484     29.38   1027340    831108       540
01:36:02 AM    137936   1924752     93.31     83084    922156    759484     29.38   1027352    831104       592
01:36:03 AM    137872   1924816     93.32     83084    922180    759484     29.38   1027400    831108       616
01:36:04 AM    137812   1924876     93.32     83084    922228    759484     29.38   1027476    831104       664
01:36:05 AM    137780   1924908     93.32     83084    922336    759484     29.38   1027584    831104       772
01:36:06 AM    137656   1925032     93.33     83088    922416    759484     29.38   1027684    831104       852
01:36:07 AM    137564   1925124     93.33     83088    922416    759484     29.38   1027720    831104       852
01:36:08 AM    137564   1925124     93.33     83088    922468    759484     29.38   1027800    831104       904
01:36:09 AM    137564   1925124     93.33     83088    922512    759484     29.38   1027880    831104       948
01:36:10 AM    137440   1925248     93.34     83092    922568    759484     29.38   1027952    831116      1008
01:36:11 AM    137440   1925248     93.34     83092    922604    759484     29.38   1027972    831100      1040
01:36:12 AM    137192   1925496     93.35     83092    922656    759484     29.38   1028068    831104      1092
01:36:13 AM    137128   1925560     93.35     83092    922684    759484     29.38   1028160    831100      1120
01:36:14 AM    137068   1925620     93.35     83092    922728    759484     29.38   1028192    831104      1164
01:36:15 AM    137004   1925684     93.36     83092    922768    759484     29.38   1028256    831104      1204
01:36:16 AM    137052   1925636     93.36     83096    922824    759484     29.38   1028332    831104      1260
01:36:17 AM    136820   1925868     93.37     83096    922912    759484     29.38   1028384    831104      1348
01:36:18 AM    136796   1925892     93.37     83096    922916    759484     29.38   1028432    831104      1352
01:36:19 AM    136796   1925892     93.37     83096    922944    759484     29.38   1028488    831108      1380
01:36:20 AM    136772   1925916     93.37     83096    922988    759484     29.38   1028748    831108      1424
01:36:21 AM    136812   1925876     93.37     83100    923036    759484     29.38   1028656    831104       624
01:36:22 AM    136788   1925900     93.37     83100    923056    759484     29.38   1028604    831100       580
01:36:23 AM    136664   1926024     93.37     83100    923080    759484     29.38   1028620    831100       604
01:36:24 AM    136540   1926148     93.38     83100    923104    759484     29.38   1028656    831100       628
01:36:25 AM    136540   1926148     93.38     83100    923132    759484     29.38   1028688    831100       656
01:36:26 AM    136572   1926116     93.38     83100    923156    759484     29.38   1028752    831096       680
01:36:27 AM    136448   1926240     93.38     83100    923188    759484     29.38   1028764    831096        80
01:36:28 AM    136324   1926364     93.39     83100    923208    759484     29.38   1028832    831096       140
01:36:29 AM    136256   1926432     93.39     83100    923232    759484     29.38   1028860    831096       164
01:36:30 AM    136260   1926428     93.39     83100    923244    759484     29.38   1028828    831096       176
01:36:31 AM    136324   1926364     93.39     83104    923272    759484     29.38   1028892    831096       232
01:36:32 AM    136448   1926240     93.38     83104    923292    759484     29.38   1028896    831100       224
01:36:33 AM    136448   1926240     93.38     83104    923308    759484     29.38   1028936    831096       240
01:36:34 AM    136448   1926240     93.38     83104    923344    759484     29.38   1028972    831100       276
01:36:35 AM    136448   1926240     93.38     83104    923360    759484     29.38   1028952    831096       292
01:36:36 AM    136408   1926280     93.39     83108    923388    759484     29.38   1029288    831092       332
01:36:37 AM    136440   1926248     93.39     83108    923416    759484     29.38   1029056    831092       360
01:36:38 AM    136448   1926240     93.38     83108    923432    759484     29.38   1029032    831092       376
01:36:39 AM    136292   1926396     93.39     83108    923472    759484     29.38   1029032    831092       416
01:36:40 AM    136324   1926364     93.39     83108    923508    759484     29.38   1029108    831092       452
01:36:41 AM    136200   1926488     93.40     83112    923540    759484     29.38   1029144    831092       484
01:36:42 AM    136168   1926520     93.40     83112    923588    759484     29.38   1029188    831096       532
01:36:43 AM    136168   1926520     93.40     83112    923700    759484     29.38   1029288    831088       644
01:36:44 AM    136076   1926612     93.40     83112    923700    759484     29.38   1029328    831088       644
01:36:45 AM    136044   1926644     93.40     83112    923748    759484     29.38   1029404    831092       692
01:36:46 AM    136044   1926644     93.40     83120    923784    759484     29.38   1029500    831088       728
01:36:47 AM    135828   1926860     93.42     83120    923828    759484     29.38   1029508    831088       772
01:36:48 AM    135828   1926860     93.42     83120    923856    759484     29.38   1029540    831088       800
01:36:49 AM    135828   1926860     93.42     83120    923968    759484     29.38   1029628    831092       912
01:36:50 AM    135816   1926872     93.42     83120    923972    759484     29.38   1029660    831092       916
01:36:51 AM    135672   1927016     93.42     83124    924028    759484     29.38   1029728    831084       976
01:36:52 AM    135580   1927108     93.43     83124    924072    759484     29.38   1029772    831084       488
01:36:53 AM    135516   1927172     93.43     83124    924120    759484     29.38   1029776    831084       536
01:36:54 AM    135456   1927232     93.43     83124    924160    759484     29.38   1029868    831084       576
01:36:55 AM    135480   1927208     93.43     83124    924220    759484     29.38   1029868    831084       636
01:36:56 AM    135408   1927280     93.44     83128    924332    759484     29.38   1030036    831084       748
01:36:57 AM    135360   1927328     93.44     83128    924344    759484     29.38   1030140    831084       764
01:36:58 AM    135424   1927264     93.43     83128    924364    759484     29.38   1030032    831088       784
01:36:59 AM    135456   1927232     93.43     83128    924480    759484     29.38   1030112    831092       900
01:37:00 AM    135176   1927512     93.45     83128    924532    759484     29.38   1030176    831088       952
01:37:01 AM    135052   1927636     93.45     83128    924540    759484     29.38   1030212    831080       960
01:37:02 AM    135332   1927356     93.44     83128    924576    759484     29.38   1030244    831080       396
01:37:03 AM    135176   1927512     93.45     83128    924692    759484     29.38   1030348    831080       532
01:37:04 AM    135052   1927636     93.45     83128    924684    759484     29.38   1030356    831080       524
01:37:05 AM    135052   1927636     93.45     83128    924724    759484     29.38   1030412    831080       564
01:37:06 AM    134888   1927800     93.46     83136    924760    759484     29.38   1030448    831084       628
01:37:07 AM    134952   1927736     93.46     83136    924800    759484     29.38   1030492    831084       644
01:37:08 AM    134908   1927780     93.46     83136    924844    759484     29.38   1030592    831080       688
01:37:09 AM    134796   1927892     93.47     83136    924880    759484     29.38   1030632    831080       724
01:37:10 AM    134704   1927984     93.47     83136    924916    759484     29.38   1030680    831080       760
01:37:11 AM    134828   1927860     93.46     83140    924968    759484     29.38   1030716    831084       820
01:37:12 AM    134640   1928048     93.47     83140    925012    759484     29.38   1030732    831080       872
01:37:13 AM    134704   1927984     93.47     83140    925040    759484     29.38   1030800    831080       900
01:37:14 AM    134704   1927984     93.47     83140    925096    759484     29.38   1030848    831080       956
01:37:15 AM    134332   1928356     93.49     83140    925136    759484     29.38   1030904    831080       996
01:37:16 AM    134260   1928428     93.49     83148    925180    759484     29.38   1031112    831080      1048
01:37:17 AM    134456   1928232     93.48     83148    925212    759484     29.38   1030936    831080      1072
01:37:18 AM    134456   1928232     93.48     83148    925272    759484     29.38   1030996    831084      1132
01:37:19 AM    134300   1928388     93.49     83148    925332    759484     29.38   1031024    831084      1192
01:37:20 AM    134332   1928356     93.49     83148    925376    759484     29.38   1031104    831084      1236
01:37:21 AM    134176   1928512     93.50     83152    925468    759484     29.38   1031212    831080      1332
01:37:22 AM    134172   1928516     93.50     83152    925544    759484     29.38   1031260    831076      1404
01:37:23 AM    134020   1928668     93.50     83152    925544    759484     29.38   1031288    831076      1404
01:37:24 AM    134052   1928636     93.50     83152    925596    759484     29.38   1031336    831076      1456
01:37:25 AM    133960   1928728     93.51     83152    925636    759484     29.38   1031376    831076      1496
01:37:26 AM    133928   1928760     93.51     83156    925672    759484     29.38   1031404    831076      1536
01:37:27 AM    133804   1928884     93.51     83156    925708    759484     29.38   1031468    831080       480
01:37:28 AM    133924   1928764     93.51     83156    925740    759484     29.38   1031484    831076       516
01:37:29 AM    133960   1928728     93.51     83156    925776    759484     29.38   1031524    831076       552
01:37:30 AM    133712   1928976     93.52     83156    925820    759484     29.38   1031568    831080       596
01:37:31 AM    133680   1929008     93.52     83160    925848    759484     29.38   1031608    831076       628
01:37:32 AM    133712   1928976     93.52     83164    925892    759484     29.38   1031648    831084       660
01:37:33 AM    133676   1929012     93.52     83164    925928    759484     29.38   1031680    831076       704
01:37:34 AM    133464   1929224     93.53     83164    925964    759484     29.38   1031732    831076       740
01:37:35 AM    133588   1929100     93.52     83164    926008    759484     29.38   1031796    831076       784
01:37:36 AM    133448   1929240     93.53     83164    926024    759484     29.38   1031832    831076       800
01:37:37 AM    133440   1929248     93.53     83180    926064    759484     29.38   1031852    831076       232
01:37:38 AM    133448   1929240     93.53     83180    926092    759484     29.38   1031880    831076       292
01:37:39 AM    133404   1929284     93.53     83180    926104    759484     29.38   1031912    831076       304
01:37:40 AM    133372   1929316     93.53     83180    926148    759484     29.38   1031876    831080       348
01:37:41 AM    133424   1929264     93.53     83180    926172    759484     29.38   1031888    831076       372
Average:       136807   1925881     93.37     83108    923321    759030     29.36   1028624    831095       665
Linux 4.4.0-31-generic (ids-suricata) 	12/10/2017 	_i686_	(1 CPU)

05:25:54 AM kbmemfree kbmemused  %memused kbbuffers  kbcached  kbcommit   %commit  kbactive   kbinact   kbdirty
05:25:55 AM    132776   1929912     93.56     68040    965248    739076     28.59   1048744    816280       612
05:25:56 AM    132620   1930068     93.57     68040    965276    739076     28.59   1048792    816280       612
05:25:57 AM    132620   1930068     93.57     68040    965296    739076     28.59   1048812    816276       632
05:25:58 AM    132652   1930036     93.57     68044    965332    739076     28.59   1048848    816280       672
05:25:59 AM    132536   1930152     93.57     68044    965368    739076     28.59   1048888    816276       716
05:26:00 AM    132520   1930168     93.58     68044    965392    739076     28.59   1048916    816276       532
05:26:01 AM    127408   1935280     93.82     68044    965416    759616     29.39   1052128    816276       604
05:26:02 AM    126896   1935792     93.85     68044    965476    759616     29.39   1052216    816284       620
05:26:03 AM    126820   1935868     93.85     68052    965480    759616     29.39   1052244    816284       684
05:26:04 AM    126772   1935916     93.85     68052    965516    759616     29.39   1052276    816284       696
05:26:05 AM    126788   1935900     93.85     68052    965540    759616     29.39   1052296    816284       720
05:26:06 AM    126632   1936056     93.86     68052    965572    759616     29.39   1052336    816288       748
05:26:07 AM    126680   1936008     93.86     68052    965604    759616     29.39   1052380    816284       780
05:26:08 AM    126648   1936040     93.86     68056    965632    759616     29.39   1052412    816284       812
05:26:09 AM    126664   1936024     93.86     68056    965660    759616     29.39   1052400    816292       836
05:26:10 AM    126664   1936024     93.86     68056    965696    759616     29.39   1052460    816296       380
05:26:11 AM    126572   1936116     93.86     68056    965728    759616     29.39   1052516    816288       432
05:26:12 AM    126556   1936132     93.86     68056    965760    759616     29.39   1052540    816288       464
05:26:13 AM    126400   1936288     93.87     68060    965804    759616     29.39   1052636    816288       512
05:26:14 AM    126400   1936288     93.87     68060    965852    759616     29.39   1052680    816288       568
05:26:15 AM    126308   1936380     93.88     68060    965896    759616     29.39   1052704    816292       612
05:26:16 AM    126276   1936412     93.88     68060    965984    759616     29.39   1052800    816288       668
05:26:17 AM    126276   1936412     93.88     68060    965984    759616     29.39   1052824    816288       672
05:26:18 AM    126152   1936536     93.88     68068    966016    759616     29.39   1052900    816284       712
05:26:19 AM    126060   1936628     93.89     68068    966120    759616     29.39   1052960    816284       816
05:26:20 AM    126076   1936612     93.89     68068    966124    759616     29.39   1053028    816292       820
05:26:21 AM    125932   1936756     93.89     68068    966172    759616     29.39   1053064    816284       860
05:26:22 AM    125952   1936736     93.89     68068    966216    759616     29.39   1053152    816284       904
05:26:23 AM    125920   1936768     93.90     68076    966300    759616     29.39   1053240    816284       996
05:26:24 AM    125888   1936800     93.90     68076    966352    759616     29.39   1053336    816288      1044
05:26:25 AM    125540   1937148     93.91     68088    966348    759616     29.39   1053484    816288       560
05:26:26 AM    125416   1937272     93.92     68088    966444    759616     29.39   1053592    816268       656
05:26:27 AM    125292   1937396     93.93     68088    966572    759616     29.39   1053696    816304       788
05:26:28 AM    125168   1937520     93.93     68092    966620    759616     29.39   1053784    816308       840
05:26:29 AM    125044   1937644     93.94     68092    966688    759616     29.39   1053868    816308       936
05:26:30 AM    125044   1937644     93.94     68092    966760    759616     29.39   1053964    816308       904
05:26:31 AM    124920   1937768     93.94     68092    966824    759616     29.39   1054020    816308       968
05:26:32 AM    124832   1937856     93.95     68092    966828    759616     29.39   1054300    816308       972
05:26:33 AM    124756   1937932     93.95     68096    966908    759616     29.39   1054204    816308      1056
05:26:34 AM    124616   1938072     93.96     68096    966980    759616     29.39   1054488    816316      1136
05:26:35 AM    124740   1937948     93.95     68096    967036    759616     29.39   1054240    816308      1140
05:26:36 AM    124740   1937948     93.95     68096    967084    759616     29.39   1054296    816308      1224
05:26:37 AM    124672   1938016     93.96     68096    967140    759616     29.39   1054504    816312      1280
05:26:38 AM    124648   1938040     93.96     68100    967192    759616     29.39   1054436    816308      1336
05:26:39 AM    124556   1938132     93.96     68100    967200    759616     29.39   1054500    816308      1352
05:26:40 AM    124432   1938256     93.97     68100    967236    759616     29.39   1054576    816308      1388
05:26:41 AM    124400   1938288     93.97     68100    967328    759616     29.39   1054672    816312      1480
05:26:42 AM    124308   1938380     93.97     68100    967328    759616     29.39   1054716    816308      1480
05:26:43 AM    124244   1938444     93.98     68104    967372    759616     29.39   1054760    816316      1528
05:26:44 AM    124184   1938504     93.98     68104    967408    759616     29.39   1054824    816304      1560
05:26:45 AM    124308   1938380     93.97     68104    967444    759616     29.39   1054844    816304       400
05:26:46 AM    124060   1938628     93.99     68104    967484    759616     29.39   1054932    816304       436
05:26:47 AM    123936   1938752     93.99     68104    967528    759616     29.39   1054992    816304       480
05:26:48 AM    123936   1938752     93.99     68108    967568    759616     29.39   1055064    816304       524
05:26:49 AM    123872   1938816     93.99     68108    967612    759616     29.39   1055092    816308       572
05:26:50 AM    123872   1938816     93.99     68108    967644    759616     29.39   1055144    816304       604
05:26:51 AM    123936   1938752     93.99     68108    967680    759616     29.39   1055208    816304       616
05:26:52 AM    123872   1938816     93.99     68108    967708    759616     29.39   1055364    816308       644
05:26:53 AM    123624   1939064     94.01     68116    967740    759616     29.39   1055312    816304       684
05:26:54 AM    123656   1939032     94.01     68116    967788    759616     29.39   1055332    816308       736
05:26:55 AM    123564   1939124     94.01     68116    967832    759616     29.39   1055428    816308       784
05:26:56 AM    123532   1939156     94.01     68116    967856    759616     29.39   1055440    816304       808
05:26:57 AM    123532   1939156     94.01     68116    967892    759616     29.39   1055460    816316       844
05:26:58 AM    123564   1939124     94.01     68124    967908    759616     29.39   1055488    816308       868
05:26:59 AM    123440   1939248     94.02     68124    967932    759616     29.39   1055524    816308       884
05:27:00 AM    123376   1939312     94.02     68124    967956    759616     29.39   1055536    816316       336
05:27:01 AM    123408   1939280     94.02     68124    967972    759616     29.39   1055576    816304       408
05:27:02 AM    123408   1939280     94.02     68124    968004    759616     29.39   1055600    816312       412
05:27:03 AM    123376   1939312     94.02     68124    968024    759616     29.39   1055628    816304       432
05:27:04 AM    123316   1939372     94.02     68132    968056    759616     29.39   1055680    816304       492
05:27:05 AM    123408   1939280     94.02     68132    968076    759616     29.39   1055660    816304       460
05:27:06 AM    123316   1939372     94.02     68132    968092    759616     29.39   1055740    816304       452
05:27:07 AM    123284   1939404     94.02     68132    968116    759616     29.39   1055768    816304       476
05:27:08 AM    123284   1939404     94.02     68132    968144    759616     29.39   1055800    816304       504
05:27:09 AM    123316   1939372     94.02     68132    968164    759616     29.39   1055788    816304       540
05:27:10 AM    123316   1939372     94.02     68132    968192    759616     29.39   1055812    816304       568
05:27:11 AM    123168   1939520     94.03     68132    968212    759616     29.39   1055828    816308       588
05:27:12 AM    123168   1939520     94.03     68132    968236    759616     29.39   1055892    816304       612
05:27:13 AM    123184   1939504     94.03     68132    968252    759616     29.39   1055844    816304       628
05:27:14 AM    123184   1939504     94.03     68136    968296    759616     29.39   1055920    816304       676
05:27:15 AM    122944   1939744     94.04     68136    968336    759616     29.39   1055932    816304       300
05:27:16 AM    123036   1939652     94.04     68136    968392    759616     29.39   1056020    816304       356
05:27:17 AM    122944   1939744     94.04     68136    968428    759616     29.39   1056092    816304       392
05:27:18 AM    122912   1939776     94.04     68136    968476    759616     29.39   1056132    816304       440
05:27:19 AM    122820   1939868     94.05     68140    968512    759616     29.39   1056184    816300       484
05:27:20 AM    122820   1939868     94.05     68140    968604    759616     29.39   1056252    816300       576
05:27:21 AM    122664   1940024     94.05     68140    968596    759616     29.39   1056276    816300       568
05:27:22 AM    122696   1939992     94.05     68140    968640    759616     29.39   1056340    816300       612
05:27:23 AM    122696   1939992     94.05     68140    968736    759616     29.39   1056356    816300       708
05:27:24 AM    122692   1939996     94.05     68148    968792    759616     29.39   1056440    816304       764
05:27:25 AM    122572   1940116     94.06     68148    968796    759616     29.39   1056472    816300       768
05:27:26 AM    122448   1940240     94.06     68148    968900    759616     29.39   1056592    816300       848
05:27:27 AM    122324   1940364     94.07     68148    968964    759616     29.39   1056596    816300       912
05:27:28 AM    122324   1940364     94.07     68148    969016    759616     29.39   1056644    816300       964
05:27:29 AM    122292   1940396     94.07     68156    969012    759616     29.39   1056728    816304      1012
05:27:30 AM    122200   1940488     94.08     68156    969108    759616     29.39   1056748    816300      1064
05:27:31 AM    122200   1940488     94.08     68156    969164    759616     29.39   1056836    816300      1120
05:27:32 AM    122076   1940612     94.08     68156    969224    759616     29.39   1056856    816312      1184
05:27:33 AM    122076   1940612     94.08     68156    969224    759616     29.39   1056952    816300      1184
05:27:34 AM    122012   1940676     94.08     68160    969268    759616     29.39   1056936    816300      1232
05:27:35 AM    121952   1940736     94.09     68160    969348    759616     29.39   1057000    816300       740
05:27:36 AM    121952   1940736     94.09     68160    969348    759616     29.39   1057044    816300       776
05:27:37 AM    121904   1940784     94.09     68160    969392    759616     29.39   1057232    816300       820
05:27:38 AM    121820   1940868     94.09     68160    969432    759616     29.39   1057112    816300       860
05:27:39 AM    121796   1940892     94.10     68164    969508    759616     29.39   1057120    816304       940
05:27:40 AM    121828   1940860     94.09     68164    969508    759616     29.39   1057200    816300       916
05:27:41 AM    121672   1941016     94.10     68164    969576    759616     29.39   1057260    816300       960
05:27:42 AM    121704   1940984     94.10     68164    969592    759616     29.39   1057272    816300       980
05:27:43 AM    121704   1940984     94.10     68164    969624    759616     29.39   1057368    816300      1012
05:27:44 AM    121704   1940984     94.10     68168    969716    759616     29.39   1057384    816304      1108
05:27:45 AM    121456   1941232     94.11     68168    969732    759616     29.39   1057472    816304      1128
05:27:46 AM    121516   1941172     94.11     68168    969776    759616     29.39   1057532    816300      1172
05:27:47 AM    121392   1941296     94.11     68168    969876    759616     29.39   1057576    816304      1272
05:27:48 AM    121456   1941232     94.11     68168    969892    759616     29.39   1057616    816300      1288
05:27:49 AM    121300   1941388     94.12     68176    969936    759616     29.39   1057692    816300      1340
05:27:50 AM    121332   1941356     94.12     68176    970024    759616     29.39   1057712    816300       332
05:27:51 AM    121268   1941420     94.12     68176    970096    759616     29.39   1057808    816300       432
05:27:52 AM    121208   1941480     94.12     68176    970100    759616     29.39   1057812    816300       436
05:27:53 AM    121084   1941604     94.13     68176    970188    759616     29.39   1057880    816300       524
05:27:54 AM    121052   1941636     94.13     68184    970232    759616     29.39   1057968    816304       576
05:27:55 AM    120960   1941728     94.14     68184    970256    759616     29.39   1058044    816300       604
05:27:56 AM    120960   1941728     94.14     68184    970288    759616     29.39   1058016    816300       636
05:27:57 AM    120936   1941752     94.14     68184    970328    759616     29.39   1058080    816300       676
05:27:58 AM    120920   1941768     94.14     68184    970368    759616     29.39   1058160    816300       716
05:27:59 AM    120836   1941852     94.14     68188    970400    759616     29.39   1058104    816304       752
05:28:00 AM    120836   1941852     94.14     68188    970436    759616     29.39   1058180    816296       784
05:28:01 AM    120836   1941852     94.14     68188    970464    759616     29.39   1058164    816296       812
05:28:02 AM    120584   1942104     94.15     68188    970544    759616     29.39   1058304    816296       892
05:28:03 AM    120708   1941980     94.15     68188    970540    759616     29.39   1058288    816296       888
05:28:04 AM    120576   1942112     94.15     68196    970556    759616     29.39   1058444    816296       912
05:28:05 AM    120420   1942268     94.16     68196    970604    759616     29.39   1058480    816304       952
05:28:06 AM    120388   1942300     94.16     68196    970628    759616     29.39   1058492    816296       952
05:28:07 AM    120420   1942268     94.16     68196    970672    759616     29.39   1058584    816296       996
05:28:08 AM    120328   1942360     94.17     68196    970708    759616     29.39   1058592    816296      1032
05:28:09 AM    120452   1942236     94.16     68196    970784    759616     29.39   1058608    816304      1108
05:28:10 AM    120296   1942392     94.17     68200    970780    759616     29.39   1058628    816300       548
05:28:11 AM    120328   1942360     94.17     68200    970812    759616     29.39   1058656    816300       636
05:28:12 AM    120320   1942368     94.17     68200    970836    759616     29.39   1058716    816300       632
05:28:13 AM    120328   1942360     94.17     68200    970852    759616     29.39   1058684    816300       648
05:28:14 AM    120276   1942412     94.17     68200    970884    759616     29.39   1058488    816300       680
Average:       123756   1938932     94.00     68124    968081    758736     29.35   1055374    816299       784
