Linux 4.4.0-31-generic (fw-suricata) 	01/15/2018 	_i686_	(1 CPU)

12:00:09 PM kbmemfree kbmemused  %memused kbbuffers  kbcached  kbcommit   %commit  kbactive   kbinact   kbdirty
12:00:10 PM    204808   1857880     90.07    143600    839660    738112     28.55    980108    806912       480
12:00:11 PM    204528   1858160     90.08    143600    839656    738112     28.55    980172    806896       528
12:00:12 PM    204684   1858004     90.08    143600    839672    738112     28.55    980196    806892       544
12:00:13 PM    204404   1858284     90.09    143600    839692    738112     28.55    980220    806888       564
12:00:14 PM    204404   1858284     90.09    143600    839724    738112     28.55    980248    806888       596
12:00:15 PM    204436   1858252     90.09    143600    839752    738112     28.55    980276    806888       624
12:00:16 PM    204436   1858252     90.09    143600    839804    738112     28.55    980336    806884       676
12:00:17 PM    204264   1858424     90.10    143600    839848    738112     28.55    980388    806884       720
12:00:18 PM    204296   1858392     90.10    143600    839896    738112     28.55    980424    806880       768
12:00:19 PM    204140   1858548     90.10    143600    839944    738112     28.55    980488    806880       816
12:00:20 PM    204140   1858548     90.10    143616    839976    738112     28.55    980540    806880       424
12:00:21 PM    204016   1858672     90.11    143616    840028    738112     28.55    980576    806880       528
12:00:22 PM    203924   1858764     90.11    143616    840064    738112     28.55    980620    806880       564
12:00:23 PM    203924   1858764     90.11    143616    840100    738112     28.55    980656    806880       600
12:00:24 PM    204016   1858672     90.11    143616    840148    738112     28.55    980704    806880       648
12:00:25 PM    203924   1858764     90.11    143616    840272    738112     28.55    980804    806888       772
12:00:26 PM    203800   1858888     90.12    143616    840280    738112     28.55    980844    806876       788
12:00:27 PM    203800   1858888     90.12    143616    840340    738112     28.55    980908    806876       848
12:00:28 PM    203676   1859012     90.13    143616    840396    738112     28.55    980964    806876       904
12:00:29 PM    203520   1859168     90.13    143616    840432    738112     28.55    981004    806876       940
12:00:30 PM    203552   1859136     90.13    143616    840472    738112     28.55    981044    806876       980
12:00:31 PM    203644   1859044     90.13    143616    840524    738112     28.55    981088    806872      1036
12:00:32 PM    203552   1859136     90.13    143616    840572    738112     28.55    981152    806872      1084
12:00:33 PM    203508   1859180     90.13    143616    840620    738112     28.55    981196    806872      1132
12:00:34 PM    203396   1859292     90.14    143616    840672    738112     28.55    981260    806872      1184
12:00:35 PM    203428   1859260     90.14    143616    840720    738112     28.55    981300    806876      1212
12:00:36 PM    203396   1859292     90.14    143616    840768    738112     28.55    981360    806864      1260
12:00:37 PM    203304   1859384     90.14    143616    840804    738112     28.55    981396    806864      1296
12:00:38 PM    203272   1859416     90.15    143616    840856    738112     28.55    981448    806868      1348
12:00:39 PM    203180   1859508     90.15    143616    840896    738112     28.55    981496    806868      1388
12:00:40 PM    203180   1859508     90.15    143616    840952    738112     28.55    981540    806876      1052
12:00:41 PM    203180   1859508     90.15    143616    841012    738112     28.55    981608    806868      1064
12:00:42 PM    203024   1859664     90.16    143616    841056    738112     28.55    981648    806868      1108
12:00:43 PM    203056   1859632     90.16    143616    841100    738112     28.55    981696    806868      1152
12:00:44 PM    202808   1859880     90.17    143616    841136    738112     28.55    981740    806868      1188
12:00:45 PM    202808   1859880     90.17    143616    841188    738112     28.55    981784    806872       220
12:00:46 PM    202756   1859932     90.17    143616    841232    738112     28.55    981880    806864       272
12:00:47 PM    202776   1859912     90.17    143616    841280    738112     28.55    981900    806856       320
12:00:48 PM    202684   1860004     90.17    143616    841324    738112     28.55    981944    806860       364
12:00:49 PM    202684   1860004     90.17    143616    841364    738112     28.55    981952    806856       404
12:00:50 PM    202772   1859916     90.17    143616    841404    738112     28.55    982036    806856       444
12:00:51 PM    202652   1860036     90.18    143616    841460    738112     28.55    982092    806856       500
12:00:52 PM    202560   1860128     90.18    143616    841500    738112     28.55    982108    806852       540
12:00:53 PM    202560   1860128     90.18    143616    841544    738112     28.55    982172    806852       584
12:00:54 PM    202436   1860252     90.19    143616    841588    738112     28.55    982216    806852       628
12:00:55 PM    202436   1860252     90.19    143616    841624    738112     28.55    982252    806852       600
12:00:56 PM    202436   1860252     90.19    143616    841656    738112     28.55    982284    806852       636
12:00:57 PM    202272   1860416     90.19    143616    841712    738112     28.55    982424    806860       692
12:00:58 PM    202180   1860508     90.20    143616    841756    738112     28.55    982436    806856       736
12:00:59 PM    202056   1860632     90.20    143616    841780    738112     28.55    982508    806852       760
12:01:00 PM    202112   1860576     90.20    143616    841816    738112     28.55    982548    806852       768
12:01:01 PM    202024   1860664     90.21    143620    841856    738112     28.55    982600    806856       824
12:01:02 PM    201980   1860708     90.21    143620    841884    738112     28.55    982656    806852       852
12:01:03 PM    201932   1860756     90.21    143620    841912    738112     28.55    982648    806852       880
12:01:04 PM    201896   1860792     90.21    143620    841944    738112     28.55    982708    806852       912
12:01:05 PM    201776   1860912     90.22    143620    841976    738112     28.55    982676    806852       944
12:01:06 PM    201800   1860888     90.22    143624    842012    738112     28.55    982816    806848       984
12:01:07 PM    201932   1860756     90.21    143624    842052    738112     28.55    982764    806856      1024
12:01:08 PM    201808   1860880     90.22    143624    842088    738112     28.55    982832    806848      1060
12:01:09 PM    201784   1860904     90.22    143624    842112    738112     28.55    982808    806852      1084
12:01:10 PM    201808   1860880     90.22    143624    842144    738112     28.55    982880    806848        12
12:01:11 PM    201808   1860880     90.22    143624    842172    738112     28.55    982936    806844       116
12:01:12 PM    201776   1860912     90.22    143624    842220    738112     28.55    982988    806844       164
12:01:13 PM    201652   1861036     90.22    143624    842264    738112     28.55    983008    806844       208
12:01:14 PM    201684   1861004     90.22    143624    842304    738112     28.55    983052    806848       248
12:01:15 PM    201560   1861128     90.23    143624    842344    738112     28.55    983108    806844       292
12:01:16 PM    201664   1861024     90.22    143632    842384    738112     28.55    983044    806844       336
12:01:17 PM    201692   1860996     90.22    143632    842432    738112     28.55    983108    806844       384
12:01:18 PM    201524   1861164     90.23    143632    842480    738112     28.55    983156    806848       432
12:01:19 PM    201536   1861152     90.23    143632    842516    738112     28.55    983188    806844       472
12:01:20 PM    201536   1861152     90.23    143632    842556    738112     28.55    983224    806844       512
12:01:21 PM    201568   1861120     90.23    143632    842596    738112     28.55    983300    806848       552
12:01:22 PM    201568   1861120     90.23    143632    842652    738112     28.55    983308    806848       608
12:01:23 PM    201412   1861276     90.24    143632    842692    738112     28.55    983372    806844       648
12:01:24 PM    201320   1861368     90.24    143632    842732    738112     28.55    983416    806844       688
12:01:25 PM    201320   1861368     90.24    143632    842772    738112     28.55    983456    806844       728
12:01:26 PM    201288   1861400     90.24    143632    842828    738112     28.55    983516    806844       784
12:01:27 PM    201164   1861524     90.25    143632    842876    738112     28.55    983512    806852       832
12:01:28 PM    201152   1861536     90.25    143632    842924    738112     28.55    983600    806848       880
12:01:29 PM    201072   1861616     90.25    143632    843000    738112     28.55    983680    806848       956
12:01:30 PM    201048   1861640     90.25    143632    843040    738112     28.55    983748    806844       996
12:01:31 PM    201040   1861648     90.25    143632    843080    738112     28.55    983756    806836      1036
12:01:32 PM    200948   1861740     90.26    143632    843136    738112     28.55    983828    806836      1092
12:01:33 PM    200948   1861740     90.26    143632    843180    738112     28.55    983836    806840      1136
12:01:34 PM    200816   1861872     90.26    143632    843228    738112     28.55    983912    806836      1184
12:01:35 PM    200568   1862120     90.28    143632    843284    738112     28.55    984048    806844        12
12:01:36 PM    200560   1862128     90.28    143632    843332    738112     28.55    984044    806832       140
12:01:37 PM    200420   1862268     90.28    143632    843380    738112     28.55    984116    806832       188
12:01:38 PM    200576   1862112     90.28    143632    843412    738112     28.55    984148    806832       220
12:01:39 PM    200576   1862112     90.28    143632    843452    738112     28.55    984168    806832       260
12:01:40 PM    200544   1862144     90.28    143632    843492    738112     28.55    984332    806832       300
12:01:41 PM    200420   1862268     90.28    143636    843532    738112     28.55    984240    806836       344
12:01:42 PM    200328   1862360     90.29    143636    843576    738112     28.55    984336    806832       388
12:01:43 PM    200428   1862260     90.28    143636    843632    738112     28.55    984384    806832       444
12:01:44 PM    200296   1862392     90.29    143636    843672    738112     28.55    984432    806836       484
12:01:45 PM    200296   1862392     90.29    143636    843732    738112     28.55    984452    806836       548
12:01:46 PM    200288   1862400     90.29    143636    843768    738112     28.55    984540    806832       584
12:01:47 PM    199876   1862812     90.31    143636    843816    738112     28.55    984648    806832       632
12:01:48 PM    200156   1862532     90.30    143636    843860    738112     28.55    984832    806832       676
12:01:49 PM    200048   1862640     90.30    143636    843916    738112     28.55    984636    806832       732
12:01:50 PM    200048   1862640     90.30    143636    843972    738112     28.55    984692    806836       788
12:01:51 PM    199956   1862732     90.31    143636    844020    738112     28.55    984752    806832       836
12:01:52 PM    199956   1862732     90.31    143636    844072    738112     28.55    984796    806832       888
12:01:53 PM    199924   1862764     90.31    143636    844116    738112     28.55    984840    806832       932
12:01:54 PM    199956   1862732     90.31    143636    844164    738112     28.55    984896    806832       980
12:01:55 PM    199832   1862856     90.31    143636    844212    738112     28.55    984932    806832      1028
12:01:56 PM    199832   1862856     90.31    143636    844252    738112     28.55    984992    806824      1068
12:01:57 PM    199676   1863012     90.32    143636    844304    738112     28.55    985048    806820      1120
12:01:58 PM    199676   1863012     90.32    143636    844360    738112     28.55    985100    806820      1176
12:01:59 PM    199584   1863104     90.32    143636    844404    738112     28.55    985136    806828      1220
12:02:00 PM    199540   1863148     90.33    143636    844452    738112     28.55    985192    806828      1268
12:02:01 PM    199428   1863260     90.33    143636    844508    738112     28.55    985264    806820      1324
12:02:02 PM    199584   1863104     90.32    143636    844548    738112     28.55    985292    806820      1364
12:02:03 PM    199552   1863136     90.33    143636    844604    738112     28.55    985352    806824      1420
12:02:04 PM    199296   1863392     90.34    143636    844660    738112     28.55    985500    806820      1476
12:02:05 PM    199172   1863516     90.34    143640    844712    738112     28.55    985552    806828       576
12:02:06 PM    199328   1863360     90.34    143640    844752    738112     28.55    985588    806828       620
12:02:07 PM    199172   1863516     90.34    143640    844788    738112     28.55    985624    806828       656
12:02:08 PM    199048   1863640     90.35    143640    844832    738112     28.55    985668    806828       700
12:02:09 PM    199080   1863608     90.35    143640    844864    738112     28.55    985692    806828       732
12:02:10 PM    198956   1863732     90.35    143640    844916    738112     28.55    985756    806828       148
12:02:11 PM    198924   1863764     90.36    143640    844948    738112     28.55    985788    806824       256
12:02:12 PM    198924   1863764     90.36    143640    844996    738112     28.55    985832    806828       304
12:02:13 PM    198832   1863856     90.36    143640    845044    738112     28.55    985884    806824       352
12:02:14 PM    198808   1863880     90.36    143640    845084    738112     28.55    985832    806824       392
12:02:15 PM    198800   1863888     90.36    143640    845140    738112     28.55    985920    806828       444
12:02:16 PM    198792   1863896     90.36    143644    845172    738112     28.55    985916    806820       480
12:02:17 PM    198716   1863972     90.37    143644    845204    738112     28.55    985960    806820       512
12:02:18 PM    198840   1863848     90.36    143644    845216    738112     28.55    985992    806820       524
12:02:19 PM    198684   1864004     90.37    143644    845252    738112     28.55    986016    806824       560
12:02:20 PM    198716   1863972     90.37    143644    845268    738112     28.55    986036    806820       576
12:02:21 PM    198684   1864004     90.37    143644    845292    738112     28.55    986060    806820       600
12:02:22 PM    198648   1864040     90.37    143644    845312    738112     28.55    986092    806820       624
12:02:23 PM    198716   1863972     90.37    143644    845336    738112     28.55    986132    806820       648
12:02:24 PM    198560   1864128     90.37    143644    845360    738112     28.55    986136    806820       672
12:02:25 PM    198592   1864096     90.37    143644    845380    738112     28.55    986152    806820       692
12:02:26 PM    198560   1864128     90.37    143644    845408    738112     28.55    986188    806816       724
12:02:27 PM    198592   1864096     90.37    143644    845440    738112     28.55    986224    806820       756
12:02:28 PM    198468   1864220     90.38    143644    845464    738112     28.55    986240    806820       780
12:02:29 PM    198616   1864072     90.37    143644    845492    738112     28.55    986180    806820       808
Average:       201401   1861287     90.24    143627    842626    738112     28.55    983314    806848       715
