Linux 4.4.0-31-generic (ids-suricata) 	12/10/2017 	_i686_	(1 CPU)

01:22:45 AM kbmemfree kbmemused  %memused kbbuffers  kbcached  kbcommit   %commit  kbactive   kbinact   kbdirty
01:22:46 AM    145312   1917376     92.96     83544    918172    738944     28.59   1030048    823648       276
01:22:47 AM    145188   1917500     92.96     83544    918204    738944     28.59   1030108    823632       360
01:22:48 AM    145188   1917500     92.96     83544    918232    738944     28.59   1030148    823628       384
01:22:49 AM    145048   1917640     92.97     83544    918248    738944     28.59   1030164    823628       296
01:22:50 AM    145188   1917500     92.96     83544    918276    738944     28.59   1030192    823628       340
01:22:51 AM    145156   1917532     92.96     83544    918300    738944     28.59   1030216    823628       364
01:22:52 AM    139812   1922876     93.22     83552    918320    759484     29.38   1033412    823628       456
01:22:53 AM    139316   1923372     93.25     83552    918380    759484     29.38   1033504    823636       456
01:22:54 AM    139332   1923356     93.25     83552    918412    759484     29.38   1033552    823636       488
01:22:55 AM    139404   1923284     93.24     83552    918424    759484     29.38   1033540    823636       496
01:22:56 AM    139440   1923248     93.24     83552    918452    759484     29.38   1033588    823636       524
01:22:57 AM    139224   1923464     93.25     83552    918472    759484     29.38   1033612    823636       544
01:22:58 AM    139216   1923472     93.25     83552    918496    759484     29.38   1033636    823632       600
01:22:59 AM    139224   1923464     93.25     83552    918516    759484     29.38   1033664    823632       620
01:23:00 AM    139264   1923424     93.25     83552    918544    759484     29.38   1033720    823632       648
01:23:01 AM    139092   1923596     93.26     83552    918580    759484     29.38   1033756    823632       684
01:23:02 AM    139192   1923496     93.25     83560    918616    759484     29.38   1033804    823640       728
01:23:03 AM    139100   1923588     93.26     83560    918644    759484     29.38   1033852    823632       748
01:23:04 AM    139100   1923588     93.26     83560    918696    759484     29.38   1033880    823632       736
01:23:05 AM    139068   1923620     93.26     83560    918736    759484     29.38   1033916    823636       728
01:23:06 AM    138944   1923744     93.26     83560    918780    759484     29.38   1033968    823636       772
01:23:07 AM    138976   1923712     93.26     83564    918816    759484     29.38   1034024    823632       812
01:23:08 AM    138648   1924040     93.28     83564    918868    759484     29.38   1034072    823636       872
01:23:09 AM    138792   1923896     93.27     83568    918908    759484     29.38   1034148    823636       916
01:23:10 AM    138696   1923992     93.28     83568    918956    759484     29.38   1034236    823636       904
01:23:11 AM    138604   1924084     93.28     83568    919068    759484     29.38   1034328    823636      1016
01:23:12 AM    138352   1924336     93.29     83568    919068    759484     29.38   1034364    823636      1016
01:23:13 AM    138228   1924460     93.30     83568    919116    759484     29.38   1034420    823632      1080
01:23:14 AM    138292   1924396     93.30     83568    919220    759484     29.38   1034444    823632      1184
01:23:15 AM    138292   1924396     93.30     83568    919212    759484     29.38   1034544    823636      1176
01:23:16 AM    138136   1924552     93.30     83568    919256    759484     29.38   1034616    823628      1220
01:23:17 AM    138072   1924616     93.31     83576    919296    759484     29.38   1034640    823636      1268
01:23:18 AM    137980   1924708     93.31     83576    919360    759484     29.38   1034788    823628      1324
01:23:19 AM    137980   1924708     93.31     83576    919396    759484     29.38   1034808    823628       168
01:23:20 AM    137792   1924896     93.32     83576    919444    759484     29.38   1034884    823628       184
01:23:21 AM    137824   1924864     93.32     83576    919492    759484     29.38   1034932    823632       232
01:23:22 AM    137840   1924848     93.32     83580    919604    759484     29.38   1035048    823632       348
01:23:23 AM    137744   1924944     93.32     83580    919600    759484     29.38   1035148    823628       344
01:23:24 AM    137544   1925144     93.33     83580    919656    759484     29.38   1035116    823628       348
01:23:25 AM    137552   1925136     93.33     83580    919700    759484     29.38   1035112    823628       360
01:23:26 AM    137544   1925144     93.33     83580    919744    759484     29.38   1035224    823628       404
01:23:27 AM    137452   1925236     93.34     83588    919788    759484     29.38   1035300    823632       456
01:23:28 AM    137484   1925204     93.33     83588    919904    759484     29.38   1035372    823628       576
01:23:29 AM    137328   1925360     93.34     83588    919896    759484     29.38   1035436    823628       568
01:23:30 AM    137328   1925360     93.34     83588    919940    759484     29.38   1035456    823628       612
01:23:31 AM    137236   1925452     93.35     83588    919988    759484     29.38   1035560    823628       660
01:23:32 AM    137240   1925448     93.35     83596    920084    759484     29.38   1035680    823628       764
01:23:33 AM    137048   1925640     93.36     83596    920088    759484     29.38   1035680    823636       764
01:23:34 AM    136988   1925700     93.36     83596    920128    759484     29.38   1035728    823636       804
01:23:35 AM    136924   1925764     93.36     83596    920160    759484     29.38   1035780    823628       836
01:23:36 AM    136956   1925732     93.36     83596    920200    759484     29.38   1035836    823632       876
01:23:37 AM    136800   1925888     93.37     83596    920220    759484     29.38   1035828    823628       896
01:23:38 AM    136800   1925888     93.37     83596    920272    759484     29.38   1035916    823636       948
01:23:39 AM    136580   1926108     93.38     83596    920292    759484     29.38   1035956    823636       968
01:23:40 AM    136644   1926044     93.38     83596    920324    759484     29.38   1035996    823636      1000
01:23:41 AM    136708   1925980     93.37     83596    920356    759484     29.38   1035996    823636      1032
01:23:42 AM    136772   1925916     93.37     83604    920376    759484     29.38   1036020    823636      1060
01:23:43 AM    136772   1925916     93.37     83604    920412    759484     29.38   1036096    823640      1088
01:23:44 AM    136520   1926168     93.38     83604    920448    759484     29.38   1036136    823644        20
01:23:45 AM    136584   1926104     93.38     83604    920508    759484     29.38   1036196    823660       104
01:23:46 AM    136556   1926132     93.38     83604    920540    759484     29.38   1036244    823656       136
01:23:47 AM    136584   1926104     93.38     83612    920560    759484     29.38   1036260    823656       164
01:23:48 AM    136556   1926132     93.38     83612    920664    759484     29.38   1036304    823660       292
01:23:49 AM    136336   1926352     93.39     83612    920668    759484     29.38   1036316    823688       296
01:23:50 AM    136432   1926256     93.39     83612    920708    759484     29.38   1036392    823688       336
01:23:51 AM    136376   1926312     93.39     83612    920760    759484     29.38   1036636    823696       392
01:23:52 AM    136380   1926308     93.39     83612    920788    759484     29.38   1036508    823700       420
01:23:53 AM    136180   1926508     93.40     83612    920812    759484     29.38   1036460    823696       448
01:23:54 AM    136056   1926632     93.40     83612    920864    759484     29.38   1036476    823704       500
01:23:55 AM    136056   1926632     93.40     83612    920904    759484     29.38   1036556    823708       540
01:23:56 AM    136144   1926544     93.40     83612    920992    759484     29.38   1036596    823704       628
01:23:57 AM    136024   1926664     93.41     83612    920988    759484     29.38   1036616    823724       624
01:23:58 AM    136216   1926472     93.40     83612    921020    759484     29.38   1036600    823728       656
01:23:59 AM    136056   1926632     93.40     83612    921052    759484     29.38   1036724    823724       688
01:24:00 AM    136072   1926616     93.40     83612    921076    759484     29.38   1036752    823724       712
01:24:01 AM    135900   1926788     93.41     83612    921100    759484     29.38   1036764    823724       736
01:24:02 AM    135964   1926724     93.41     83616    921124    759484     29.38   1036760    823728       764
01:24:03 AM    135808   1926880     93.42     83616    921164    759484     29.38   1036848    823724       800
01:24:04 AM    135936   1926752     93.41     83616    921280    759484     29.38   1036848    823740       916
01:24:05 AM    135648   1927040     93.42     83616    921332    759484     29.38   1036928    823744       968
01:24:06 AM    135624   1927064     93.42     83616    921328    759484     29.38   1036980    823752       964
01:24:07 AM    135436   1927252     93.43     83620    921360    759484     29.38   1037020    823744      1000
01:24:08 AM    135528   1927160     93.43     83620    921396    759484     29.38   1037064    823744      1032
01:24:09 AM    135560   1927128     93.43     83620    921436    759484     29.38   1037072    823748        20
01:24:10 AM    135436   1927252     93.43     83620    921476    759484     29.38   1037116    823744        80
01:24:11 AM    135312   1927376     93.44     83620    921516    759484     29.38   1037200    823744       124
01:24:12 AM    135500   1927188     93.43     83628    921616    759484     29.38   1037228    823744       232
01:24:13 AM    135312   1927376     93.44     83628    921652    759484     29.38   1037304    823784       312
01:24:14 AM    135316   1927372     93.44     83628    921688    759484     29.38   1037296    823780       336
01:24:15 AM    135220   1927468     93.44     83628    921736    759484     29.38   1037380    823784       384
01:24:16 AM    135036   1927652     93.45     83628    921780    759484     29.38   1037448    823784       428
01:24:17 AM    135096   1927592     93.45     83636    921820    759484     29.38   1037440    823784       476
01:24:18 AM    135004   1927684     93.45     83636    921912    759484     29.38   1037512    823784       560
01:24:19 AM    135096   1927592     93.45     83636    921912    759484     29.38   1037564    823788       560
01:24:20 AM    135040   1927648     93.45     83636    921948    759484     29.38   1037780    823792       596
01:24:21 AM    135096   1927592     93.45     83636    921996    759484     29.38   1037616    823788       644
01:24:22 AM    134940   1927748     93.46     83636    922044    759484     29.38   1037660    823796       692
01:24:23 AM    135004   1927684     93.45     83636    922092    759484     29.38   1037688    823788       740
01:24:24 AM    134972   1927716     93.46     83636    922132    759484     29.38   1037784    823784       780
01:24:25 AM    134752   1927936     93.47     83636    922172    759484     29.38   1037800    823784       820
01:24:26 AM    134784   1927904     93.47     83636    922208    759484     29.38   1037800    823784       856
01:24:27 AM    134944   1927744     93.46     83636    922252    759484     29.38   1037880    823788       900
01:24:28 AM    134660   1928028     93.47     83640    922292    759484     29.38   1037916    823784       940
01:24:29 AM    134724   1927964     93.47     83640    922344    759484     29.38   1037980    823784       992
01:24:30 AM    134604   1928084     93.47     83640    922388    759484     29.38   1038024    823784      1036
01:24:31 AM    134508   1928180     93.48     83640    922512    759484     29.38   1038060    823788      1160
01:24:32 AM    134436   1928252     93.48     83640    922504    759484     29.38   1038252    823796      1152
01:24:33 AM    134480   1928208     93.48     83644    922540    759484     29.38   1038200    823796      1188
01:24:34 AM    134576   1928112     93.48     83644    922588    759484     29.38   1038248    823796        16
01:24:35 AM    134484   1928204     93.48     83644    922640    759484     29.38   1038300    823800       112
01:24:36 AM    134516   1928172     93.48     83644    922748    759484     29.38   1038396    823800       180
01:24:37 AM    134384   1928304     93.49     83644    922756    759484     29.38   1038436    823796       188
01:24:38 AM    134264   1928424     93.49     83644    922808    759484     29.38   1038508    823800       272
01:24:39 AM    134076   1928612     93.50     83644    922932    759484     29.38   1038536    823796       396
01:24:40 AM    134044   1928644     93.50     83644    922948    759484     29.38   1038560    823824       412
01:24:41 AM    134044   1928644     93.50     83644    922992    759484     29.38   1038656    823824       456
01:24:42 AM    133888   1928800     93.51     83644    923032    759484     29.38   1038640    823832       496
01:24:43 AM    133892   1928796     93.51     83648    923068    759484     29.38   1038676    823828       536
01:24:44 AM    133892   1928796     93.51     83648    923112    759484     29.38   1038748    823828       580
01:24:45 AM    133828   1928860     93.51     83648    923148    759484     29.38   1038800    823824       616
01:24:46 AM    133744   1928944     93.52     83648    923188    759484     29.38   1038848    823824       656
01:24:47 AM    133916   1928772     93.51     83648    923224    759484     29.38   1038844    823824       692
01:24:48 AM    133728   1928960     93.52     83656    923320    759484     29.38   1038972    823828       788
01:24:49 AM    133688   1929000     93.52     83656    923336    759484     29.38   1039084    823836       804
01:24:50 AM    133776   1928912     93.51     83656    923388    759484     29.38   1039096    823836       856
01:24:51 AM    133548   1929140     93.53     83656    923440    759484     29.38   1039024    823840       908
01:24:52 AM    133548   1929140     93.53     83656    923484    759484     29.38   1039104    823840       952
01:24:53 AM    133548   1929140     93.53     83664    923584    759484     29.38   1039164    823836      1052
01:24:54 AM    133360   1929328     93.53     83664    923604    759484     29.38   1039188    823872      1072
01:24:55 AM    133300   1929388     93.54     83664    923648    759484     29.38   1039236    823880      1116
01:24:56 AM    133300   1929388     93.54     83664    923688    759484     29.38   1039284    823872      1156
01:24:57 AM    133332   1929356     93.54     83664    923720    759484     29.38   1039332    823872      1188
01:24:58 AM    133300   1929388     93.54     83664    923768    759484     29.38   1039364    823872      1236
01:24:59 AM    133400   1929288     93.53     83676    923796    759484     29.38   1039416    823872        56
01:25:00 AM    133112   1929576     93.55     83676    923848    759484     29.38   1039472    823868        48
01:25:01 AM    132740   1929948     93.56     83676    923936    759484     29.38   1039528    823868       156
01:25:02 AM    133000   1929688     93.55     83676    923944    759484     29.38   1039532    823900       172
01:25:03 AM    132976   1929712     93.55     83680    923980    759484     29.38   1039572    823900       260
01:25:04 AM    133160   1929528     93.54     83680    923996    759484     29.38   1039524    823900       296
01:25:05 AM    133120   1929568     93.55     83680    924032    759484     29.38   1039448    823904       336
Average:       136479   1926209     93.38     83610    920977    758604     29.35   1036360    823720       632
Linux 4.4.0-31-generic (ids-suricata) 	12/10/2017 	_i686_	(1 CPU)

05:13:19 AM kbmemfree kbmemused  %memused kbbuffers  kbcached  kbcommit   %commit  kbactive   kbinact   kbdirty
05:13:20 AM    161280   1901408     92.18     67184    937720    739708     28.62   1020420    816212       260
05:13:21 AM    161188   1901500     92.19     67184    937748    739708     28.62   1020464    816212       292
05:13:22 AM    161032   1901656     92.19     67184    937772    739708     28.62   1020496    816208       316
05:13:23 AM    160940   1901748     92.20     67192    937812    739708     28.62   1020532    816216       364
05:13:24 AM    161064   1901624     92.19     67192    937852    739708     28.62   1020580    816208       332
05:13:25 AM    161032   1901656     92.19     67192    937872    739708     28.62   1020600    816208       352
05:13:26 AM    155704   1906984     92.45     67192    937892    759616     29.39   1023828    816208       372
05:13:27 AM    155216   1907472     92.48     67192    937936    759616     29.39   1023976    816216       424
05:13:28 AM    155076   1907612     92.48     67200    937952    759616     29.39   1024016    816216       448
05:13:29 AM    155216   1907472     92.48     67200    937976    759616     29.39   1024036    816216       496
05:13:30 AM    155076   1907612     92.48     67200    938004    759616     29.39   1024072    816216       524
05:13:31 AM    154968   1907720     92.49     67200    938028    759616     29.39   1024096    816216       548
05:13:32 AM    154992   1907696     92.49     67200    938060    759616     29.39   1024096    816216       580
05:13:33 AM    154960   1907728     92.49     67208    938072    759616     29.39   1024064    816216       600
05:13:34 AM    155116   1907572     92.48     67208    938108    759616     29.39   1024096    816216       608
05:13:35 AM    154960   1907728     92.49     67208    938148    759616     29.39   1024132    816220       648
05:13:36 AM    155116   1907572     92.48     67208    938160    759616     29.39   1024156    816216       660
05:13:37 AM    154928   1907760     92.49     67208    938196    759616     29.39   1024200    816216       700
05:13:38 AM    154928   1907760     92.49     67216    938236    759616     29.39   1024252    816216       748
05:13:39 AM    154804   1907884     92.50     67216    938292    759616     29.39   1024320    816216       796
05:13:40 AM    154772   1907916     92.50     67216    938336    759616     29.39   1024364    816220       840
05:13:41 AM    154664   1908024     92.50     67216    938376    759616     29.39   1024428    816216       880
05:13:42 AM    154680   1908008     92.50     67216    938416    759616     29.39   1024452    816220       920
05:13:43 AM    154648   1908040     92.50     67216    938456    759616     29.39   1024552    816220       960
05:13:44 AM    154556   1908132     92.51     67220    938508    759616     29.39   1024592    816216      1012
05:13:45 AM    154524   1908164     92.51     67220    938556    759616     29.39   1024688    816220      1060
05:13:46 AM    154392   1908296     92.52     67220    938612    759616     29.39   1024780    816216      1116
05:13:47 AM    154368   1908320     92.52     67220    938664    759616     29.39   1024756    816216      1168
05:13:48 AM    154180   1908508     92.53     67220    938704    759616     29.39   1024844    816216       644
05:13:49 AM    154212   1908476     92.52     67220    938752    759616     29.39   1024948    816212       640
05:13:50 AM    154120   1908568     92.53     67220    938864    759616     29.39   1025008    816216       752
05:13:51 AM    153900   1908788     92.54     67220    938920    759616     29.39   1025080    816220       808
05:13:52 AM    153904   1908784     92.54     67220    938916    759616     29.39   1025156    816212       804
05:13:53 AM    153840   1908848     92.54     67236    938944    759616     29.39   1025180    816212       296
05:13:54 AM    153616   1909072     92.55     67240    939048    759616     29.39   1025352    816200       456
05:13:55 AM    153624   1909064     92.55     67240    939088    759616     29.39   1025388    816224       496
05:13:56 AM    153712   1908976     92.55     67240    939140    759616     29.39   1025456    816228       548
05:13:57 AM    153492   1909196     92.56     67240    939192    759616     29.39   1025520    816228       600
05:13:58 AM    153364   1909324     92.56     67240    939244    759616     29.39   1025640    816232       548
05:13:59 AM    153432   1909256     92.56     67248    939332    759616     29.39   1025612    816232       616
05:14:00 AM    153284   1909404     92.57     67248    939364    759616     29.39   1025648    816244       648
05:14:01 AM    153344   1909344     92.57     67248    939404    759616     29.39   1025700    816248       688
05:14:02 AM    153152   1909536     92.58     67248    939456    759616     29.39   1025780    816244       740
05:14:03 AM    153160   1909528     92.57     67248    939504    759616     29.39   1025836    816248       788
05:14:04 AM    152940   1909748     92.59     67256    939564    759616     29.39   1025928    816244       852
05:14:05 AM    153036   1909652     92.58     67256    939604    759616     29.39   1025980    816244       892
05:14:06 AM    152972   1909716     92.58     67256    939652    759616     29.39   1026040    816244       940
05:14:07 AM    152944   1909744     92.59     67256    939740    759616     29.39   1026108    816272      1028
05:14:08 AM    152756   1909932     92.59     67256    939772    759616     29.39   1026168    816264      1060
05:14:09 AM    152724   1909964     92.60     67260    939800    759616     29.39   1026244    816264      1072
05:14:10 AM    152724   1909964     92.60     67260    939844    759616     29.39   1026296    816264      1116
05:14:11 AM    152696   1909992     92.60     67260    939876    759616     29.39   1026324    816264      1148
05:14:12 AM    152568   1910120     92.60     67260    939912    759616     29.39   1026388    816264      1184
05:14:13 AM    152444   1910244     92.61     67260    939944    759616     29.39   1026432    816264      1220
05:14:14 AM    152476   1910212     92.61     67264    939972    759616     29.39   1026476    816264      1252
05:14:15 AM    152416   1910272     92.61     67264    939992    759616     29.39   1026524    816264      1272
05:14:16 AM    152380   1910308     92.61     67264    940028    759616     29.39   1026512    816268      1308
05:14:17 AM    152636   1910052     92.60     67264    940056    759616     29.39   1026580    816268      1336
05:14:18 AM    152444   1910244     92.61     67264    940084    759616     29.39   1026620    816264        64
05:14:19 AM    152352   1910336     92.61     67268    940108    759616     29.39   1026648    816268       120
05:14:20 AM    152228   1910460     92.62     67268    940148    759616     29.39   1026720    816268       172
05:14:21 AM    152228   1910460     92.62     67268    940172    759616     29.39   1026768    816264       196
05:14:22 AM    152228   1910460     92.62     67268    940208    759616     29.39   1026784    816268       232
05:14:23 AM    152228   1910460     92.62     67268    940240    759616     29.39   1026776    816268       264
05:14:24 AM    152324   1910364     92.62     67272    940268    759616     29.39   1026840    816268       296
05:14:25 AM    152128   1910560     92.62     67272    940300    759616     29.39   1026956    816268       324
05:14:26 AM    152152   1910536     92.62     67272    940320    759616     29.39   1027004    816264       344
05:14:27 AM    152200   1910488     92.62     67272    940368    759616     29.39   1026896    816276       392
05:14:28 AM    151980   1910708     92.63     67272    940392    759616     29.39   1026956    816268       416
05:14:29 AM    151792   1910896     92.64     67276    940420    759616     29.39   1026988    816268       448
05:14:30 AM    152048   1910640     92.63     67276    940444    759616     29.39   1027020    816272       472
05:14:31 AM    151924   1910764     92.63     67276    940480    759616     29.39   1027044    816272       508
05:14:32 AM    151956   1910732     92.63     67276    940500    759616     29.39   1027060    816268       528
05:14:33 AM    151768   1910920     92.64     67276    940528    759616     29.39   1027100    816268       556
05:14:34 AM    151800   1910888     92.64     67284    940548    759616     29.39   1027136    816264       584
05:14:35 AM    151832   1910856     92.64     67284    940592    759616     29.39   1027168    816268       620
05:14:36 AM    151960   1910728     92.63     67284    940624    759616     29.39   1027200    816272       652
05:14:37 AM    151828   1910860     92.64     67284    940660    759616     29.39   1027224    816264       688
05:14:38 AM    151640   1911048     92.65     67284    940696    759616     29.39   1027276    816272       724
05:14:39 AM    151904   1910784     92.64     67288    940732    759616     29.39   1027296    816268       764
05:14:40 AM    151696   1910992     92.65     67288    940784    759616     29.39   1027408    816272       812
05:14:41 AM    151460   1911228     92.66     67288    940820    759616     29.39   1027452    816268       848
05:14:42 AM    151380   1911308     92.66     67288    940848    759616     29.39   1027476    816268       876
05:14:43 AM    151456   1911232     92.66     67288    940912    759616     29.39   1027520    816268         0
05:14:44 AM    151428   1911260     92.66     67296    940936    759616     29.39   1027656    816272       124
05:14:45 AM    151296   1911392     92.67     67296    940976    759616     29.39   1027696    816272       180
05:14:46 AM    151220   1911468     92.67     67296    941012    759616     29.39   1027744    816272       216
05:14:47 AM    151204   1911484     92.67     67296    941052    759616     29.39   1027780    816276       256
05:14:48 AM    151156   1911532     92.67     67296    941080    759616     29.39   1027840    816276       284
05:14:49 AM    150988   1911700     92.68     67296    941132    759616     29.39   1027848    816272       340
05:14:50 AM    151036   1911652     92.68     67296    941180    759616     29.39   1027924    816264       388
05:14:51 AM    150864   1911824     92.69     67296    941224    759616     29.39   1027936    816264       432
05:14:52 AM    150944   1911744     92.68     67296    941272    759616     29.39   1027980    816264       480
05:14:53 AM    150936   1911752     92.68     67296    941328    759616     29.39   1028044    816264       536
05:14:54 AM    150824   1911864     92.69     67304    941368    759616     29.39   1028280    816268       584
05:14:55 AM    150856   1911832     92.69     67304    941420    759616     29.39   1028096    816264       628
05:14:56 AM    150736   1911952     92.69     67304    941472    759616     29.39   1028100    816268       680
05:14:57 AM    150716   1911972     92.69     67304    941520    759616     29.39   1028144    816264       728
05:14:58 AM    150764   1911924     92.69     67304    941552    759616     29.39   1028144    816264       760
05:14:59 AM    150592   1912096     92.70     67304    941604    759616     29.39   1028232    816264       812
05:15:00 AM    150624   1912064     92.70     67304    941640    759616     29.39   1028280    816264       848
05:15:01 AM    150652   1912036     92.70     67304    941688    759616     29.39   1028320    816268       896
05:15:02 AM    150592   1912096     92.70     67304    941728    759616     29.39   1028364    816264       944
05:15:03 AM    150468   1912220     92.71     67304    941772    759616     29.39   1028412    816264       988
05:15:04 AM    150436   1912252     92.71     67308    941812    759616     29.39   1028456    816264      1032
05:15:05 AM    150312   1912376     92.71     67308    941860    759616     29.39   1028468    816264      1104
05:15:06 AM    150472   1912216     92.71     67308    941912    759616     29.39   1028548    816268      1156
05:15:07 AM    150444   1912244     92.71     67308    941952    759616     29.39   1028608    816264      1196
05:15:08 AM    150220   1912468     92.72     67308    942000    759616     29.39   1028632    816268      1244
05:15:09 AM    150500   1912188     92.70     67312    942044    759616     29.39   1028704    816268      1292
05:15:10 AM    150208   1912480     92.72     67312    942096    759616     29.39   1028740    816264      1340
05:15:11 AM    150244   1912444     92.72     67312    942128    759616     29.39   1028780    816264      1372
05:15:12 AM    150192   1912496     92.72     67312    942176    759616     29.39   1028856    816276      1420
05:15:13 AM    150096   1912592     92.72     67312    942228    759616     29.39   1028892    816264       612
05:15:14 AM    150064   1912624     92.72     67316    942260    759616     29.39   1028932    816264       632
05:15:15 AM    149980   1912708     92.73     67316    942312    759616     29.39   1028916    816264       692
05:15:16 AM    150036   1912652     92.73     67316    942352    759616     29.39   1029052    816268       732
05:15:17 AM    149928   1912760     92.73     67316    942388    759616     29.39   1029044    816264       768
05:15:18 AM    149788   1912900     92.74     67316    942428    759616     29.39   1029128    816268       204
05:15:19 AM    149868   1912820     92.73     67324    942460    759616     29.39   1029160    816264       264
05:15:20 AM    149848   1912840     92.74     67324    942504    759616     29.39   1029196    816268       296
05:15:21 AM    149740   1912948     92.74     67324    942536    759616     29.39   1029244    816264       328
05:15:22 AM    149692   1912996     92.74     67324    942580    759616     29.39   1029288    816268       372
05:15:23 AM    149620   1913068     92.75     67324    942616    759616     29.39   1029544    816268       408
05:15:24 AM    149628   1913060     92.75     67328    942656    759616     29.39   1029376    816264       456
05:15:25 AM    149848   1912840     92.74     67328    942696    759616     29.39   1029368    816260       496
05:15:26 AM    149692   1912996     92.74     67328    942732    759616     29.39   1029404    816260       532
05:15:27 AM    149504   1913184     92.75     67328    942760    759616     29.39   1029416    816264       560
05:15:28 AM    149632   1913056     92.75     67328    942812    759616     29.39   1029472    816268       612
05:15:29 AM    149564   1913124     92.75     67328    942848    759616     29.39   1029560    816260       648
05:15:30 AM    149440   1913248     92.76     67328    942888    759616     29.39   1029580    816256       688
05:15:31 AM    149504   1913184     92.75     67328    942928    759616     29.39   1029624    816256       728
05:15:32 AM    149440   1913248     92.76     67328    942964    759616     29.39   1029656    816260       764
05:15:33 AM    149316   1913372     92.76     67328    943020    759616     29.39   1029712    816264       820
05:15:34 AM    149412   1913276     92.76     67336    943052    759616     29.39   1029780    816256       852
05:15:35 AM    149288   1913400     92.76     67336    943092    759616     29.39   1029800    816256       884
05:15:36 AM    149260   1913428     92.76     67336    943128    759616     29.39   1029828    816260       920
05:15:37 AM    149308   1913380     92.76     67336    943172    759616     29.39   1029872    816260       964
05:15:38 AM    149396   1913292     92.76     67336    943188    759616     29.39   1029788    816260       980
05:15:39 AM    149408   1913280     92.76     67344    943212    759616     29.39   1029760    816264      1012
Average:       152374   1910314     92.61     67271    940445    758763     29.35   1026768    816251       680
