Linux 4.4.0-31-generic (ids-suricata) 	01/15/2018 	_i686_	(1 CPU)

12:27:54 PM kbmemfree kbmemused  %memused kbbuffers  kbcached  kbcommit   %commit  kbactive   kbinact   kbdirty
12:27:55 PM    458220   1604468     77.79     63448    518056    985504     38.13    707700    827476       656
12:27:56 PM    458064   1604624     77.79     63448    518080    985504     38.13    707752    827460       680
12:27:57 PM    458096   1604592     77.79     63448    518108    985504     38.13    707784    827456       708
12:27:58 PM    457972   1604716     77.80     63448    518136    985504     38.13    707808    827456       736
12:27:59 PM    457816   1604872     77.80     63452    518156    985504     38.13    707836    827460       268
12:28:00 PM    456484   1606204     77.87     63452    518188    985504     38.13    709428    827456       304
12:28:01 PM    453012   1609676     78.04     63452    518244    985504     38.13    712908    827460       364
12:28:02 PM    450036   1612652     78.18     63452    518300    985504     38.13    716232    827460       420
12:28:03 PM    446780   1615908     78.34     63460    518336    985504     38.13    719452    827464       464
12:28:04 PM    443216   1619472     78.51     63460    518400    985504     38.13    722784    827464       556
12:28:05 PM    440704   1621984     78.63     63460    518480    985504     38.13    725276    827456       636
12:28:06 PM    437108   1625580     78.81     63460    518516    985504     38.13    728724    827456       672
12:28:07 PM    434148   1628540     78.95     63460    518568    985504     38.13    731856    827456       724
12:28:08 PM    430304   1632384     79.14     63464    518608    985504     38.13    735940    827456       768
12:28:09 PM    426708   1635980     79.31     63464    518676    985504     38.13    739224    827456       840
12:28:10 PM    423204   1639484     79.48     63464    518744    985504     38.13    742632    827464       908
12:28:11 PM    418648   1644040     79.70     63464    518864    985504     38.13    747232    827452      1028
12:28:12 PM    411424   1651264     80.05     63464    518896    985504     38.13    754472    827456      1060
12:28:13 PM    405596   1657092     80.34     63472    518976    985504     38.13    760592    827456      1148
12:28:14 PM    399180   1663508     80.65     63472    519056    985504     38.13    766728    827452      1220
12:28:15 PM    395788   1666900     80.81     63472    519132    985504     38.13    770096    827452      1296
12:28:16 PM    390500   1672188     81.07     63472    519200    985504     38.13    775444    827452      1364
12:28:17 PM    385260   1677428     81.32     63472    519288    985504     38.13    780440    827456      1452
12:28:18 PM    379340   1683348     81.61     63476    519376    985504     38.13    786412    827456      1544
12:28:19 PM    373348   1689340     81.90     63476    519428    985504     38.13    792448    827452       512
12:28:20 PM    367024   1695664     82.21     63476    519564    985504     38.13    798880    827448       600
12:28:21 PM    363832   1698856     82.36     63476    519584    985504     38.13    802212    827448       620
12:28:22 PM    358872   1703816     82.60     63476    519656    985504     38.13    806836    827448       692
12:28:23 PM    353880   1708808     82.84     63484    519772    985504     38.13    812120    827452       764
12:28:24 PM    348704   1713984     83.09     63484    519848    985504     38.13    817000    827452       888
12:28:25 PM    344860   1717828     83.28     63484    519856    985504     38.13    821096    827452       880
12:28:26 PM    338040   1724648     83.61     63484    519996    985504     38.13    828060    827456      1020
12:28:27 PM    336552   1726136     83.68     63484    519996    985504     38.13    829456    827452      1020
12:28:28 PM    333172   1729516     83.85     63488    520044    985504     38.13    832684    827448      1072
12:28:29 PM    328964   1733724     84.05     63488    520112    985504     38.13    836888    827444       596
12:28:30 PM    325864   1736824     84.20     63488    520172    985504     38.13    839956    827448       664
12:28:31 PM    319076   1743612     84.53     63488    520220    985504     38.13    847004    827444       732
12:28:32 PM    312844   1749844     84.83     63488    520304    985504     38.13    852980    827448       816
12:28:33 PM    307172   1755516     85.11     63488    520372    985504     38.13    858744    827448       884
12:28:34 PM    301096   1761592     85.40     63488    520424    985504     38.13    864792    827448       884
12:28:35 PM    294648   1768040     85.72     63488    520556    985504     38.13    871260    827448       984
12:28:36 PM    288440   1774248     86.02     63488    520568    985504     38.13    877540    827448      1000
12:28:37 PM    284356   1778332     86.21     63488    520644    985504     38.13    881608    827452      1076
12:28:38 PM    280512   1782176     86.40     63492    520696    985504     38.13    885452    827448      1132
12:28:39 PM    272824   1789864     86.77     63492    520780    985504     38.13    892852    827444      1228
12:28:40 PM    267244   1795444     87.04     63492    520848    985504     38.13    898596    827444      1296
12:28:41 PM    262148   1800540     87.29     63492    520932    985504     38.13    903796    827448      1380
12:28:42 PM    255804   1806884     87.60     63492    521004    985504     38.13    910032    827456      1452
12:28:43 PM    250380   1812308     87.86     63496    521064    985504     38.13    915552    827448      1516
12:28:44 PM    244428   1818260     88.15     63496    521152    985504     38.13    921408    827440      1604
12:28:45 PM    237452   1825236     88.49     63496    521228    985504     38.13    927844    827440      1680
12:28:46 PM    231376   1831312     88.78     63496    521296    985504     38.13    933984    827444      1748
12:28:47 PM    228260   1834428     88.93     63496    521360    985504     38.13    937676    827440      1812
12:28:48 PM    221564   1841124     89.26     63504    521400    985504     38.13    944080    827444      1860
12:28:49 PM    216496   1846192     89.50     63504    521488    985504     38.13    949104    827444       416
12:28:50 PM    212560   1850128     89.69     63504    521540    985504     38.13    953356    827444       428
12:28:51 PM    205616   1857072     90.03     63504    521600    985504     38.13    959900    827440       488
12:28:52 PM    202856   1859832     90.17     63504    521672    985504     38.13    962708    827448       560
12:28:53 PM    197648   1865040     90.42     63508    521724    985504     38.13    968072    827444       616
12:28:54 PM    192720   1869968     90.66     63508    521784    985504     38.13    972760    827440       680
12:28:55 PM    187604   1875084     90.90     63508    521860    985504     38.13    978112    827440       756
12:28:56 PM    181312   1881376     91.21     63508    521916    985504     38.13    984376    827440       812
12:28:57 PM    174492   1888196     91.54     63508    522056    985504     38.13    990900    827440       952
12:28:58 PM    169780   1892908     91.77     63512    522092    985504     38.13    995704    827448       992
12:28:59 PM    164076   1898612     92.05     63512    522160    985504     38.13   1001348    827448      1056
12:29:00 PM    157720   1904968     92.35     63512    522220    985504     38.13   1007592    827440      1116
12:29:01 PM    152388   1910300     92.61     63512    522340    985504     38.13   1012896    827440      1236
12:29:02 PM    149940   1912748     92.73     63512    522420    985504     38.13   1015392    827440      1316
12:29:03 PM    148576   1914112     92.80     63516    522448    985504     38.13   1016708    827444      1348
12:29:04 PM    144824   1917864     92.98     63516    522552    985504     38.13   1020480    827436       868
12:29:05 PM    138036   1924652     93.31     63516    522648    985504     38.13   1027252    827436       988
12:29:06 PM    137136   1925552     93.35     63516    522712    985504     38.13   1028188    827436      1072
12:29:07 PM    136516   1926172     93.38     63516    522796    985504     38.13   1028760    827440      1156
12:29:08 PM    136160   1926528     93.40     63524    522860    985504     38.13   1028876    827436      1228
12:29:09 PM    136144   1926544     93.40     63524    522940    985504     38.13   1028964    827436      1256
12:29:10 PM    133540   1929148     93.53     63524    522992    985504     38.13   1031676    827436      1284
12:29:11 PM    132796   1929892     93.56     63524    523108    985504     38.13   1032480    827436      1400
12:29:12 PM    129496   1933192     93.72     63524    523268    985504     38.13   1035768    827440      1564
12:29:13 PM    129124   1933564     93.74     63528    523336    985504     38.13   1035948    827464      1636
12:29:14 PM    123388   1939300     94.02     63528    523440    985504     38.13   1041920    827472      1752
12:29:15 PM    123008   1939680     94.04     63528    523492    985504     38.13   1041972    827460      1804
12:29:16 PM    123048   1939640     94.03     63528    523616    985504     38.13   1042108    827460      1928
12:29:17 PM    122784   1939904     94.05     63528    523728    985504     38.13   1042164    827464      2040
12:29:18 PM    122784   1939904     94.05     63536    523800    985504     38.13   1042320    827468      2120
12:29:19 PM    122504   1940184     94.06     63536    523896    985504     38.13   1042424    827468      2216
12:29:20 PM    122496   1940192     94.06     63536    523948    985504     38.13   1042412    827464      2268
12:29:21 PM    122504   1940184     94.06     63536    524068    985504     38.13   1042548    827468      2388
12:29:22 PM    122404   1940284     94.07     63536    524172    985504     38.13   1042692    827464      2492
12:29:23 PM    122412   1940276     94.07     63536    524256    985504     38.13   1042708    827468      2576
12:29:24 PM    122256   1940432     94.07     63536    524276    985504     38.13   1042788    827464       428
12:29:25 PM    122256   1940432     94.07     63536    524380    985504     38.13   1042888    827460       492
12:29:26 PM    122164   1940524     94.08     63536    524484    985504     38.13   1042952    827464       596
12:29:27 PM    122008   1940680     94.08     63536    524572    985504     38.13   1043048    827464       684
12:29:28 PM    120056   1942632     94.18     63540    524652    985504     38.13   1045268    827460       768
12:29:29 PM    117824   1944864     94.29     63540    524744    985504     38.13   1047504    827468       868
12:29:30 PM    117452   1945236     94.31     63540    524832    985504     38.13   1047588    827476       956
12:29:31 PM    117420   1945268     94.31     63540    524864    985504     38.13   1047656    827468       988
12:29:32 PM    117328   1945360     94.31     63540    524976    985504     38.13   1047736    827468      1100
12:29:33 PM    117204   1945484     94.32     63544    525060    985504     38.13   1047820    827468      1188
12:29:34 PM    115592   1947096     94.40     63544    525156    985504     38.13   1049660    827472      1280
12:29:35 PM    115344   1947344     94.41     63544    525256    985504     38.13   1049732    827468      1380
12:29:36 PM    115220   1947468     94.41     63544    525372    985504     38.13   1049808    827468      1496
12:29:37 PM    115220   1947468     94.41     63544    525460    985504     38.13   1049968    827468      1584
12:29:38 PM    115096   1947592     94.42     63548    525568    985504     38.13   1050024    827468      1696
12:29:39 PM    114972   1947716     94.43     63548    525656    985504     38.13   1050096    827468      1208
12:29:40 PM    114848   1947840     94.43     63548    525728    985504     38.13   1050204    827468      1344
12:29:41 PM    114816   1947872     94.43     63548    525824    985504     38.13   1050316    827468      1412
12:29:42 PM    114724   1947964     94.44     63548    525924    985504     38.13   1050396    827472      1512
12:29:43 PM    114592   1948096     94.44     63552    526036    985504     38.13   1050504    827468      1628
12:29:44 PM    114476   1948212     94.45     63552    526152    985504     38.13   1050656    827472      1696
12:29:45 PM    114352   1948336     94.46     63552    526256    985504     38.13   1050752    827468      1764
12:29:46 PM    114104   1948584     94.47     63552    526384    985504     38.13   1050848    827468      1892
12:29:47 PM    113700   1948988     94.49     63552    526464    985504     38.13   1051448    827468      1972
12:29:48 PM    113328   1949360     94.51     63560    526532    985504     38.13   1051592    827468      2048
12:29:49 PM    160356   1902332     92.23     52128    489928    985504     38.13    996580    836056      2152
12:29:50 PM    156268   1906420     92.42     52128    490064    985504     38.13   1000700    835984      2272
12:29:51 PM    156012   1906676     92.44     52128    490152    985504     38.13   1000856    835972      2360
12:29:52 PM    154616   1908072     92.50     52128    490184    985504     38.13   1002500    835968      2392
12:29:53 PM    154496   1908192     92.51     52132    490348    985504     38.13   1002584    835968      2560
12:29:54 PM    152752   1909936     92.59     52132    490440    985504     38.13   1004188    835968      2652
12:29:55 PM    150264   1912424     92.72     52132    490504    985504     38.13   1006660    835968      2716
12:29:56 PM    150036   1912652     92.73     52132    490600    985504     38.13   1006884    835968      2812
12:29:57 PM    150108   1912580     92.72     52132    490672    985504     38.13   1006884    835968      2884
12:29:58 PM    150024   1912664     92.73     52140    490780    985504     38.13   1006904    835968      3000
12:29:59 PM    149712   1912976     92.74     52140    490880    985504     38.13   1007024    835968       400
12:30:00 PM    149652   1913036     92.74     52140    490908    985504     38.13   1007056    835976       464
12:30:01 PM    149620   1913068     92.75     52140    490940    985504     38.13   1007112    835968       496
12:30:02 PM    149528   1913160     92.75     52140    490988    985504     38.13   1007152    835976       544
12:30:03 PM    149460   1913228     92.75     52144    491048    985504     38.13   1007212    835968       608
12:30:04 PM    149464   1913224     92.75     52144    491068    985504     38.13   1007244    835968       632
12:30:05 PM    149496   1913192     92.75     52144    491108    985504     38.13   1007320    835972       672
12:30:06 PM    149464   1913224     92.75     52144    491156    985504     38.13   1007336    835968       720
12:30:07 PM    149496   1913192     92.75     52144    491200    985504     38.13   1007380    835968       764
12:30:08 PM    149464   1913224     92.75     52148    491236    985504     38.13   1007420    835968       804
12:30:09 PM    149372   1913316     92.76     52148    491280    985504     38.13   1007464    835968       844
12:30:10 PM    149216   1913472     92.77     52148    491316    985504     38.13   1007504    835968       880
12:30:11 PM    149092   1913596     92.77     52148    491348    985504     38.13   1007548    835968       912
12:30:12 PM    149124   1913564     92.77     52148    491396    985504     38.13   1007580    835972       960
12:30:13 PM    149240   1913448     92.76     52156    491504    985504     38.13   1007612    835976      1076
12:30:14 PM    149256   1913432     92.76     52156    491512    985504     38.13   1007544    835972       520
Average:       224908   1837780     89.10     61394    516096    985504     38.13    939012    829037      1201
