Linux 4.4.0-31-generic (dpi-suricata) 	01/15/2018 	_i686_	(4 CPU)

11:44:50 AM kbmemfree kbmemused  %memused kbbuffers  kbcached  kbcommit   %commit  kbactive   kbinact   kbdirty
11:44:51 AM   3164708   1071700     25.30     29692    178016    763020     16.03    961076     52348       928
11:44:52 AM   3164180   1072228     25.31     29692    178072    767156     16.12    961388     52332      1032
11:44:53 AM   3164320   1072088     25.31     29692    178116    767156     16.12    961400     52332      1076
11:44:54 AM   3164140   1072268     25.31     29692    178156    767152     16.12    961396     52332       308
11:44:55 AM   3163860   1072548     25.32     29692    178192    767152     16.12    961596     52328       268
11:44:56 AM   3163916   1072492     25.32     29700    178220    766984     16.12    961236     52328       308
11:44:57 AM   3164212   1072196     25.31     29700    178268    771160     16.21    961844     52332       352
11:44:58 AM   3158692   1077716     25.44     29700    178316    787428     16.55    964780     52336       396
11:44:59 AM   3158628   1077780     25.44     29700    178364    787428     16.55    964804     52344       452
11:45:00 AM   3158612   1077796     25.44     29700    178404    787428     16.55    964860     52340       492
11:45:01 AM   3158752   1077656     25.44     29708    178440    787428     16.55    964612     52340       536
11:45:02 AM   3158384   1078024     25.45     29708    178500    783012     16.45    964820     52340       588
11:45:03 AM   3158736   1077672     25.44     29708    178552    783012     16.45    965024     52340       652
11:45:04 AM   3158704   1077704     25.44     29708    178584    783012     16.45    965056     52344       684
11:45:05 AM   3159304   1077104     25.42     29708    178620    783012     16.45    964800     52340       720
11:45:06 AM   3158512   1077896     25.44     29716    178668    787152     16.54    965156     52340       776
11:45:07 AM   3157972   1078436     25.46     29716    178724    787080     16.54    965300     52348       824
11:45:08 AM   3157752   1078656     25.46     29716    178776    787080     16.54    965368     52340       896
11:45:09 AM   3157524   1078884     25.47     29716    178824    786996     16.54    965436     52340       944
11:45:10 AM   3157812   1078596     25.46     29716    178896    786996     16.54    965700     52340      1012
11:45:11 AM   3157440   1078968     25.47     29724    178940    786996     16.54    965288     52348      1064
11:45:12 AM   3157596   1078812     25.47     29724    178996    786996     16.54    965492     52348      1112
11:45:13 AM   3157828   1078580     25.46     29724    179036    782572     16.45    965420     52352      1152
11:45:14 AM   3157768   1078640     25.46     29724    179112    786760     16.53    965360     52352      1080
11:45:15 AM   3157364   1079044     25.47     29724    179156    786760     16.53    965720     52356      1088
11:45:16 AM   3157744   1078664     25.46     29732    179188    782600     16.45    965624     52352      1128
11:45:17 AM   3157492   1078916     25.47     29732    179260    786736     16.53    965668     52352      1192
11:45:18 AM   3157248   1079160     25.47     29732    179324    786736     16.53    965904     52352      1280
11:45:19 AM   3157028   1079380     25.48     29732    179384    790976     16.62    965988     52352      1340
11:45:20 AM   3156944   1079464     25.48     29732    179452    786624     16.53    966080     52360      1408
11:45:21 AM   3156736   1079672     25.49     29740    179508    786624     16.53    966396     52364      1472
11:45:22 AM   3157112   1079296     25.48     29740    179572    786624     16.53    966176     52364      1528
11:45:23 AM   3156980   1079428     25.48     29740    179628    786624     16.53    966416     52360      1584
11:45:24 AM   3156864   1079544     25.48     29740    179676    786624     16.53    966200     52364       972
11:45:25 AM   3156712   1079696     25.49     29740    179732    786624     16.53    966436     52364       944
11:45:26 AM   3156424   1079984     25.49     29748    179780    786624     16.53    966412     52368      1024
11:45:27 AM   3156352   1080056     25.49     29748    179848    786624     16.53    966492     52368      1088
11:45:28 AM   3156180   1080228     25.50     29748    179896    786624     16.53    966720     52372      1148
11:45:29 AM   3156436   1079972     25.49     29748    179948    786624     16.53    966660     52368       172
11:45:30 AM   3156708   1079700     25.49     29748    180000    782424     16.44    966728     52372       228
11:45:31 AM   3156200   1080208     25.50     29756    180048    786568     16.53    966796     52372       284
11:45:32 AM   3156520   1079888     25.49     29756    180116    782276     16.44    966788     52380       344
11:45:33 AM   3156480   1079928     25.49     29756    180172    782220     16.44    966748     52380       404
11:45:34 AM   3156276   1080132     25.50     29756    180220    782220     16.44    967104     52372       452
11:45:35 AM   3156008   1080400     25.50     29756    180284    786400     16.53    966904     52372       516
11:45:36 AM   3155976   1080432     25.50     29764    180332    786112     16.52    967076     52372       572
11:45:37 AM   3155580   1080828     25.51     29764    180372    786112     16.52    967408     52372       604
11:45:38 AM   3155844   1080564     25.51     29764    180444    786112     16.52    967336     52380       676
11:45:39 AM   3155792   1080616     25.51     29764    180500    786112     16.52    967428     52376       732
11:45:40 AM   3155620   1080788     25.51     29764    180540    790288     16.61    967364     52372       772
11:45:41 AM   3155068   1081340     25.52     29772    180568    786024     16.52    967388     52372       808
11:45:42 AM   3155644   1080764     25.51     29772    180616    781776     16.43    967436     52372       848
11:45:43 AM   3155916   1080492     25.50     29772    180656    785960     16.52    967496     52372       888
11:45:44 AM   3155768   1080640     25.51     29772    180696    786008     16.52    967564     52376       928
11:45:45 AM   3155596   1080812     25.51     29772    180732    786008     16.52    967316     52380       964
11:45:46 AM   3155744   1080664     25.51     29780    180756    781668     16.43    967528     52376       996
11:45:47 AM   3155516   1080892     25.51     29780    180800    781668     16.43    967796     52376      1032
11:45:48 AM   3155480   1080928     25.52     29780    180836    781668     16.43    967876     52384      1068
11:45:49 AM   3155628   1080780     25.51     29780    180868    781668     16.43    967780     52384      1100
11:45:50 AM   3154944   1081464     25.53     29780    180904    785808     16.51    967964     52384      1072
11:45:51 AM   3154988   1081420     25.53     29788    180928    785656     16.51    967872     52380      1104
11:45:52 AM   3154808   1081600     25.53     29788    180968    789844     16.60    967916     52380      1136
11:45:53 AM   3155256   1081152     25.52     29788    181016    789844     16.60    967992     52380      1204
11:45:54 AM   3154760   1081648     25.53     29788    181064    789584     16.59    968188     52388      1252
11:45:55 AM   3154960   1081448     25.53     29788    181100    785260     16.50    968072     52380      1292
11:45:56 AM   3154976   1081432     25.53     29796    181128    785260     16.50    968128     52380      1328
11:45:57 AM   3154588   1081820     25.54     29796    181156    785260     16.50    968564     52380      1348
11:45:58 AM   3154620   1081788     25.54     29796    181192    785004     16.50    968192     52380      1388
11:45:59 AM   3154868   1081540     25.53     29796    181232    784780     16.49    968184     52384       768
11:46:00 AM   3154692   1081716     25.53     29796    181260    789040     16.58    968416     52380       656
11:46:01 AM   3154592   1081816     25.54     29804    181280    788848     16.58    968432     52380       708
11:46:02 AM   3154516   1081892     25.54     29804    181320    784508     16.49    968500     52380       740
11:46:03 AM   3155156   1081252     25.52     29804    181360    784508     16.49    968648     52388       792
11:46:04 AM   3155144   1081264     25.52     29804    181396    784508     16.49    968496     52388       168
11:46:05 AM   3154744   1081664     25.53     29804    181424    784508     16.49    968744     52384       224
11:46:06 AM   3154612   1081796     25.54     29812    181448    788676     16.57    968492     52384       256
11:46:07 AM   3154628   1081780     25.54     29812    181488    784372     16.48    968692     52388       288
11:46:08 AM   3154900   1081508     25.53     29812    181524    784372     16.48    968588     52388       328
11:46:09 AM   3154376   1082032     25.54     29812    181572    784372     16.48    968748     52392       376
11:46:10 AM   3154512   1081896     25.54     29812    181620    780104     16.39    968828     52388       424
11:46:11 AM   3154100   1082308     25.55     29820    181652    784240     16.48    969024     52392       464
11:46:12 AM   3154268   1082140     25.54     29820    181700    780036     16.39    968940     52396       504
11:46:13 AM   3154956   1081452     25.53     29820    181740    780036     16.39    968824     52396       544
11:46:14 AM   3155000   1081408     25.53     29820    181796    780036     16.39    969024     52396       600
11:46:15 AM   3154852   1081556     25.53     29820    181844    780036     16.39    969064     52400       648
11:46:16 AM   3154636   1081772     25.54     29828    181880    780036     16.39    969116     52400       692
11:46:17 AM   3154760   1081648     25.53     29828    181936    780036     16.39    969284     52400       740
11:46:18 AM   3154732   1081676     25.53     29828    181972    780036     16.39    969060     52396       776
11:46:19 AM   3154288   1082120     25.54     29828    182016    784172     16.48    969412     52396       820
11:46:20 AM   3153968   1082440     25.55     29828    182064    784172     16.48    969268     52400       868
11:46:21 AM   3153872   1082536     25.55     29836    182104    784172     16.48    969452     52400       916
11:46:22 AM   3153680   1082728     25.56     29836    182164    788420     16.57    969416     52400       968
11:46:23 AM   3153424   1082984     25.56     29836    182224    788420     16.57    969548     52408      1028
11:46:24 AM   3153328   1083080     25.57     29836    182276    788340     16.57    969320     52412      1080
11:46:25 AM   3153236   1083172     25.57     29836    182324    788156     16.56    969456     52412      1060
11:46:26 AM   3153060   1083348     25.57     29844    182380    783784     16.47    969764     52412      1124
11:46:27 AM   3153708   1082700     25.56     29844    182432    783784     16.47    969628     52408      1168
11:46:28 AM   3153776   1082632     25.56     29844    182476    783784     16.47    969652     52412      1232
11:46:29 AM   3154204   1082204     25.55     29844    182516    783784     16.47    969584     52408      1272
11:46:30 AM   3153528   1082880     25.56     29844    182564    783748     16.47    969556     52404      1324
11:46:31 AM   3153768   1082640     25.56     29852    182608    779424     16.38    969748     52404      1376
11:46:32 AM   3153728   1082680     25.56     29852    182660    779424     16.38    969716     52408      1424
11:46:33 AM   3153356   1083052     25.57     29852    182708    779424     16.38    970096     52404      1472
11:46:34 AM   3153044   1083364     25.57     29852    182744    783636     16.47    969828     52404       700
11:46:35 AM   3153340   1083068     25.57     29852    182792    779488     16.38    970028     52404       760
11:46:36 AM   3152952   1083456     25.57     29860    182828    783624     16.47    970068     52404       832
11:46:37 AM   3152904   1083504     25.58     29860    182896    787768     16.55    970140     52412       892
11:46:38 AM   3152944   1083464     25.58     29860    182960    783588     16.47    970408     52408       968
11:46:39 AM   3152616   1083792     25.58     29860    183016    779360     16.38    970320     52416       216
11:46:40 AM   3152992   1083416     25.57     29860    183068    779360     16.38    970408     52416       228
11:46:41 AM   3152560   1083848     25.58     29868    183116    783528     16.47    970332     52420       284
11:46:42 AM   3152040   1084368     25.60     29868    183184    787668     16.55    970492     52416       344
11:46:43 AM   3152384   1084024     25.59     29868    183240    787668     16.55    970380     52420       404
11:46:44 AM   3152188   1084220     25.59     29868    183288    787604     16.55    970576     52420       452
11:46:45 AM   3151892   1084516     25.60     29868    183340    783324     16.46    970744     52424       504
11:46:46 AM   3152656   1083752     25.58     29876    183388    787580     16.55    970536     52424       560
11:46:47 AM   3152504   1083904     25.59     29876    183436    783352     16.46    970740     52428       600
11:46:48 AM   3152188   1084220     25.59     29876    183484    787488     16.55    970796     52432       648
11:46:49 AM   3152620   1083788     25.58     29876    183532    787232     16.54    970736     52436       696
11:46:50 AM   3152540   1083868     25.58     29876    183580    782836     16.45    970856     52432       744
11:46:51 AM   3152468   1083940     25.59     29884    183632    782836     16.45    970804     52436       804
11:46:52 AM   3152308   1084100     25.59     29884    183688    787016     16.54    970972     52436       852
11:46:53 AM   3152472   1083936     25.59     29884    183728    782860     16.45    971248     52440       892
11:46:54 AM   3152176   1084232     25.59     29884    183784    782860     16.45    971164     52448       948
11:46:55 AM   3152632   1083776     25.58     29884    183832    782860     16.45    970932     52444       996
11:46:56 AM   3152536   1083872     25.58     29892    183880    782788     16.45    971276     52452      1052
11:46:57 AM   3152384   1084024     25.59     29892    183944    782788     16.45    971344     52444      1108
11:46:58 AM   3152084   1084324     25.60     29892    183996    782436     16.44    971252     52448      1160
11:46:59 AM   3151872   1084536     25.60     29892    184032    786600     16.53    971292     52448        20
11:47:00 AM   3152088   1084320     25.60     29892    184080    786448     16.53    971332     52448        68
11:47:01 AM   3152196   1084212     25.59     29900    184116    786448     16.53    971456     52448       120
11:47:02 AM   3151968   1084440     25.60     29900    184164    782180     16.44    971500     52448       160
11:47:03 AM   3151452   1084956     25.61     29900    184208    782180     16.44    971396     52448       240
11:47:04 AM   3151980   1084428     25.60     29900    184248    786436     16.53    971220     52460       280
11:47:05 AM   3151880   1084528     25.60     29900    184292    786436     16.53    971612     52464       328
11:47:06 AM   3151728   1084680     25.60     29908    184328    782208     16.44    971556     52464       372
11:47:07 AM   3151892   1084516     25.60     29908    184372    777972     16.35    971540     52464       408
11:47:08 AM   3152040   1084368     25.60     29908    184412    782108     16.44    971580     52472       452
11:47:09 AM   3151916   1084492     25.60     29908    184448    777776     16.34    971616     52468       488
11:47:10 AM   3151728   1084680     25.60     29908    184484    777776     16.34    971280     52468       524
Average:      3155281   1081127     25.52     29800    181283    783766     16.47    968081     52390       781
