Linux 4.4.0-31-generic (dpi-suricata) 	01/15/2018 	_i686_	(4 CPU)

11:49:54 AM kbmemfree kbmemused  %memused kbbuffers  kbcached  kbcommit   %commit  kbactive   kbinact   kbdirty
11:49:55 AM   3152360   1084048     25.59     30200    191088    772200     16.23    972512     52640       228
11:49:56 AM   3152360   1084048     25.59     30200    191128    763804     16.05    972560     52620       268
11:49:57 AM   3152484   1083924     25.59     30200    191156    768036     16.14    972620     52616       296
11:49:58 AM   3152492   1083916     25.59     30200    191180    768036     16.14    972640     52616       320
11:49:59 AM   3152584   1083824     25.58     30208    191212    772208     16.23    973116     52616       404
11:50:00 AM   3147652   1088756     25.70     30208    191256    780216     16.40    975912     52624       452
11:50:01 AM   3147496   1088912     25.70     30208    191288    784356     16.48    975944     52624       484
11:50:02 AM   3147240   1089168     25.71     30208    191328    784356     16.48    976092     52624       524
11:50:03 AM   3147116   1089292     25.71     30208    191364    784356     16.48    976116     52624       560
11:50:04 AM   3147272   1089136     25.71     30216    191396    784356     16.48    976172     52624       612
11:50:05 AM   3147240   1089168     25.71     30216    191428    784356     16.48    976212     52624       644
11:50:06 AM   3147148   1089260     25.71     30216    191464    788560     16.57    976224     52628       680
11:50:07 AM   3146992   1089416     25.72     30216    191500    784196     16.48    976268     52624       716
11:50:08 AM   3147024   1089384     25.71     30216    191532    788400     16.57    976328     52628       748
11:50:09 AM   3146868   1089540     25.72     30224    191572    784248     16.48    976348     52624       796
11:50:10 AM   3146908   1089500     25.72     30224    191644    780024     16.39    976360     52632       860
11:50:11 AM   3146968   1089440     25.72     30224    191680    780024     16.39    976380     52628       896
11:50:12 AM   3146784   1089624     25.72     30224    191712    780024     16.39    976440     52624       928
11:50:13 AM   3146752   1089656     25.72     30224    191772    780024     16.39    976492     52628       988
11:50:14 AM   3146752   1089656     25.72     30232    191800    780024     16.39    976588     52624      1024
11:50:15 AM   3146504   1089904     25.73     30232    191856    780024     16.39    976620     52628      1064
11:50:16 AM   3146164   1090244     25.74     30232    191904    784224     16.48    976664     52628      1112
11:50:17 AM   3146008   1090400     25.74     30232    191956    784224     16.48    976728     52628      1164
11:50:18 AM   3145916   1090492     25.74     30232    192004    779960     16.39    976828     52628      1212
11:50:19 AM   3146380   1090028     25.73     30240    192028    779960     16.39    976884     52628      1244
11:50:20 AM   3145876   1090532     25.74     30240    192084    779960     16.39    976936     52632       748
11:50:21 AM   3146124   1090284     25.74     30240    192136    784144     16.48    976996     52636       800
11:50:22 AM   3146156   1090252     25.74     30240    192184    784144     16.48    977076     52636       848
11:50:23 AM   3145628   1090780     25.75     30240    192248    788280     16.57    977148     52640       912
11:50:24 AM   3145628   1090780     25.75     30248    192288    788184     16.56    977232     52644       960
11:50:25 AM   3145908   1090500     25.74     30248    192356    788184     16.56    977356     52644       184
11:50:26 AM   3145380   1091028     25.75     30248    192408    788184     16.56    977428     52648       276
11:50:27 AM   3145536   1090872     25.75     30248    192456    787972     16.56    977432     52644       324
11:50:28 AM   3145652   1090756     25.75     30248    192600    783564     16.47    977532     52676       468
11:50:29 AM   3145496   1090912     25.75     30256    192640    783564     16.47    977640     52712       516
11:50:30 AM   3145280   1091128     25.76     30256    192696    783564     16.47    977748     52720       580
11:50:31 AM   3145372   1091036     25.75     30256    192752    783564     16.47    977804     52716       644
11:50:32 AM   3145280   1091128     25.76     30256    192808    783564     16.47    977864     52720       700
11:50:33 AM   3145032   1091376     25.76     30256    192848    783332     16.46    977908     52720       740
11:50:34 AM   3144908   1091500     25.76     30264    192896    783384     16.46    977992     52720       796
11:50:35 AM   3144784   1091624     25.77     30264    192956    783384     16.46    978056     52724       848
11:50:36 AM   3144908   1091500     25.76     30264    193024    783384     16.46    978044     52732       916
11:50:37 AM   3145000   1091408     25.76     30264    193068    779020     16.37    978088     52728       960
11:50:38 AM   3144752   1091656     25.77     30264    193124    783168     16.46    978188     52732      1016
11:50:39 AM   3145032   1091376     25.76     30272    193184    783168     16.46    978260     52732      1084
11:50:40 AM   3144620   1091788     25.77     30272    193240    783168     16.46    978440     52736      1132
11:50:41 AM   3144744   1091664     25.77     30272    193296    782976     16.45    978516     52748      1188
11:50:42 AM   3144652   1091756     25.77     30272    193348    782976     16.45    978564     52736      1240
11:50:43 AM   3144156   1092252     25.78     30272    193380    787112     16.54    978672     52732      1272
11:50:44 AM   3144124   1092284     25.78     30280    193420    782884     16.45    978684     52732      1320
11:50:45 AM   3144248   1092160     25.78     30280    193476    782884     16.45    978796     52740      1368
11:50:46 AM   3143908   1092500     25.79     30280    193516    782848     16.45    978856     52740      1408
11:50:47 AM   3143628   1092780     25.79     30280    193552    782848     16.45    978872     52740      1444
11:50:48 AM   3143784   1092624     25.79     30280    193592    787116     16.54    978992     52740      1484
11:50:49 AM   3143876   1092532     25.79     30288    193624    782860     16.45    979028     52740      1524
11:50:50 AM   3143636   1092772     25.79     30288    193668    786996     16.54    979000     52744       644
11:50:51 AM   3143884   1092524     25.79     30288    193712    786996     16.54    979072     52744       692
11:50:52 AM   3143884   1092524     25.79     30288    193756    786996     16.54    979148     52744       736
11:50:53 AM   3143480   1092928     25.80     30288    193792    786996     16.54    979000     52752       772
11:50:54 AM   3143736   1092672     25.79     30296    193832    782660     16.45    979188     52744       820
11:50:55 AM   3143412   1092996     25.80     30296    193872    782608     16.45    979264     52744       856
11:50:56 AM   3143172   1093236     25.81     30296    193912    786808     16.53    979320     52752       896
11:50:57 AM   3143288   1093120     25.80     30296    193976    786740     16.53    979364     52744       960
11:50:58 AM   3143356   1093052     25.80     30296    194016    786572     16.53    979484     52752      1000
11:50:59 AM   3143264   1093144     25.80     30304    194056    786572     16.53    979472     52748      1048
11:51:00 AM   3143140   1093268     25.81     30304    194108    786360     16.52    979552     52756       236
11:51:01 AM   3142800   1093608     25.81     30304    194148    786300     16.52    979640     52756       316
11:51:02 AM   3143140   1093268     25.81     30304    194196    786300     16.52    979704     52752       364
11:51:03 AM   3143080   1093328     25.81     30304    194244    786300     16.52    979756     52764       412
11:51:04 AM   3143080   1093328     25.81     30312    194280    786300     16.52    979780     52760       456
11:51:05 AM   3143172   1093236     25.81     30312    194320    782100     16.44    979848     52760       480
11:51:06 AM   3142956   1093452     25.81     30312    194376    782100     16.44    979840     52764       544
11:51:07 AM   3142832   1093576     25.81     30312    194420    782100     16.44    979936     52768       588
11:51:08 AM   3142708   1093700     25.82     30312    194464    782100     16.44    979984     52764       632
11:51:09 AM   3142540   1093868     25.82     30320    194484    786336     16.52    980012     52764       660
11:51:10 AM   3142800   1093608     25.81     30320    194532    786336     16.52    980056     52764       712
11:51:11 AM   3143204   1093204     25.80     30320    194568    782092     16.44    980044     52764       748
11:51:12 AM   3143080   1093328     25.81     30320    194608    782092     16.44    980132     52772       788
11:51:13 AM   3143296   1093112     25.80     30320    194668    782092     16.44    980188     52768       848
11:51:14 AM   3142832   1093576     25.81     30328    194720    782092     16.44    980248     52772       908
11:51:15 AM   3142924   1093484     25.81     30328    194772    782092     16.44    980304     52772       952
11:51:16 AM   3142924   1093484     25.81     30328    194824    782092     16.44    980368     52772      1004
11:51:17 AM   3142552   1093856     25.82     30328    194876    782092     16.44    980396     52776      1056
11:51:18 AM   3142552   1093856     25.82     30328    194928    777700     16.34    980424     52776      1108
11:51:19 AM   3142416   1093992     25.82     30336    194968    777700     16.34    980500     52788      1156
11:51:20 AM   3142056   1094352     25.83     30336    195040    781836     16.43    980532     52780      1220
11:51:21 AM   3141932   1094476     25.83     30336    195096    781836     16.43    980632     52788      1276
11:51:22 AM   3142172   1094236     25.83     30336    195152    781836     16.43    980700     52792      1332
11:51:23 AM   3141832   1094576     25.84     30336    195220    786020     16.52    980748     52796      1400
11:51:24 AM   3141460   1094948     25.85     30336    195264    785980     16.52    980812     52800      1444
11:51:25 AM   3140932   1095476     25.86     30344    195324    785980     16.52    980872     52804       648
11:51:26 AM   3141148   1095260     25.85     30344    195396    785980     16.52    980976     52808       724
11:51:27 AM   3141048   1095360     25.86     30344    195464    785980     16.52    981068     52812       792
11:51:28 AM   3140676   1095732     25.86     30344    195516    790148     16.60    981152     52820       844
11:51:29 AM   3140956   1095452     25.86     30344    195584    790148     16.60    981164     52820       912
11:51:30 AM   3140956   1095452     25.86     30352    195640    789820     16.60    981268     52820       972
11:51:31 AM   3140676   1095732     25.86     30352    195696    789548     16.59    981292     52824      1028
11:51:32 AM   3140460   1095948     25.87     30352    195752    789548     16.59    981392     52824      1084
11:51:33 AM   3140584   1095824     25.87     30352    195800    789312     16.59    981396     52824      1132
11:51:34 AM   3140460   1095948     25.87     30352    195840    789180     16.58    981476     52824      1172
11:51:35 AM   3140180   1096228     25.88     30360    195908    784788     16.49    981544     52824       408
11:51:36 AM   3140436   1095972     25.87     30360    195948    784788     16.49    981496     52824       468
11:51:37 AM   3140840   1095568     25.86     30360    196016    784580     16.49    981564     52824       536
11:51:38 AM   3140436   1095972     25.87     30360    196076    784580     16.49    981632     52832       596
11:51:39 AM   3140560   1095848     25.87     30360    196144    784580     16.49    981656     52836       664
11:51:40 AM   3140836   1095572     25.86     30368    196200    784580     16.49    981736     52840       716
11:51:41 AM   3140960   1095448     25.86     30368    196252    784296     16.48    981828     52840       772
11:51:42 AM   3140836   1095572     25.86     30368    196312    784296     16.48    981888     52844       836
11:51:43 AM   3140712   1095696     25.86     30368    196368    788432     16.57    981948     52840       892
11:51:44 AM   3140184   1096224     25.88     30368    196452    784048     16.48    982012     52852       976
11:51:45 AM   3140308   1096100     25.87     30376    196500    788188     16.56    982032     52844      1032
11:51:46 AM   3140076   1096332     25.88     30376    196572    783944     16.47    982248     52844      1104
11:51:47 AM   3140148   1096260     25.88     30376    196632    783944     16.47    982236     52848      1164
11:51:48 AM   3140088   1096320     25.88     30376    196692    783944     16.47    982500     52848      1224
11:51:49 AM   3139728   1096680     25.89     30376    196760    783980     16.47    982640     52848      1292
11:51:50 AM   3139984   1096424     25.88     30384    196816    783980     16.47    982600     52848      1348
11:51:51 AM   3140320   1096088     25.87     30384    196864    783980     16.47    982720     52852      1396
11:51:52 AM   3139444   1096964     25.89     30384    196924    788120     16.56    982640     52856      1456
11:51:53 AM   3139684   1096724     25.89     30384    196992    783800     16.47    982704     52860      1524
11:51:54 AM   3139816   1096592     25.88     30384    197040    779440     16.38    982912     52856      1572
11:51:55 AM   3139652   1096756     25.89     30392    197108    783680     16.47    982820     52856      1640
11:51:56 AM   3139528   1096880     25.89     30392    197164    783680     16.47    982768     52860      1696
11:51:57 AM   3139796   1096612     25.89     30392    197212    783680     16.47    982776     52856      1744
11:51:58 AM   3139840   1096568     25.88     30392    197276    787844     16.56    982856     52856      1808
11:51:59 AM   3139684   1096724     25.89     30392    197328    783408     16.46    982924     52856      1860
11:52:00 AM   3139472   1096936     25.89     30400    197400    783104     16.46    983024     52864       660
11:52:01 AM   3138944   1097464     25.91     30400    197460    783104     16.46    983068     52860       720
11:52:02 AM   3138756   1097652     25.91     30400    197532    787304     16.54    983356     52856       792
11:52:03 AM   3138844   1097564     25.91     30400    197604    791448     16.63    983280     52856       864
11:52:04 AM   3139004   1097404     25.90     30400    197668    787128     16.54    983568     52856       928
11:52:05 AM   3139172   1097236     25.90     30408    197720    782876     16.45    983516     52856       984
11:52:06 AM   3139108   1097300     25.90     30408    197768    782612     16.45    983564     52856      1032
11:52:07 AM   3139208   1097200     25.90     30408    197824    786828     16.53    983576     52860      1088
11:52:08 AM   3139052   1097356     25.90     30408    197892    786636     16.53    983672     52860      1156
11:52:09 AM   3139192   1097216     25.90     30408    197944    782228     16.44    983744     52864      1208
11:52:10 AM   3138428   1097980     25.92     30416    198000    786368     16.53    983832     52864       416
11:52:11 AM   3138676   1097732     25.91     30416    198028    786276     16.52    983876     52868       484
11:52:12 AM   3138592   1097816     25.91     30416    198068    782084     16.44    983820     52872       524
11:52:13 AM   3138528   1097880     25.92     30416    198096    782084     16.44    983920     52868       552
11:52:14 AM   3138700   1097708     25.91     30416    198140    786228     16.52    983692     52872       596
Average:      3143194   1093214     25.81     30309    194422    783859     16.47    979642     52756       893
