Linux 4.4.0-31-generic (ids-suricata) 	12/10/2017 	_i686_	(1 CPU)

03:00:54 AM kbmemfree kbmemused  %memused kbbuffers  kbcached  kbcommit   %commit  kbactive   kbinact   kbdirty
03:00:55 AM    148304   1914384     92.81     83396    928632    746764     28.89   1053248    797228       504
03:00:56 AM    148272   1914416     92.81     83396    928664    746764     28.89   1053312    797212       556
03:00:57 AM    148180   1914508     92.82     83396    928688    746764     28.89   1053344    797208       580
03:00:58 AM    148148   1914540     92.82     83396    928716    746764     28.89   1053372    797208       608
03:00:59 AM    147932   1914756     92.83     83396    928740    746764     28.89   1053392    797208       632
03:01:00 AM    148156   1914532     92.82     83396    928772    746764     28.89   1053428    797212       664
03:01:01 AM    143036   1919652     93.07     83396    928804    759484     29.38   1056704    797176       696
03:01:02 AM    142728   1919960     93.08     83396    928828    759484     29.38   1056736    797176       728
03:01:03 AM    142696   1919992     93.08     83396    928856    759484     29.38   1056768    797176       512
03:01:04 AM    142604   1920084     93.09     83396    928888    759484     29.38   1056808    797176       508
03:01:05 AM    142324   1920364     93.10     83396    928916    759484     29.38   1056828    797176       588
03:01:06 AM    142332   1920356     93.10     83396    928948    759484     29.38   1056964    797172       608
03:01:07 AM    142052   1920636     93.11     83396    928972    759484     29.38   1056992    797172       636
03:01:08 AM    142084   1920604     93.11     83396    928992    759484     29.38   1057004    797172       656
03:01:09 AM    142052   1920636     93.11     83396    929016    759484     29.38   1057040    797172       676
03:01:10 AM    142084   1920604     93.11     83400    929048    759484     29.38   1057068    797180       712
03:01:11 AM    142060   1920628     93.11     83400    929084    759484     29.38   1057028    797172       744
03:01:12 AM    142060   1920628     93.11     83400    929128    759484     29.38   1057076    797172       788
03:01:13 AM    141936   1920752     93.12     83400    929232    759484     29.38   1057168    797176       828
03:01:14 AM    141936   1920752     93.12     83400    929216    759484     29.38   1057176    797172       868
03:01:15 AM    142060   1920628     93.11     83404    929256    759484     29.38   1057268    797176       912
03:01:16 AM    141844   1920844     93.12     83404    929344    759484     29.38   1057308    797168       996
03:01:17 AM    141844   1920844     93.12     83404    929388    759484     29.38   1057368    797168      1040
03:01:18 AM    141688   1921000     93.13     83408    929372    759484     29.38   1057372    797168      1028
03:01:19 AM    141904   1920784     93.12     83408    929424    759484     29.38   1057436    797168      1040
03:01:20 AM    141720   1920968     93.13     83408    929540    759484     29.38   1057544    797168      1156
03:01:21 AM    141528   1921160     93.14     83408    929600    759484     29.38   1057620    797168      1228
03:01:22 AM    141372   1921316     93.15     83408    929652    759484     29.38   1057676    797168      1280
03:01:23 AM    141312   1921376     93.15     83408    929688    759484     29.38   1057752    797168       660
03:01:24 AM    141188   1921500     93.16     83408    929744    759484     29.38   1057800    797176       720
03:01:25 AM    141388   1921300     93.15     83412    929788    759484     29.38   1057892    797168       768
03:01:26 AM    141096   1921592     93.16     83412    929848    759484     29.38   1057944    797168       832
03:01:27 AM    140840   1921848     93.17     83412    929896    759484     29.38   1058008    797164       880
03:01:28 AM    140780   1921908     93.17     83412    929880    759484     29.38   1058052    797164       220
03:01:29 AM    140912   1921776     93.17     83412    929936    759484     29.38   1058148    797164       280
03:01:30 AM    140628   1922060     93.18     83412    929984    759484     29.38   1058208    797168       340
03:01:31 AM    140692   1921996     93.18     83412    930024    759484     29.38   1058276    797160       408
03:01:32 AM    140660   1922028     93.18     83412    930068    759484     29.38   1058320    797160       452
03:01:33 AM    140536   1922152     93.19     83412    930176    759484     29.38   1058392    797160       496
03:01:34 AM    140664   1922024     93.18     83412    930220    759484     29.38   1058436    797164       588
03:01:35 AM    140444   1922244     93.19     83416    930268    759484     29.38   1058548    797160       640
03:01:36 AM    140332   1922356     93.20     83416    930256    759484     29.38   1058700    797164       624
03:01:37 AM    140476   1922212     93.19     83416    930360    759484     29.38   1058624    797160       728
03:01:38 AM    140320   1922368     93.20     83416    930440    759484     29.38   1058676    797192       744
03:01:39 AM    140228   1922460     93.20     83416    930484    759484     29.38   1058744    797192       828
03:01:40 AM    140132   1922556     93.21     83420    930532    759484     29.38   1058812    797192       880
03:01:41 AM    140184   1922504     93.20     83420    930524    759484     29.38   1058828    797196       876
03:01:42 AM    140196   1922492     93.20     83420    930572    759484     29.38   1058876    797200       928
03:01:43 AM    139980   1922708     93.21     83420    930604    759484     29.38   1058952    797196       960
03:01:44 AM    139904   1922784     93.22     83420    930640    759484     29.38   1058956    797192       996
03:01:45 AM    140040   1922648     93.21     83428    930672    759484     29.38   1059008    797192      1036
03:01:46 AM    139904   1922784     93.22     83428    930708    759484     29.38   1059064    797192      1064
03:01:47 AM    139568   1923120     93.23     83428    930736    759484     29.38   1059156    797192      1092
03:01:48 AM    139668   1923020     93.23     83428    930756    759484     29.38   1059144    797192        48
03:01:49 AM    139700   1922988     93.23     83428    930788    759484     29.38   1059200    797196       120
03:01:50 AM    139684   1923004     93.23     83436    930816    759484     29.38   1059228    797192       120
03:01:51 AM    139812   1922876     93.22     83436    930852    759484     29.38   1059264    797192       184
03:01:52 AM    139780   1922908     93.22     83436    930908    759484     29.38   1059336    797196       240
03:01:53 AM    139560   1923128     93.23     83436    930932    759484     29.38   1059384    797204       264
03:01:54 AM    139560   1923128     93.23     83436    930964    759484     29.38   1059432    797204       296
03:01:55 AM    139456   1923232     93.24     83436    930988    759484     29.38   1059644    797204       320
03:01:56 AM    139592   1923096     93.23     83436    931012    759484     29.38   1059416    797196       348
03:01:57 AM    139560   1923128     93.23     83436    931044    759484     29.38   1059540    797192       380
03:01:58 AM    139468   1923220     93.24     83436    931080    759484     29.38   1059532    797192       416
03:01:59 AM    139596   1923092     93.23     83436    931108    759484     29.38   1059552    797192       444
03:02:00 AM    139564   1923124     93.23     83440    931132    759484     29.38   1059584    797192       472
03:02:01 AM    139312   1923376     93.25     83440    931164    759484     29.38   1059636    797192       500
03:02:02 AM    139312   1923376     93.25     83440    931192    759484     29.38   1059668    797192       528
03:02:03 AM    139408   1923280     93.24     83440    931216    759484     29.38   1059692    797192       552
03:02:04 AM    139376   1923312     93.24     83440    931252    759484     29.38   1059716    797200       588
03:02:05 AM    139252   1923436     93.25     83448    931272    759484     29.38   1059756    797196       616
03:02:06 AM    139188   1923500     93.25     83448    931356    759484     29.38   1059812    797192       692
03:02:07 AM    139312   1923376     93.25     83448    931348    759484     29.38   1059868    797200       684
03:02:08 AM    139128   1923560     93.26     83448    931372    759484     29.38   1059888    797196       708
03:02:09 AM    139160   1923528     93.25     83448    931400    759484     29.38   1059912    797196       736
03:02:10 AM    139064   1923624     93.26     83452    931432    759484     29.38   1059952    797200       772
03:02:11 AM    139096   1923592     93.26     83452    931528    759484     29.38   1059956    797196       864
03:02:12 AM    139128   1923560     93.26     83452    931536    759484     29.38   1060028    797228       872
03:02:13 AM    138972   1923716     93.26     83452    931576    759484     29.38   1060040    797228        64
03:02:14 AM    138936   1923752     93.26     83452    931624    759484     29.38   1060108    797228       116
03:02:15 AM    138816   1923872     93.27     83460    931712    759484     29.38   1060188    797236       184
03:02:16 AM    138724   1923964     93.27     83460    931764    759484     29.38   1060252    797228       272
03:02:17 AM    138820   1923868     93.27     83460    931800    759484     29.38   1060256    797228       308
03:02:18 AM    138600   1924088     93.28     83460    931796    759484     29.38   1060292    797232       308
03:02:19 AM    138632   1924056     93.28     83460    931888    759484     29.38   1060372    797228       400
03:02:20 AM    138540   1924148     93.28     83464    931948    759484     29.38   1060388    797308       464
03:02:21 AM    138476   1924212     93.29     83464    932060    759484     29.38   1060484    797304       572
03:02:22 AM    138436   1924252     93.29     83464    932048    759484     29.38   1060540    797308       560
03:02:23 AM    138376   1924312     93.29     83464    932088    759484     29.38   1060552    797304       600
03:02:24 AM    138292   1924396     93.30     83464    932172    759484     29.38   1060544    797304       684
03:02:25 AM    138324   1924364     93.29     83472    932212    759484     29.38   1060568    797304       732
03:02:26 AM    138200   1924488     93.30     83472    932204    759484     29.38   1060660    797312       716
03:02:27 AM    138232   1924456     93.30     83472    932300    759484     29.38   1060676    797344       812
03:02:28 AM    138224   1924464     93.30     83472    932340    759484     29.38   1060708    797344       852
03:02:29 AM    138044   1924644     93.31     83472    932444    759484     29.38   1060792    797352       956
03:02:30 AM    138076   1924612     93.31     83480    932424    759484     29.38   1060768    797344       944
03:02:31 AM    138080   1924608     93.31     83480    932548    759484     29.38   1060920    797348      1060
03:02:32 AM    138016   1924672     93.31     83480    932532    759484     29.38   1060924    797344      1044
03:02:33 AM    138076   1924612     93.31     83480    932632    759484     29.38   1061008    797340      1144
03:02:34 AM    137952   1924736     93.31     83480    932620    759484     29.38   1061024    797344      1132
03:02:35 AM    137888   1924800     93.32     83480    932656    759484     29.38   1061084    797344      1168
03:02:36 AM    137988   1924700     93.31     83480    932696    759484     29.38   1061128    797336      1208
03:02:37 AM    137796   1924892     93.32     83480    932796    759484     29.38   1061176    797336      1308
03:02:38 AM    137956   1924732     93.31     83480    932872    759484     29.38   1061280    797368      1384
03:02:39 AM    137800   1924888     93.32     83480    932920    759484     29.38   1061316    797364      1432
03:02:40 AM    137704   1924984     93.32     83488    932904    759484     29.38   1061328    797364      1424
03:02:41 AM    137548   1925140     93.33     83488    932952    759484     29.38   1061372    797364      1464
03:02:42 AM    137608   1925080     93.33     83488    933044    759484     29.38   1061456    797364      1556
03:02:43 AM    137520   1925168     93.33     83488    933036    759484     29.38   1061448    797364       572
03:02:44 AM    137456   1925232     93.34     83488    933152    759484     29.38   1061516    797368       664
03:02:45 AM    137364   1925324     93.34     83488    933200    759484     29.38   1061608    797368       712
03:02:46 AM    137332   1925356     93.34     83488    933248    759484     29.38   1061620    797364       760
03:02:47 AM    137420   1925268     93.34     83488    933236    759484     29.38   1061636    797368       748
03:02:48 AM    137332   1925356     93.34     83488    933336    759484     29.38   1061776    797368       180
03:02:49 AM    137268   1925420     93.35     83488    933316    759484     29.38   1061712    797364       204
03:02:50 AM    137216   1925472     93.35     83492    933348    759484     29.38   1061784    797364       244
03:02:51 AM    137200   1925488     93.35     83492    933396    759484     29.38   1062112    797368       316
03:02:52 AM    137336   1925352     93.34     83492    933496    759484     29.38   1061872    797364       416
03:02:53 AM    137368   1925320     93.34     83492    933548    759484     29.38   1061924    797364       468
03:02:54 AM    137020   1925668     93.36     83492    933604    759484     29.38   1061980    797376       528
03:02:55 AM    137148   1925540     93.35     83492    933596    759484     29.38   1061988    797376       520
03:02:56 AM    137056   1925632     93.36     83496    933692    759484     29.38   1062052    797372       624
03:02:57 AM    136740   1925948     93.37     83496    933680    759484     29.38   1062080    797372       612
03:02:58 AM    136772   1925916     93.37     83496    933720    759484     29.38   1062112    797372       652
03:02:59 AM    136796   1925892     93.37     83496    933756    759484     29.38   1062252    797372       688
03:03:00 AM    136580   1926108     93.38     83496    933860    759484     29.38   1062336    797376       792
03:03:01 AM    136612   1926076     93.38     83500    933908    759484     29.38   1062388    797372       840
03:03:02 AM    136580   1926108     93.38     83500    933900    759484     29.38   1062396    797372       832
03:03:03 AM    136520   1926168     93.38     83500    933936    759484     29.38   1062440    797372       868
03:03:04 AM    136600   1926088     93.38     83500    933972    759484     29.38   1062516    797376       904
03:03:05 AM    136424   1926264     93.39     83500    934016    759484     29.38   1062520    797372       948
03:03:06 AM    136332   1926356     93.39     83504    934052    759484     29.38   1062536    797372       984
03:03:07 AM    136040   1926648     93.40     83504    934092    759484     29.38   1062700    797372      1024
03:03:08 AM    136208   1926480     93.40     83504    934128    759484     29.38   1062676    797376      1060
03:03:09 AM    136436   1926252     93.39     83504    934244    759484     29.38   1062680    797380      1176
03:03:10 AM    136060   1926628     93.40     83504    934236    759484     29.38   1062672    797388      1168
03:03:11 AM    136408   1926280     93.39     83508    934268    759484     29.38   1062720    797384      1200
03:03:12 AM    136216   1926472     93.40     83508    934340    759484     29.38   1062780    797384      1272
03:03:13 AM    136352   1926336     93.39     83524    934308    759484     29.38   1062700    797384        76
03:03:14 AM    136556   1926132     93.38     83524    934348    759484     29.38   1062416    797388       112
Average:       139561   1923127     93.23     83448    931413    758939     29.36   1059582    797255       704
