Linux 4.4.0-31-generic (fw-suricata) 	12/10/2017 	_i686_	(1 CPU)

01:30:30 AM kbmemfree kbmemused  %memused kbbuffers  kbcached  kbcommit   %commit  kbactive   kbinact   kbdirty
01:30:31 AM   1577628    485060     23.52     27448    212124    736208     28.48    373628     72020       188
01:30:32 AM   1577660    485028     23.51     27448    212144    736208     28.48    373668     72000       212
01:30:33 AM   1577524    485164     23.52     27448    212172    736208     28.48    373708     71996       240
01:30:34 AM   1577660    485028     23.51     27448    212188    736208     28.48    373724     71996       260
01:30:35 AM   1577504    485184     23.52     27456    212216    736208     28.48    373756     71996       348
01:30:36 AM   1577504    485184     23.52     27456    212244    736208     28.48    373784     71996       396
01:30:37 AM   1577504    485184     23.52     27456    212272    736208     28.48    373808     71996       424
01:30:38 AM   1577252    485436     23.53     27456    212300    736208     28.48    373844     71996       452
01:30:39 AM   1577412    485276     23.53     27456    212324    736208     28.48    373864     71996       476
01:30:40 AM   1577404    485284     23.53     27464    212336    736208     28.48    373892     71996       496
01:30:41 AM   1577248    485440     23.53     27464    212372    736208     28.48    373932     71996       528
01:30:42 AM   1577248    485440     23.53     27464    212396    736208     28.48    373956     71996       552
01:30:43 AM   1577404    485284     23.53     27464    212424    736208     28.48    373976     71996       580
01:30:44 AM   1577280    485408     23.53     27464    212448    736208     28.48    374004     72000       604
01:30:45 AM   1577156    485532     23.54     27472    212464    736208     28.48    374024     71996       628
01:30:46 AM   1577124    485564     23.54     27472    212504    736208     28.48    374060     72004       660
01:30:47 AM   1577124    485564     23.54     27472    212528    736208     28.48    374100     71996       684
01:30:48 AM   1577156    485532     23.54     27472    212556    736208     28.48    374132     71996       712
01:30:49 AM   1576992    485696     23.55     27472    212584    736208     28.48    374156     71996       740
01:30:50 AM   1576992    485696     23.55     27472    212604    736208     28.48    374176     71996       760
01:30:51 AM   1576892    485796     23.55     27484    212628    736208     28.48    374212     72000       660
01:30:52 AM   1576860    485828     23.55     27484    212648    736208     28.48    374240     71996       680
01:30:53 AM   1576892    485796     23.55     27484    212672    736208     28.48    374260     71996       704
01:30:54 AM   1576892    485796     23.55     27484    212692    736208     28.48    374276     71996       724
01:30:55 AM   1577016    485672     23.55     27484    212720    736208     28.48    374304     71992       752
01:30:56 AM   1577016    485672     23.55     27492    212740    736208     28.48    374352     71992       764
01:30:57 AM   1576860    485828     23.55     27492    212764    736208     28.48    374376     71996       788
01:30:58 AM   1576700    485988     23.56     27492    212784    736208     28.48    374412     71992       808
01:30:59 AM   1576760    485928     23.56     27492    212812    736208     28.48    374428     71992       836
01:31:00 AM   1576860    485828     23.55     27492    212832    736208     28.48    374440     71992       856
01:31:01 AM   1576744    485944     23.56     27500    212868    736208     28.48    374488     71996       488
01:31:02 AM   1576736    485952     23.56     27500    212904    736208     28.48    374520     72000       500
01:31:03 AM   1576700    485988     23.56     27500    212940    736208     28.48    374584     71996       536
01:31:04 AM   1576644    486044     23.56     27500    212964    736208     28.48    374584     71996       560
01:31:05 AM   1576768    485920     23.56     27500    212992    736208     28.48    374628     72000       588
01:31:06 AM   1576512    486176     23.57     27508    213008    736208     28.48    374600     72000       128
01:31:07 AM   1576496    486192     23.57     27508    213024    736208     28.48    374656     71996       152
01:31:08 AM   1576520    486168     23.57     27508    213036    736208     28.48    374684     71996       164
01:31:09 AM   1576328    486360     23.58     27508    213060    736208     28.48    374684     71996       192
01:31:10 AM   1576620    486068     23.56     27508    213072    736208     28.48    374700     71996       204
01:31:11 AM   1576496    486192     23.57     27516    213088    736208     28.48    374736     71996       252
01:31:12 AM   1576488    486200     23.57     27516    213104    736208     28.48    374744     72000       268
01:31:13 AM   1576496    486192     23.57     27516    213120    736208     28.48    374764     71996       284
01:31:14 AM   1576464    486224     23.57     27516    213136    736208     28.48    374796     71996       300
01:31:15 AM   1576496    486192     23.57     27516    213152    736208     28.48    374776     71996       316
01:31:16 AM   1576496    486192     23.57     27524    213168    736208     28.48    374776     71996       332
01:31:17 AM   1576520    486168     23.57     27524    213184    736208     28.48    374848     71996       348
01:31:18 AM   1576396    486292     23.58     27524    213212    736208     28.48    374908     72004       376
01:31:19 AM   1576248    486440     23.58     27524    213228    736208     28.48    374988     71996       392
01:31:20 AM   1576260    486428     23.58     27524    213244    736208     28.48    375004     71996       408
01:31:21 AM   1576228    486460     23.58     27532    213260    736208     28.48    375120     71996       424
01:31:22 AM   1576136    486552     23.59     27532    213272    736208     28.48    375020     71996       436
01:31:23 AM   1576260    486428     23.58     27532    213292    736208     28.48    375044     71996       456
01:31:24 AM   1576136    486552     23.59     27532    213304    736208     28.48    375064     71996       468
01:31:25 AM   1576104    486584     23.59     27532    213320    736208     28.48    375080     71996       484
01:31:26 AM   1576104    486584     23.59     27540    213332    736208     28.48    375092     71996       496
01:31:27 AM   1575972    486716     23.60     27540    213348    736208     28.48    375204     71996       512
01:31:28 AM   1575972    486716     23.60     27540    213360    736208     28.48    375228     71996       524
01:31:29 AM   1575848    486840     23.60     27540    213376    736208     28.48    375240     71996       540
01:31:30 AM   1575992    486696     23.60     27540    213396    736208     28.48    375184     72000       560
01:31:31 AM   1575984    486704     23.60     27548    213412    736208     28.48    375192     71992       576
01:31:32 AM   1576016    486672     23.59     27548    213424    736208     28.48    375212     71992       588
01:31:33 AM   1575984    486704     23.60     27548    213440    736208     28.48    375220     71992       604
01:31:34 AM   1575976    486712     23.60     27548    213464    736208     28.48    375352     71992       628
01:31:35 AM   1575852    486836     23.60     27548    213484    736208     28.48    375364     71996       648
01:31:36 AM   1575840    486848     23.60     27556    213496    736208     28.48    375392     71992        76
01:31:37 AM   1575984    486704     23.60     27556    213520    736208     28.48    375312     71996       136
01:31:38 AM   1576016    486672     23.59     27556    213536    736208     28.48    375324     72000       152
01:31:39 AM   1575860    486828     23.60     27556    213556    736208     28.48    375344     72000       172
01:31:40 AM   1575828    486860     23.60     27556    213572    736208     28.48    375364     71996       188
01:31:41 AM   1575612    487076     23.61     27564    213592    736208     28.48    375392     71996       116
01:31:42 AM   1575516    487172     23.62     27564    213604    736208     28.48    375440     71996       136
01:31:43 AM   1575768    486920     23.61     27564    213628    736208     28.48    375432     72000       160
01:31:44 AM   1575900    486788     23.60     27564    213648    736208     28.48    375400     71996       184
01:31:45 AM   1575868    486820     23.60     27564    213668    736208     28.48    375392     71996       204
01:31:46 AM   1575892    486796     23.60     27572    213680    736208     28.48    375408     71996       244
01:31:47 AM   1575868    486820     23.60     27572    213700    736208     28.48    375444     71996       264
01:31:48 AM   1575652    487036     23.61     27572    213720    736208     28.48    375464     72000       284
01:31:49 AM   1575652    487036     23.61     27572    213736    736208     28.48    375468     71996       300
01:31:50 AM   1575628    487060     23.61     27572    213768    736208     28.48    375492     72008       332
01:31:51 AM   1575628    487060     23.61     27580    213796    736208     28.48    375536     71996       360
01:31:52 AM   1575648    487040     23.61     27580    213816    736208     28.48    375580     71996       380
01:31:53 AM   1575776    486912     23.61     27580    213832    736208     28.48    375572     71996       396
01:31:54 AM   1575620    487068     23.61     27580    213856    736208     28.48    375600     72000       420
01:31:55 AM   1575644    487044     23.61     27580    213876    736208     28.48    375624     72000       440
01:31:56 AM   1575584    487104     23.62     27588    213896    736208     28.48    375672     72000       460
01:31:57 AM   1575528    487160     23.62     27588    213912    736208     28.48    375660     72000       476
01:31:58 AM   1575496    487192     23.62     27588    213936    736208     28.48    375688     71996       500
01:31:59 AM   1575520    487168     23.62     27588    213956    736208     28.48    375716     71996       520
01:32:00 AM   1575528    487160     23.62     27588    213980    736208     28.48    375744     72000       544
01:32:01 AM   1575512    487176     23.62     27596    214000    736208     28.48    375728     72000       568
01:32:02 AM   1575428    487260     23.62     27596    214020    736208     28.48    375812     71996       588
01:32:03 AM   1575492    487196     23.62     27596    214036    736208     28.48    375800     71996       604
01:32:04 AM   1575496    487192     23.62     27596    214056    736208     28.48    375964     71996       624
01:32:05 AM   1575404    487284     23.62     27596    214076    736208     28.48    375848     71996       644
01:32:06 AM   1575280    487408     23.63     27604    214104    736208     28.48    375884     72004       672
01:32:07 AM   1575372    487316     23.63     27604    214128    736208     28.48    375916     71992       696
01:32:08 AM   1575404    487284     23.62     27604    214148    736208     28.48    375932     71992       716
01:32:09 AM   1575248    487440     23.63     27604    214164    736208     28.48    375948     71992       732
01:32:10 AM   1575280    487408     23.63     27604    214184    736208     28.48    375968     71992       752
01:32:11 AM   1575280    487408     23.63     27612    214192    736208     28.48    375996     71992       196
01:32:12 AM   1575152    487536     23.64     27612    214228    736208     28.48    376012     71996       264
01:32:13 AM   1575280    487408     23.63     27612    214244    736208     28.48    376040     71996       280
01:32:14 AM   1575124    487564     23.64     27612    214268    736208     28.48    376068     72000       304
01:32:15 AM   1575000    487688     23.64     27612    214284    736208     28.48    376076     72000       320
01:32:16 AM   1575156    487532     23.64     27620    214296    736208     28.48    376104     71996       112
01:32:17 AM   1575156    487532     23.64     27620    214320    736208     28.48    376116     71996       164
01:32:18 AM   1575108    487580     23.64     27620    214340    736208     28.48    376148     71996       184
01:32:19 AM   1575000    487688     23.64     27620    214360    736208     28.48    376164     71996       208
01:32:20 AM   1575032    487656     23.64     27620    214388    736208     28.48    376184     72004       236
01:32:21 AM   1575000    487688     23.64     27628    214404    736208     28.48    376208     72008       260
01:32:22 AM   1575000    487688     23.64     27628    214440    736208     28.48    376256     71996       288
01:32:23 AM   1574876    487812     23.65     27628    214456    736208     28.48    376276     71996       304
01:32:24 AM   1574876    487812     23.65     27628    214476    736208     28.48    376276     71996       324
01:32:25 AM   1574908    487780     23.65     27628    214492    736208     28.48    376296     71996       340
01:32:26 AM   1574812    487876     23.65     27632    214516    736208     28.48    376352     71996       368
01:32:27 AM   1574884    487804     23.65     27636    214536    736208     28.48    376364     71996       384
01:32:28 AM   1574784    487904     23.65     27636    214556    736208     28.48    376384     71996       404
01:32:29 AM   1574816    487872     23.65     27636    214572    736208     28.48    376408     71996       420
01:32:30 AM   1574840    487848     23.65     27636    214596    736208     28.48    376440     72000       444
01:32:31 AM   1574716    487972     23.66     27636    214612    736208     28.48    376460     71996       460
01:32:32 AM   1574628    488060     23.66     27644    214636    736208     28.48    376476     71996       484
01:32:33 AM   1574636    488052     23.66     27644    214656    736208     28.48    376500     71996       504
01:32:34 AM   1574484    488204     23.67     27644    214676    736208     28.48    376540     71996       524
01:32:35 AM   1574652    488036     23.66     27644    214696    736208     28.48    376560     71996       544
01:32:36 AM   1574628    488060     23.66     27644    214716    736208     28.48    376568     71996       564
01:32:37 AM   1574536    488152     23.67     27652    214736    736208     28.48    376592     71996       584
01:32:38 AM   1574644    488044     23.66     27652    214776    736208     28.48    376608     72000       624
01:32:39 AM   1574660    488028     23.66     27652    214792    736208     28.48    376648     71996       640
01:32:40 AM   1574596    488092     23.66     27652    214816    736208     28.48    376672     72000       664
01:32:41 AM   1574652    488036     23.66     27652    214832    736208     28.48    376696     71996       676
01:32:42 AM   1574356    488332     23.67     27660    214856    736208     28.48    376756     71996       704
01:32:43 AM   1574412    488276     23.67     27660    214872    736208     28.48    376776     71996       720
01:32:44 AM   1574628    488060     23.66     27660    214888    736208     28.48    376780     71996       736
01:32:45 AM   1574504    488184     23.67     27660    214908    736208     28.48    376784     71996       756
01:32:46 AM   1574496    488192     23.67     27660    214928    736208     28.48    376844     71996       204
01:32:47 AM   1574380    488308     23.67     27668    214948    736208     28.48    376888     71992       268
01:32:48 AM   1574352    488336     23.67     27668    214968    736208     28.48    376868     71992       288
01:32:49 AM   1574348    488340     23.67     27668    214984    736208     28.48    376832     71996       304
01:32:50 AM   1574460    488228     23.67     27668    215012    736208     28.48    376812     71992       332
Average:      1575887    486801     23.60     27559    213607    736208     28.48    375340     71997       448
Linux 4.4.0-31-generic (fw-suricata) 	12/10/2017 	_i686_	(1 CPU)

05:21:02 AM kbmemfree kbmemused  %memused kbbuffers  kbcached  kbcommit   %commit  kbactive   kbinact   kbdirty
05:21:03 AM   1256716    805972     39.07     50808    503716    736528     28.49    688252     72604       388
05:21:04 AM   1256716    805972     39.07     50808    503732    736528     28.49    688284     72604       408
05:21:05 AM   1256808    805880     39.07     50816    503748    736528     28.49    688300     72608       436
05:21:06 AM   1256716    805972     39.07     50816    503796    736528     28.49    688348     72608       484
05:21:07 AM   1256684    806004     39.08     50816    503820    736528     28.49    688372     72604       508
05:21:08 AM   1256684    806004     39.08     50816    503836    736528     28.49    688388     72608       524
05:21:09 AM   1256436    806252     39.09     50816    503868    736528     28.49    688424     72604       556
05:21:10 AM   1256716    805972     39.07     50824    503884    736528     28.49    688448     72604       580
05:21:11 AM   1256560    806128     39.08     50824    503920    736528     28.49    688488     72608       608
05:21:12 AM   1256560    806128     39.08     50824    503944    736528     28.49    688524     72604       632
05:21:13 AM   1256560    806128     39.08     50824    503972    736528     28.49    688548     72604       660
05:21:14 AM   1256524    806164     39.08     50824    503992    736528     28.49    688580     72604       680
05:21:15 AM   1256404    806284     39.09     50832    504012    736528     28.49    688568     72604       708
05:21:16 AM   1256344    806344     39.09     50832    504044    736528     28.49    688620     72604       732
05:21:17 AM   1256312    806376     39.09     50832    504072    736528     28.49    688660     72608       760
05:21:18 AM   1256312    806376     39.09     50832    504096    736528     28.49    688664     72612       784
05:21:19 AM   1256184    806504     39.10     50832    504128    736528     28.49    688728     72608       816
05:21:20 AM   1256312    806376     39.09     50840    504144    736528     28.49    688732     72604       840
05:21:21 AM   1256344    806344     39.09     50840    504172    736528     28.49    688772     72604       860
05:21:22 AM   1256344    806344     39.09     50840    504200    736528     28.49    688764     72604       720
05:21:23 AM   1256312    806376     39.09     50840    504220    736528     28.49    688820     72604       680
05:21:24 AM   1256220    806468     39.10     50840    504240    736528     28.49    688844     72604       700
05:21:25 AM   1256204    806484     39.10     50848    504252    736528     28.49    688868     72604       720
05:21:26 AM   1256220    806468     39.10     50848    504288    736528     28.49    688904     72600       776
05:21:27 AM   1256220    806468     39.10     50848    504312    736528     28.49    688924     72600       492
05:21:28 AM   1256096    806592     39.10     50848    504344    736528     28.49    688960     72604       492
05:21:29 AM   1256220    806468     39.10     50848    504360    736528     28.49    688972     72600       512
05:21:30 AM   1256072    806616     39.11     50856    504376    736528     28.49    689004     72604       536
05:21:31 AM   1256096    806592     39.10     50856    504404    736528     28.49    689040     72604       560
05:21:32 AM   1256096    806592     39.10     50856    504424    736528     28.49    689088     72600       580
05:21:33 AM   1256064    806624     39.11     50856    504452    736528     28.49    689096     72604       596
05:21:34 AM   1255972    806716     39.11     50856    504480    736528     28.49    689112     72612       624
05:21:35 AM   1255972    806716     39.11     50864    504500    736528     28.49    689140     72608       652
05:21:36 AM   1255972    806716     39.11     50864    504532    736528     28.49    689152     72608       684
05:21:37 AM   1255848    806840     39.12     50880    504544    736528     28.49    689216     72608       160
05:21:38 AM   1255848    806840     39.12     50880    504584    736528     28.49    689248     72604       160
05:21:39 AM   1255724    806964     39.12     50880    504600    736528     28.49    689260     72604       200
05:21:40 AM   1255692    806996     39.12     50888    504616    736528     28.49    689276     72608       280
05:21:41 AM   1255724    806964     39.12     50888    504636    736528     28.49    689316     72608       280
05:21:42 AM   1255680    807008     39.12     50888    504656    736528     28.49    689332     72612       300
05:21:43 AM   1255600    807088     39.13     50888    504668    736528     28.49    689368     72604       312
05:21:44 AM   1255700    806988     39.12     50888    504684    736528     28.49    689340     72604       328
05:21:45 AM   1255584    807104     39.13     50896    504688    736528     28.49    689372     72604       340
05:21:46 AM   1255476    807212     39.13     50896    504712    736528     28.49    689392     72604       356
05:21:47 AM   1255540    807148     39.13     50896    504728    736528     28.49    689404     72604       372
05:21:48 AM   1255460    807228     39.13     50896    504744    736528     28.49    689420     72604       388
05:21:49 AM   1255444    807244     39.14     50896    504760    736528     28.49    689436     72608       404
05:21:50 AM   1255288    807400     39.14     50904    504776    736528     28.49    689468     72608       428
05:21:51 AM   1255292    807396     39.14     50904    504796    736528     28.49    689644     72604       440
05:21:52 AM   1255452    807236     39.14     50904    504816    736528     28.49    689544     72608       460
05:21:53 AM   1255460    807228     39.13     50904    504828    736528     28.49    689600     72608       472
05:21:54 AM   1255352    807336     39.14     50904    504852    736528     28.49    689536     72604       496
05:21:55 AM   1255320    807368     39.14     50912    504856    736528     28.49    689528     72604       508
05:21:56 AM   1255316    807372     39.14     50912    504880    736528     28.49    689624     72604       524
05:21:57 AM   1255352    807336     39.14     50912    504896    736528     28.49    689632     72608       488
05:21:58 AM   1255352    807336     39.14     50912    504912    736528     28.49    689576     72608       476
05:21:59 AM   1255352    807336     39.14     50912    504928    736528     28.49    689624     72608       492
05:22:00 AM   1255304    807384     39.14     50920    504936    736528     28.49    689644     72612       508
05:22:01 AM   1255288    807400     39.14     50920    504956    736528     28.49    689680     72600       528
05:22:02 AM   1255228    807460     39.15     50920    504972    736528     28.49    689696     72600       480
05:22:03 AM   1255228    807460     39.15     50920    504984    736528     28.49    689708     72600       460
05:22:04 AM   1255228    807460     39.15     50920    505000    736528     28.49    689680     72600       476
05:22:05 AM   1255352    807336     39.14     50928    505004    736528     28.49    689732     72600       488
05:22:06 AM   1255220    807468     39.15     50928    505040    736528     28.49    689756     72608       528
05:22:07 AM   1255260    807428     39.14     50928    505060    736528     28.49    689784     72608       552
05:22:08 AM   1255228    807460     39.15     50928    505084    736528     28.49    689812     72608       576
05:22:09 AM   1255020    807668     39.16     50928    505096    736528     28.49    689856     72604       588
05:22:10 AM   1255320    807368     39.14     50936    505116    736528     28.49    689836     72612       616
05:22:11 AM   1255104    807584     39.15     50936    505136    736528     28.49    689872     72608       628
05:22:12 AM   1255104    807584     39.15     50940    505152    736528     28.49    689900     72604        96
05:22:13 AM   1255104    807584     39.15     50940    505172    736528     28.49    689912     72608        72
05:22:14 AM   1255104    807584     39.15     50940    505188    736528     28.49    689936     72604       112
05:22:15 AM   1255072    807616     39.15     50948    505204    736528     28.49    689956     72608       140
05:22:16 AM   1254956    807732     39.16     50948    505228    736528     28.49    689988     72604       200
05:22:17 AM   1254948    807740     39.16     50948    505244    736528     28.49    690004     72604       216
05:22:18 AM   1255036    807652     39.16     50948    505264    736528     28.49    690024     72604       236
05:22:19 AM   1255080    807608     39.15     50948    505280    736528     28.49    690024     72608       252
05:22:20 AM   1254980    807708     39.16     50956    505292    736528     28.49    690064     72604       272
05:22:21 AM   1254980    807708     39.16     50956    505320    736528     28.49    690088     72608       292
05:22:22 AM   1254948    807740     39.16     50956    505352    736528     28.49    690080     72608       324
05:22:23 AM   1254948    807740     39.16     50956    505372    736528     28.49    690152     72604       344
05:22:24 AM   1254848    807840     39.16     50956    505396    736528     28.49    690172     72608       368
05:22:25 AM   1254856    807832     39.16     50964    505400    736528     28.49    690148     72604       380
05:22:26 AM   1254856    807832     39.16     50964    505436    736528     28.49    690236     72608       408
05:22:27 AM   1254724    807964     39.17     50964    505452    736528     28.49    690264     72604       424
05:22:28 AM   1254708    807980     39.17     50964    505472    736528     28.49    690260     72604       444
05:22:29 AM   1254724    807964     39.17     50964    505492    736528     28.49    690280     72604       464
05:22:30 AM   1254708    807980     39.17     50972    505504    736528     28.49    690264     72604       484
05:22:31 AM   1254700    807988     39.17     50972    505528    736528     28.49    690440     72604       500
05:22:32 AM   1254568    808120     39.18     50972    505548    736528     28.49    690604     72604        32
05:22:33 AM   1254576    808112     39.18     50972    505564    736528     28.49    690416     72604        56
05:22:34 AM   1254484    808204     39.18     50972    505584    736528     28.49    690392     72604        80
05:22:35 AM   1254452    808236     39.18     50980    505600    736528     28.49    690404     72612       104
05:22:36 AM   1254608    808080     39.18     50980    505632    736528     28.49    690432     72608       188
05:22:37 AM   1254484    808204     39.18     50980    505652    736528     28.49    690452     72600       208
05:22:38 AM   1254484    808204     39.18     50980    505672    736528     28.49    690488     72604       228
05:22:39 AM   1254484    808204     39.18     50980    505696    736528     28.49    690508     72604       252
05:22:40 AM   1254484    808204     39.18     50988    505704    736528     28.49    690496     72600       268
05:22:41 AM   1254452    808236     39.18     50988    505732    736528     28.49    690560     72600       288
05:22:42 AM   1254328    808360     39.19     50988    505752    736528     28.49    690584     72600       308
05:22:43 AM   1254360    808328     39.19     50988    505780    736528     28.49    690604     72604       336
05:22:44 AM   1254360    808328     39.19     50988    505796    736528     28.49    690624     72604       352
05:22:45 AM   1254360    808328     39.19     50996    505808    736528     28.49    690656     72604       372
05:22:46 AM   1254420    808268     39.19     50996    505832    736528     28.49    690696     72604       388
05:22:47 AM   1254360    808328     39.19     50996    505852    736528     28.49    690696     72604       408
05:22:48 AM   1254328    808360     39.19     50996    505868    736528     28.49    690708     72604       424
05:22:49 AM   1254292    808396     39.19     50996    505888    736528     28.49    690756     72604       444
05:22:50 AM   1254236    808452     39.19     51004    505904    736528     28.49    690748     72604       468
05:22:51 AM   1254236    808452     39.19     51004    505932    736528     28.49    690804     72604       488
05:22:52 AM   1254236    808452     39.19     51004    505948    736528     28.49    690792     72604       504
05:22:53 AM   1253972    808716     39.21     51004    505976    736528     28.49    690832     72604       532
05:22:54 AM   1253988    808700     39.21     51004    505996    736528     28.49    690800     72608       552
05:22:55 AM   1253988    808700     39.21     51012    506016    736528     28.49    690864     72608       580
05:22:56 AM   1253956    808732     39.21     51012    506044    736528     28.49    690904     72604       600
05:22:57 AM   1253988    808700     39.21     51012    506064    736528     28.49    690928     72604       620
05:22:58 AM   1253956    808732     39.21     51012    506088    736528     28.49    690952     72604       644
05:22:59 AM   1253988    808700     39.21     51012    506108    736528     28.49    690976     72604       664
05:23:00 AM   1253952    808736     39.21     51020    506120    736528     28.49    690996     72604       684
05:23:01 AM   1253960    808728     39.21     51020    506152    736528     28.49    691096     72608       708
05:23:02 AM   1253836    808852     39.21     51020    506168    736528     28.49    691132     72604       724
05:23:03 AM   1253836    808852     39.21     51020    506188    736528     28.49    691156     72604       224
05:23:04 AM   1253556    809132     39.23     51020    506204    736528     28.49    691172     72604       280
05:23:05 AM   1253544    809144     39.23     51028    506228    736528     28.49    691208     72608       312
05:23:06 AM   1253572    809116     39.23     51028    506252    736528     28.49    691276     72604       336
05:23:07 AM   1253588    809100     39.23     51028    506272    736528     28.49    691212     72604       356
05:23:08 AM   1253580    809108     39.23     51028    506288    736528     28.49    691264     72604       116
05:23:09 AM   1253692    808996     39.22     51028    506316    736528     28.49    691296     72612       148
05:23:10 AM   1253564    809124     39.23     51036    506332    736528     28.49    691316     72608       172
05:23:11 AM   1253556    809132     39.23     51036    506360    736528     28.49    691268     72604       216
05:23:12 AM   1253580    809108     39.23     51036    506380    736528     28.49    691280     72608       240
05:23:13 AM   1253580    809108     39.23     51036    506408    736528     28.49    691292     72604       268
05:23:14 AM   1253552    809136     39.23     51036    506428    736528     28.49    691376     72604       288
05:23:15 AM   1253720    808968     39.22     51044    506436    736528     28.49    691328     72604       304
05:23:16 AM   1253448    809240     39.23     51044    506468    736528     28.49    691380     72608       328
05:23:17 AM   1253496    809192     39.23     51044    506488    736528     28.49    691400     72604       348
05:23:18 AM   1253448    809240     39.23     51044    506504    736528     28.49    691420     72604       364
05:23:19 AM   1253456    809232     39.23     51044    506528    736528     28.49    691496     72600       388
05:23:20 AM   1253456    809232     39.23     51052    506536    736528     28.49    691472     72600       404
05:23:21 AM   1253564    809124     39.23     51052    506564    736528     28.49    691680     72600       424
05:23:22 AM   1253736    808952     39.22     51052    506576    736528     28.49    691424     72600       436
Average:      1255055    807633     39.15     50935    505184    736528     28.49    689939     72605       435
