       eth0       
 KB/s in  KB/s out
    2.14      0.48
    1.59      0.48
    0.51      0.48
    1.74      0.48
    0.39      0.72
    1.09      0.52
    4.05      4.39
    0.89      0.39
    1.04      0.29
    1.20      0.30
    1.05      0.30
    3.16      0.49
    1.68      0.49
    1.72      0.49
    0.47      0.49
    1.78      0.49
 5839.23   5898.75
 8590.78   8679.66
 8231.16   8314.73
 9221.97   9321.51
 9130.49   9229.66
 8896.87   8990.35
       eth0       
 KB/s in  KB/s out
 8865.54   8960.37
 8750.05   8841.76
 9066.52   9164.38
 8887.66   8982.04
10619.24  10745.06
12854.97  13018.54
11284.43  11421.46
12239.25  12392.28
11357.45  11493.75
11130.12  11263.60
12378.82  12534.49
12387.80  12543.18
12121.25  12271.07
11632.15  11774.98
10243.32  10361.24
11698.43  11841.75
13847.86  14030.54
12240.04  12393.28
13487.43  13661.59
 9864.48   9974.51
11538.64  11679.32
12595.86  12754.83
       eth0       
 KB/s in  KB/s out
11149.53  11283.96
12601.91  12761.20
11247.63  11383.50
11174.84  11308.64
11022.42  11153.37
12059.86  12210.14
14626.20  14821.26
10948.19  11078.19
11114.66  11248.03
13205.20  13375.26
11600.87  11743.09
10559.04  10682.65
14525.90  14719.55
12762.82  12925.80
10515.03  10638.55
 8847.40   8939.85
11634.31  11774.67
11692.95  11835.80
12414.75  12571.15
13425.84  13598.87
11372.00  11510.08
11473.94  11613.90
       eth0       
 KB/s in  KB/s out
12137.28  12288.64
11181.00  11314.62
12345.60  12500.32
11843.55  11989.99
 9641.23   9748.63
11627.71  11768.37
10786.80  10913.89
12438.70  12595.42
12479.71  12637.61
11486.10  11625.45
10743.33  10871.89
11463.46  11603.07
10402.96  10523.59
12575.44  12734.32
10897.75  11026.75
12219.80  12371.86
12697.00  12858.71
11379.96  11517.54
13146.43  13315.01
11976.86  12125.38
14843.28  15042.60
11298.37  11434.72
       eth0       
 KB/s in  KB/s out
11388.01  11526.28
10087.09  10201.52
13996.48  14179.51
11659.71  11801.90
10513.23  10636.61
12066.09  12215.42
 9113.78   9211.75
13342.49  13514.84
11166.66  11300.68
11993.12  12140.97
12898.38  13062.64
11664.28  11806.10
11711.60  11855.26
10390.77  10508.99
    0.00      0.00
11790.03  11935.11
14328.48  14518.72
12263.92  12416.00
10841.53  10970.59
11376.78  11515.13
13404.51  13578.32
13194.13  13363.69
       eth0       
 KB/s in  KB/s out
11020.86  11152.87
11144.95  11277.19
11103.76  11236.95
13445.86  13620.46
12526.97  12685.41
11429.43  11568.25
14859.27  15057.47
11507.97  11648.22
12524.56  12681.70
12196.78  12348.54
10345.08  10463.70
13517.20  13693.01
11554.01  11694.70
11644.03  11786.95
11343.64  11480.98
11243.67  11380.28
11743.78  11888.43
10339.70  10459.61
 9906.39  10018.67
10692.83  10818.72
13277.88  13449.51
12061.91  12209.95
       eth0       
 KB/s in  KB/s out
11830.90  11975.49
13231.53  13402.70
12992.58  13158.73
13363.18  13536.03
 1307.98   1328.20
   15.86     15.52
    7.04      6.39
    2.42      2.06
       eth0       
 KB/s in  KB/s out
    1.68      0.48
    0.68      0.48
    1.19      0.48
    0.43      0.39
    1.43      0.39
    0.80      0.72
    1.82      0.67
    3.96      4.41
    0.82      0.29
    0.44      0.30
    1.68      0.30
    0.51      0.30
    0.43      0.49
    0.42      0.49
    0.82      0.49
    0.69      0.49
    0.68      0.49
 6103.48   6164.17
 8569.63   8658.28
 8838.21   8932.44
 8879.14   8971.76
 8599.89   8687.83
       eth0       
 KB/s in  KB/s out
 8996.73   9092.95
 9051.40   9148.80
 8948.34   9044.05
 8646.98   8735.83
 9169.26   9268.46
11210.64  11345.35
12083.86  12233.94
11839.87  11986.50
11944.44  12091.62
12535.74  12694.51
10864.19  10993.57
12661.63  12823.15
13565.75  13742.36
12259.51  12413.25
13148.75  13316.86
 9763.71   9873.39
10429.81  10551.56
12788.78  12952.83
11613.36  11754.23
11094.30  11228.10
13247.02  13419.43
11100.28  11234.46
       eth0       
 KB/s in  KB/s out
10168.50  10285.28
 9713.29   9822.35
11663.57  11807.38
11838.34  11983.96
10750.37  10877.48
11532.83  11673.65
11404.02  11540.75
12639.08  12797.73
11694.63  11838.27
11857.44  12004.16
12296.35  12451.15
10080.88  10193.95
11294.33  11430.70
11368.79  11507.58
11283.24  11420.06
11930.77  12079.46
12277.61  12430.51
10917.55  11047.04
13414.23  13588.31
 9946.57  10059.65
10730.18  10856.30
11842.82  11989.81
       eth0       
 KB/s in  KB/s out
10501.61  10624.32
10947.41  11077.79
12373.52  12528.72
10518.01  10641.51
11350.12  11487.42
10566.17  10690.28
11388.32  11526.76
12438.42  12595.86
11667.91  11811.04
 9744.49   9854.27
10544.77  10668.14
11208.27  11343.04
11606.44  11749.45
12674.64  12836.18
11813.03  11957.13
10370.30  10489.29
13235.88  13406.65
 9836.91   9947.50
13248.53  13419.52
12287.44  12440.12
10810.94  10939.08
12800.63  12964.64
       eth0       
 KB/s in  KB/s out
 8899.06   8993.67
12101.36  12252.35
12641.41  12800.70
11595.16  11737.58
 9968.66  10081.69
10143.47  10260.40
 9934.91  10047.52
10617.06  10742.08
12718.48  12880.03
13056.73  13224.86
11865.84  12011.99
11859.75  12006.18
11691.84  11835.29
12644.12  12805.38
10924.07  11053.68
11572.08  11713.71
12573.29  12732.95
11444.92  11583.66
10645.82  10770.90
10326.63  10444.17
11729.51  11873.60
 9133.58   9231.00
       eth0       
 KB/s in  KB/s out
 9979.06  10092.00
13242.02  13411.41
12470.83  12629.66
10372.82  10493.08
10315.79  10436.01
11226.38  11360.18
11054.37  11186.68
12320.03  12474.98
 8759.45   8851.46
10685.29  10811.48
 9223.18   9322.12
12153.46  12305.13
11617.30  11758.82
12603.92  12763.95
13420.09  13593.44
11257.56  11393.56
11894.46  12041.99
12685.70  12846.93
10966.81  11097.32
11319.38  11455.65
 9825.90   9936.98
11623.01  11765.78
       eth0       
 KB/s in  KB/s out
12334.46  12489.10
 9632.79   9740.21
12955.13  13120.85
13070.91  13239.08
10972.99  11104.81
 1582.12   1608.19
   13.09     12.52
    4.20      3.44
