Linux 4.4.0-31-generic (dpi-suricata) 	12/10/2017 	_i686_	(1 CPU)

01:35:32 AM kbmemfree kbmemused  %memused kbbuffers  kbcached  kbcommit   %commit  kbactive   kbinact   kbdirty
01:35:33 AM    333280   1729408     83.84     89540    761360    984568     38.09    848340    812932       296
01:35:34 AM    332876   1729812     83.86     89540    761396    984568     38.09    848412    812912       324
01:35:35 AM    332628   1730060     83.87     89540    761412    984568     38.09    848424    812908       340
01:35:36 AM    332536   1730152     83.88     89540    761436    984568     38.09    848452    812908       364
01:35:37 AM    332504   1730184     83.88     89548    761464    984568     38.09    848484    812908       452
01:35:38 AM    331512   1731176     83.93     89548    761516    984568     38.09    849984    812908       340
01:35:39 AM    329436   1733252     84.03     89548    761564    984568     38.09    851776    812908       396
01:35:40 AM    327700   1734988     84.11     89548    761676    984568     38.09    853608    812908       508
01:35:41 AM    326676   1736012     84.16     89548    761672    984568     38.09    854844    812912       504
01:35:42 AM    324724   1737964     84.26     89552    761712    984568     38.09    856768    812912       548
01:35:43 AM    323112   1739576     84.34     89552    761764    984568     38.09    858416    812912       620
01:35:44 AM    321624   1741064     84.41     89552    761800    984568     38.09    859968    812912       656
01:35:45 AM    318276   1744412     84.57     89552    761848    984568     38.09    863048    812912       704
01:35:46 AM    317036   1745652     84.63     89552    761900    984568     38.09    864328    812908       756
01:35:47 AM    315020   1747668     84.73     89556    761940    984568     38.09    866476    812908       800
01:35:48 AM    312540   1750148     84.85     89556    762056    984568     38.09    868632    812908       912
01:35:49 AM    310960   1751728     84.92     89556    762052    984568     38.09    870216    812916       908
01:35:50 AM    309348   1753340     85.00     89556    762092    984568     38.09    871684    812912       948
01:35:51 AM    308108   1754580     85.06     89556    762180    984568     38.09    872996    812908      1036
01:35:52 AM    306992   1755696     85.12     89564    762164    984568     38.09    874320    812908      1028
01:35:53 AM    305204   1757484     85.20     89568    762216    984568     38.09    875776    812912       960
01:35:54 AM    304488   1758200     85.24     89568    762248    984568     38.09    876552    812912       972
01:35:55 AM    303704   1758984     85.28     89568    762300    984568     38.09    877420    812908      1024
01:35:56 AM    303092   1759596     85.31     89568    762336    984568     38.09    878016    812908      1060
01:35:57 AM    302852   1759836     85.32     89568    762360    984568     38.09    878336    812908      1084
01:35:58 AM    302388   1760300     85.34     89568    762408    984568     38.09    879112    812908      1148
01:35:59 AM    301768   1760920     85.37     89568    762444    984568     38.09    879484    812908      1168
01:36:00 AM    300652   1762036     85.42     89568    762480    984568     38.09    880636    812916      1204
01:36:01 AM    299380   1763308     85.49     89568    762512    984568     38.09    881588    812912      1236
01:36:02 AM    297736   1764952     85.57     89572    762560    984568     38.09    883324    812908      1288
01:36:03 AM    296700   1765988     85.62     89572    762608    984568     38.09    884336    812908       896
01:36:04 AM    296116   1766572     85.64     89572    762640    984568     38.09    884720    812904       920
01:36:05 AM    294876   1767812     85.70     89572    762688    984568     38.09    885912    812908       972
01:36:06 AM    293840   1768848     85.75     89572    762728    984568     38.09    887284    812904      1012
01:36:07 AM    292164   1770524     85.84     89576    762836    984568     38.09    889264    812908      1124
01:36:08 AM    291420   1771268     85.87     89576    762840    984568     38.09    890052    812912       212
01:36:09 AM    290304   1772384     85.93     89576    762888    984568     38.09    891032    812908       260
01:36:10 AM    288940   1773748     85.99     89576    762908    984568     38.09    892436    812904       280
01:36:11 AM    287700   1774988     86.05     89576    762948    984568     38.09    893616    812904       320
01:36:12 AM    285760   1776928     86.15     89580    762972    984568     38.09    895108    812908       348
01:36:13 AM    284468   1778220     86.21     89580    763020    984568     38.09    896716    812908       344
01:36:14 AM    283848   1778840     86.24     89580    763052    984568     38.09    897096    812912       348
01:36:15 AM    282112   1780576     86.32     89580    763080    984568     38.09    899008    812904       376
01:36:16 AM    280500   1782188     86.40     89580    763124    984568     38.09    900676    812908       420
01:36:17 AM    279384   1783304     86.46     89584    763160    984568     38.09    901752    812904       460
01:36:18 AM    278484   1784204     86.50     89584    763180    984568     38.09    903120    812904       496
01:36:19 AM    276896   1785792     86.58     89584    763212    984568     38.09    904492    812904       528
01:36:20 AM    275160   1787528     86.66     89584    763248    984568     38.09    906272    812908       564
01:36:21 AM    273276   1789412     86.75     89584    763288    984568     38.09    907444    812904       604
01:36:22 AM    272928   1789760     86.77     89592    763316    984568     38.09    907800    812908       640
01:36:23 AM    272156   1790532     86.81     89592    763364    984568     38.09    908984    812908       688
01:36:24 AM    271176   1791512     86.85     89592    763388    984568     38.09    909964    812904       712
01:36:25 AM    269780   1792908     86.92     89592    763412    984568     38.09    911000    812904       736
01:36:26 AM    268508   1794180     86.98     89592    763444    984568     38.09    912484    812904       768
01:36:27 AM    267328   1795360     87.04     89596    763472    984568     38.09    913780    812904       800
01:36:28 AM    265968   1796720     87.11     89596    763500    984568     38.09    915072    812904       824
01:36:29 AM    264844   1797844     87.16     89596    763532    984568     38.09    916100    812904       856
01:36:30 AM    264736   1797952     87.17     89596    763576    984568     38.09    916352    812912       900
01:36:31 AM    263836   1798852     87.21     89596    763604    984568     38.09    917348    812908       928
01:36:32 AM    262876   1799812     87.26     89604    763660    984568     38.09    918224    812912       940
01:36:33 AM    261760   1800928     87.31     89604    763660    984568     38.09    919156    812912       984
01:36:34 AM    261056   1801632     87.34     89604    763688    984568     38.09    920160    812908      1012
01:36:35 AM    259264   1803424     87.43     89604    763720    984568     38.09    921812    812908      1044
01:36:36 AM    258148   1804540     87.48     89604    763752    984568     38.09    922888    812908      1076
01:36:37 AM    256784   1805904     87.55     89608    763796    984568     38.09    924168    812904      1124
01:36:38 AM    256372   1806316     87.57     89608    763828    984568     38.09    924676    812904       124
01:36:39 AM    256288   1806400     87.58     89608    763856    984568     38.09    924632    812912       184
01:36:40 AM    256288   1806400     87.58     89608    763904    984568     38.09    924700    812912       184
01:36:41 AM    255264   1807424     87.62     89608    763928    984568     38.09    926036    812904       208
01:36:42 AM    254676   1808012     87.65     89612    763964    984568     38.09    926840    812904       248
01:36:43 AM    253436   1809252     87.71     89612    763996    984568     38.09    927852    812904       276
01:36:44 AM    252940   1809748     87.74     89612    764048    984568     38.09    928484    812912       340
01:36:45 AM    250988   1811700     87.83     89612    764076    984568     38.09    929804    812912       368
01:36:46 AM    250032   1812656     87.88     89612    764092    984568     38.09    930892    812908       384
01:36:47 AM    249536   1813152     87.90     89616    764132    984568     38.09    931316    812908       428
01:36:48 AM    248428   1814260     87.96     89616    764164    984568     38.09    932480    812908       404
01:36:49 AM    248156   1814532     87.97     89616    764192    984568     38.09    932860    812908       404
01:36:50 AM    246956   1815732     88.03     89616    764288    984568     38.09    934172    812908       500
01:36:51 AM    245964   1816724     88.08     89616    764348    984568     38.09    935156    812908       564
01:36:52 AM    245344   1817344     88.11     89616    764340    984568     38.09    935808    812904       556
01:36:53 AM    243204   1819484     88.21     89616    764404    984568     38.09    937824    812900       640
01:36:54 AM    242896   1819792     88.22     89616    764480    984568     38.09    938264    812900       716
01:36:55 AM    242176   1820512     88.26     89616    764480    984568     38.09    938416    812904       716
01:36:56 AM    240780   1821908     88.33     89616    764588    984568     38.09    940372    812908       824
01:36:57 AM    240392   1822296     88.35     89624    764660    984568     38.09    940844    812900       904
01:36:58 AM    239392   1823296     88.39     89624    764668    984568     38.09    941404    812904       908
01:36:59 AM    238924   1823764     88.42     89624    764712    984568     38.09    942092    812900       952
01:37:00 AM    237644   1825044     88.48     89624    764768    984568     38.09    943524    812900      1008
01:37:01 AM    237172   1825516     88.50     89624    764816    984568     38.09    944096    812900      1056
01:37:02 AM    236432   1826256     88.54     89632    764852    984568     38.09    944800    812900      1100
01:37:03 AM    235772   1826916     88.57     89632    764964    984568     38.09    945648    812908      1204
01:37:04 AM    235200   1827488     88.60     89632    765024    984568     38.09    946264    812904      1264
01:37:05 AM    234828   1827860     88.62     89632    765024    984568     38.09    946484    812900      1264
01:37:06 AM    233276   1829412     88.69     89632    765076    984568     38.09    947940    812904      1316
01:37:07 AM    232376   1830312     88.73     89632    765100    984568     38.09    949176    812904      1340
01:37:08 AM    230640   1832048     88.82     89632    765200    984568     38.09    950388    812904       632
01:37:09 AM    229896   1832792     88.85     89632    765204    984568     38.09    951188    812904       616
01:37:10 AM    229176   1833512     88.89     89632    765304    984568     38.09    952132    812904       716
01:37:11 AM    227564   1835124     88.97     89632    765352    984568     38.09    953616    812904       764
01:37:12 AM    225948   1836740     89.05     89640    765392    984568     38.09    955224    812904       804
01:37:13 AM    224248   1838440     89.13     89640    765456    984568     38.09    956756    812904       264
01:37:14 AM    222792   1839896     89.20     89640    765512    984568     38.09    958180    812912       388
01:37:15 AM    222196   1840492     89.23     89640    765572    984568     38.09    959012    812912       452
01:37:16 AM    220708   1841980     89.30     89640    765600    984568     38.09    960420    812904       480
01:37:17 AM    219220   1843468     89.37     89640    765640    984568     38.09    962004    812904       520
01:37:18 AM    218136   1844552     89.42     89640    765724    984568     38.09    963036    812912       608
01:37:19 AM    216492   1846196     89.50     89640    765776    984568     38.09    964656    812916       664
01:37:20 AM    215136   1847552     89.57     89640    765816    984568     38.09    965928    812916       704
01:37:21 AM    214300   1848388     89.61     89640    765836    984568     38.09    967168    812916       724
01:37:22 AM    212812   1849876     89.68     89640    765904    984568     38.09    968312    812920       792
01:37:23 AM    211912   1850776     89.73     89644    765980    984568     38.09    969100    812912       792
01:37:24 AM    210896   1851792     89.78     89644    766036    984568     38.09    970408    812912       848
01:37:25 AM    209192   1853496     89.86     89644    766084    984568     38.09    971952    812908       900
01:37:26 AM    205840   1856848     90.02     89644    766140    984568     38.09    975012    812912       956
01:37:27 AM    205064   1857624     90.06     89644    766188    984568     38.09    976004    812912      1004
01:37:28 AM    204320   1858368     90.09     89644    766236    984568     38.09    976688    812904      1076
01:37:29 AM    203452   1859236     90.14     89644    766276    984568     38.09    977336    812912      1116
01:37:30 AM    202360   1860328     90.19     89644    766316    984568     38.09    978760    812912      1156
01:37:31 AM    201492   1861196     90.23     89644    766356    984568     38.09    979740    812904      1196
01:37:32 AM    199608   1863080     90.32     89644    766416    984568     38.09    981704    812900      1256
01:37:33 AM    198584   1864104     90.37     89652    766448    984568     38.09    982776    812908      1288
01:37:34 AM    196416   1866272     90.48     89652    766520    984568     38.09    984812    812904      1360
01:37:35 AM    196136   1866552     90.49     89652    766580    984568     38.09    984980    812904      1420
01:37:36 AM    195140   1867548     90.54     89652    766620    984568     38.09    985908    812904      1460
01:37:37 AM    194056   1868632     90.59     89652    766652    984568     38.09    987012    812904      1492
01:37:38 AM    192444   1870244     90.67     89656    766696    984568     38.09    988368    812908      1536
01:37:39 AM    192288   1870400     90.68     89656    766760    984568     38.09    988452    812904      1600
01:37:40 AM    192288   1870400     90.68     89656    766800    984568     38.09    988472    812900      1640
01:37:41 AM    192320   1870368     90.68     89656    766832    984568     38.09    988516    812900      1672
01:37:42 AM    192164   1870524     90.68     89656    766872    984568     38.09    988548    812904      1712
01:37:43 AM    192196   1870492     90.68     89660    766916    984568     38.09    988600    812908       588
01:37:44 AM    192072   1870616     90.69     89660    766952    984568     38.09    988640    812904       624
01:37:45 AM    191948   1870740     90.69     89660    766992    984568     38.09    988692    812904       664
01:37:46 AM    191848   1870840     90.70     89660    767036    984568     38.09    988752    812904       708
01:37:47 AM    191848   1870840     90.70     89660    767084    984568     38.09    988796    812900       756
01:37:48 AM    191880   1870808     90.70     89668    767116    984568     38.09    988844    812900       228
01:37:49 AM    191848   1870840     90.70     89668    767152    984568     38.09    988868    812904       284
01:37:50 AM    191880   1870808     90.70     89668    767200    984568     38.09    988932    812904       332
01:37:51 AM    191956   1870732     90.69     89668    767232    984568     38.09    988880    812904       364
01:37:52 AM    192012   1870676     90.69     89668    767260    984568     38.09    988892    812904       392
Average:       255194   1807494     87.63     89607    764200    984568     38.09    925917    812907       772
Linux 4.4.0-31-generic (dpi-suricata) 	12/10/2017 	_i686_	(1 CPU)

05:26:06 AM kbmemfree kbmemused  %memused kbbuffers  kbcached  kbcommit   %commit  kbactive   kbinact   kbdirty
05:26:07 AM    361008   1701680     82.50     56376    768664    984708     38.09    766856    867568       968
05:26:08 AM    360884   1701804     82.50     56376    768704    984708     38.09    766924    867556      1012
05:26:09 AM    360760   1701928     82.51     56388    768704    984708     38.09    766932    867556        52
05:26:10 AM    360792   1701896     82.51     56388    768772    984708     38.09    766996    867556       108
05:26:11 AM    360760   1701928     82.51     56388    768804    984708     38.09    767032    867552       192
05:26:12 AM    359132   1703556     82.59     56388    768896    984708     38.09    768904    867544       316
05:26:13 AM    357220   1705468     82.68     56388    768908    984708     38.09    770724    867548       328
05:26:14 AM    354168   1708520     82.83     56388    768956    984708     38.09    773824    867548       376
05:26:15 AM    352280   1710408     82.92     56388    768996    984708     38.09    775644    867548       416
05:26:16 AM    350148   1712540     83.02     56392    769088    984708     38.09    777872    867552       460
05:26:17 AM    347740   1714948     83.14     56392    769084    984708     38.09    780188    867540       504
05:26:18 AM    345428   1717260     83.25     56392    769136    984708     38.09    782400    867540       556
05:26:19 AM    343848   1718840     83.33     56392    769168    984708     38.09    783992    867544       588
05:26:20 AM    342108   1720580     83.41     56392    769212    984708     38.09    785840    867544       632
05:26:21 AM    339756   1722932     83.53     56400    769248    984708     38.09    788164    867544       676
05:26:22 AM    337400   1725288     83.64     56400    769296    984708     38.09    790512    867548       716
05:26:23 AM    334668   1728020     83.78     56400    769336    984708     38.09    793620    867544       756
05:26:24 AM    333676   1729012     83.82     56400    769396    984708     38.09    794356    867544       816
05:26:25 AM    332808   1729880     83.87     56400    769476    984708     38.09    795508    867540       896
05:26:26 AM    331916   1730772     83.91     56400    769464    984708     38.09    796144    867540       884
05:26:27 AM    330028   1732660     84.00     56400    769548    984708     38.09    797668    867532       968
05:26:28 AM    329220   1733468     84.04     56400    769544    984708     38.09    798620    867532       964
05:26:29 AM    328260   1734428     84.09     56400    769584    984708     38.09    799572    867532      1004
05:26:30 AM    326320   1736368     84.18     56400    769696    984708     38.09    801576    867532      1116
05:26:31 AM    325400   1737288     84.22     56408    769668    984708     38.09    802556    867532      1096
05:26:32 AM    323268   1739420     84.33     56408    769724    984708     38.09    804524    867536      1144
05:26:33 AM    322872   1739816     84.35     56408    769764    984708     38.09    805136    867536      1184
05:26:34 AM    321540   1741148     84.41     56408    769800    984708     38.09    806208    867532      1220
05:26:35 AM    320912   1741776     84.44     56408    769848    984708     38.09    806712    867536      1268
05:26:36 AM    320424   1742264     84.47     56412    769872    984708     38.09    807604    867536      1296
05:26:37 AM    319760   1742928     84.50     56412    769932    984708     38.09    808244    867540      1352
05:26:38 AM    319044   1743644     84.53     56412    770020    984708     38.09    808980    867532      1440
05:26:39 AM    317804   1744884     84.59     56412    770028    984708     38.09    810004    867532       584
05:26:40 AM    316408   1746280     84.66     56412    770068    984708     38.09    811540    867528       612
05:26:41 AM    314392   1748296     84.76     56416    770156    984708     38.09    813436    867528       704
05:26:42 AM    313448   1749240     84.80     56416    770156    984708     38.09    814504    867528       704
05:26:43 AM    312224   1750464     84.86     56416    770192    984708     38.09    815828    867532       740
05:26:44 AM    311572   1751116     84.89     56436    770256    984708     38.09    816404    867532       152
05:26:45 AM    309248   1753440     85.01     56436    770260    984708     38.09    818912    867528       156
05:26:46 AM    308620   1754068     85.04     56444    770288    984708     38.09    819524    867532       268
05:26:47 AM    307348   1755340     85.10     56444    770328    984708     38.09    820428    867524       312
05:26:48 AM    305524   1757164     85.19     56444    770356    984708     38.09    822612    867524       340
05:26:49 AM    304716   1757972     85.23     56444    770376    984708     38.09    823020    867528       360
05:26:50 AM    303880   1758808     85.27     56444    770412    984708     38.09    824056    867528       396
05:26:51 AM    302548   1760140     85.33     56452    770416    984708     38.09    825528    867528       408
05:26:52 AM    301368   1761320     85.39     56452    770468    984708     38.09    826440    867528       456
05:26:53 AM    299572   1763116     85.48     56452    770500    984708     38.09    828124    867524       488
05:26:54 AM    297960   1764728     85.55     56452    770536    984708     38.09    829664    867524       524
05:26:55 AM    297308   1765380     85.59     56452    770552    984708     38.09    831008    867524       540
05:26:56 AM    295852   1766836     85.66     56460    770576    984708     38.09    832252    867524       572
05:26:57 AM    293992   1768696     85.75     56460    770612    984708     38.09    834148    867524       600
05:26:58 AM    293464   1769224     85.77     56460    770648    984708     38.09    834484    867528       636
05:26:59 AM    292224   1770464     85.83     56460    770672    984708     38.09    835712    867532       660
05:27:00 AM    291356   1771332     85.87     56460    770708    984708     38.09    836432    867524       696
05:27:01 AM    290148   1772540     85.93     56464    770744    984708     38.09    837892    867528       736
05:27:02 AM    288504   1774184     86.01     56464    770816    984708     38.09    839608    867524       804
05:27:03 AM    287792   1774896     86.05     56464    770816    984708     38.09    840232    867524       804
05:27:04 AM    286552   1776136     86.11     56464    770848    984708     38.09    841348    867524       836
05:27:05 AM    285560   1777128     86.16     56464    770872    984708     38.09    842072    867524       860
05:27:06 AM    284940   1777748     86.19     56472    770896    984708     38.09    842804    867520       892
05:27:07 AM    283204   1779484     86.27     56472    770972    984708     38.09    844320    867520       960
05:27:08 AM    282676   1780012     86.30     56472    771004    984708     38.09    845000    867524       992
05:27:09 AM    281800   1780888     86.34     56472    771036    984708     38.09    846072    867520        20
05:27:10 AM    280660   1782028     86.39     56472    771072    984708     38.09    846976    867524        92
05:27:11 AM    280352   1782336     86.41     56472    771100    984708     38.09    847636    867516       120
05:27:12 AM    279360   1783328     86.46     56472    771124    984708     38.09    848596    867516       208
05:27:13 AM    278740   1783948     86.49     56472    771180    984708     38.09    849124    867516       264
05:27:14 AM    278584   1784104     86.49     56472    771224    984708     38.09    849328    867516       308
05:27:15 AM    278328   1784360     86.51     56472    771260    984708     38.09    849500    867516       344
05:27:16 AM    277748   1784940     86.53     56480    771292    984708     38.09    850472    867512       380
05:27:17 AM    275236   1787452     86.66     56480    771332    984708     38.09    852840    867512       420
05:27:18 AM    274120   1788568     86.71     56480    771356    984708     38.09    853812    867516       444
05:27:19 AM    272880   1789808     86.77     56480    771400    984708     38.09    854936    867516       488
05:27:20 AM    272664   1790024     86.78     56480    771432    984708     38.09    854980    867516       520
05:27:21 AM    272416   1790272     86.79     56488    771468    984708     38.09    855560    867512       556
05:27:22 AM    271764   1790924     86.82     56488    771500    984708     38.09    856164    867512       588
05:27:23 AM    270276   1792412     86.90     56488    771556    984708     38.09    857916    867516       644
05:27:24 AM    268572   1794116     86.98     56488    771608    984708     38.09    859600    867516       696
05:27:25 AM    267704   1794984     87.02     56488    771688    984708     38.09    860236    867520       776
05:27:26 AM    267044   1795644     87.05     56492    771728    984708     38.09    861064    867520       816
05:27:27 AM    266204   1796484     87.09     56492    771800    984708     38.09    861944    867516       888
05:27:28 AM    263940   1798748     87.20     56492    771868    984708     38.09    864248    867512       956
05:27:29 AM    262836   1799852     87.26     56492    771920    984708     38.09    865016    867508      1008
05:27:30 AM    261472   1801216     87.32     56492    771976    984708     38.09    866304    867516      1064
05:27:31 AM    259984   1802704     87.40     56500    772012    984708     38.09    867836    867512      1100
05:27:32 AM    259000   1803688     87.44     56500    772084    984708     38.09    868816    867516      1172
05:27:33 AM    257628   1805060     87.51     56500    772108    984708     38.09    870060    867512      1196
05:27:34 AM    257412   1805276     87.52     56500    772192    984708     38.09    870340    867512         4
05:27:35 AM    256140   1806548     87.58     56500    772256    984708     38.09    871712    867520       112
05:27:36 AM    253784   1808904     87.70     56504    772324    984708     38.09    874112    867520       188
05:27:37 AM    253032   1809656     87.73     56504    772360    984708     38.09    874632    867512       288
05:27:38 AM    252288   1810400     87.77     56504    772424    984708     38.09    875292    867516       352
05:27:39 AM    251824   1810864     87.79     56504    772456    984708     38.09    876420    867512       384
05:27:40 AM    250956   1811732     87.83     56504    772524    984708     38.09    877152    867516       452
05:27:41 AM    249592   1813096     87.90     56512    772572    984708     38.09    878476    867516       508
05:27:42 AM    248724   1813964     87.94     56512    772604    984708     38.09    879276    867516       532
05:27:43 AM    247932   1814756     87.98     56512    772676    984708     38.09    879996    867512       604
05:27:44 AM    247848   1814840     87.98     56512    772716    984708     38.09    879956    867512       644
05:27:45 AM    247360   1815328     88.01     56512    772776    984708     38.09    880516    867512       704
05:27:46 AM    246492   1816196     88.05     56512    772828    984708     38.09    881368    867516       756
05:27:47 AM    245384   1817304     88.10     56512    772880    984708     38.09    882660    867516       808
05:27:48 AM    243888   1818800     88.18     56512    772936    984708     38.09    884052    867512       864
05:27:49 AM    242516   1820172     88.24     56512    772972    984708     38.09    885428    867512       900
05:27:50 AM    241772   1820916     88.28     56512    773028    984708     38.09    886084    867512       956
05:27:51 AM    240780   1821908     88.33     56520    773072    984708     38.09    887296    867508      1008
05:27:52 AM    239920   1822768     88.37     56520    773144    984708     38.09    888116    867508      1072
05:27:53 AM    239044   1823644     88.41     56520    773188    984708     38.09    888972    867508      1116
05:27:54 AM    237432   1825256     88.49     56520    773244    984708     38.09    890292    867508      1172
05:27:55 AM    236440   1826248     88.54     56520    773296    984708     38.09    891248    867508      1224
05:27:56 AM    235160   1827528     88.60     56524    773352    984708     38.09    892660    867512      1284
05:27:57 AM    234456   1828232     88.63     56524    773372    984708     38.09    893464    867504      1300
05:27:58 AM    233844   1828844     88.66     56524    773440    984708     38.09    893824    867512      1368
05:27:59 AM    233572   1829116     88.68     56524    773496    984708     38.09    894284    867516         0
05:28:00 AM    232860   1829828     88.71     56524    773548    984708     38.09    895092    867512       100
05:28:01 AM    231992   1830696     88.75     56532    773592    984708     38.09    895920    867504       156
05:28:02 AM    230380   1832308     88.83     56532    773652    984708     38.09    897540    867504       280
05:28:03 AM    230132   1832556     88.84     56532    773680    984708     38.09    897592    867504       308
05:28:04 AM    228768   1833920     88.91     56532    773740    984708     38.09    898824    867508       368
05:28:05 AM    227776   1834912     88.96     56532    773788    984708     38.09    900032    867504       416
05:28:06 AM    226876   1835812     89.00     56540    773832    984708     38.09    900820    867508       468
05:28:07 AM    224784   1837904     89.10     56540    773896    984708     38.09    903028    867508       524
05:28:08 AM    223496   1839192     89.16     56540    773956    984708     38.09    904188    867508       584
05:28:09 AM    222560   1840128     89.21     56540    773996    984708     38.09    905556    867508       624
05:28:10 AM    221692   1840996     89.25     56540    774040    984708     38.09    905936    867508       668
05:28:11 AM    220016   1842672     89.33     56548    774080    984708     38.09    907640    867508       716
05:28:12 AM    219172   1843516     89.37     56548    774124    984708     38.09    908344    867508       752
05:28:13 AM    219072   1843616     89.38     56548    774156    984708     38.09    908360    867504       784
05:28:14 AM    219196   1843492     89.37     56548    774196    984708     38.09    908380    867504       824
05:28:15 AM    219040   1843648     89.38     56548    774236    984708     38.09    908436    867508       864
05:28:16 AM    219064   1843624     89.38     56552    774260    984708     38.09    908476    867512       892
05:28:17 AM    219032   1843656     89.38     56552    774308    984708     38.09    908456    867508       936
05:28:18 AM    218924   1843764     89.39     56552    774340    984708     38.09    908484    867504       968
05:28:19 AM    219056   1843632     89.38     56552    774376    984708     38.09    908520    867500      1004
05:28:20 AM    219016   1843672     89.38     56552    774408    984708     38.09    908612    867500      1036
05:28:21 AM    218972   1843716     89.38     56556    774452    984708     38.09    908564    867504      1084
05:28:22 AM    218940   1843748     89.39     56556    774512    984708     38.09    908624    867504      1140
05:28:23 AM    218848   1843840     89.39     56556    774556    984708     38.09    908676    867504      1184
05:28:24 AM    218816   1843872     89.39     56556    774580    984708     38.09    908700    867504      1208
05:28:25 AM    218724   1843964     89.40     56556    774604    984708     38.09    908676    867508      1232
05:28:26 AM    218932   1843756     89.39     56560    774636    984708     38.09    908624    867500      1268
Average:       278477   1784211     86.50     56474    771555    984708     38.09    849385    867522       694
