Linux 4.4.0-31-generic (ids-suricata) 	12/10/2017 	_i686_	(1 CPU)

02:20:38 AM kbmemfree kbmemused  %memused kbbuffers  kbcached  kbcommit   %commit  kbactive   kbinact   kbdirty
02:20:39 AM    128796   1933892     93.76     82980    943932    738944     28.59   1031372    838860       444
02:20:40 AM    128456   1934232     93.77     82984    943956    738944     28.59   1031432    838844       524
02:20:41 AM    128456   1934232     93.77     82984    944004    738944     28.59   1031476    838840       576
02:20:42 AM    128332   1934356     93.78     82984    944028    738944     28.59   1031500    838840       604
02:20:43 AM    128300   1934388     93.78     82984    944056    738944     28.59   1031528    838840       632
02:20:44 AM    128216   1934472     93.78     82984    944076    738944     28.59   1031556    838840       652
02:20:45 AM    123576   1939112     94.01     82984    944120    759484     29.38   1034796    838852       704
02:20:46 AM    123360   1939328     94.02     82984    944144    759484     29.38   1034832    838848       744
02:20:47 AM    123204   1939484     94.03     82984    944172    759484     29.38   1034872    838848       772
02:20:48 AM    123236   1939452     94.03     82984    944192    759484     29.38   1034900    838848       792
02:20:49 AM    122740   1939948     94.05     82984    944220    759484     29.38   1034928    838848       820
02:20:50 AM    122616   1940072     94.06     82988    944248    759484     29.38   1034972    838848       852
02:20:51 AM    122584   1940104     94.06     82988    944288    759484     29.38   1035020    838848       888
02:20:52 AM    122492   1940196     94.06     82988    944312    759484     29.38   1035032    838848       460
02:20:53 AM    122492   1940196     94.06     82988    944328    759484     29.38   1035056    838848       440
02:20:54 AM    122460   1940228     94.06     82988    944368    759484     29.38   1035084    838856       484
02:20:55 AM    122492   1940196     94.06     82992    944440    759484     29.38   1035176    838848       560
02:20:56 AM    122336   1940352     94.07     82992    944452    759484     29.38   1035192    838848       572
02:20:57 AM    122336   1940352     94.07     82996    944488    759484     29.38   1035252    838848       612
02:20:58 AM    122336   1940352     94.07     82996    944532    759484     29.38   1035300    838848       640
02:20:59 AM    122212   1940476     94.08     82996    944572    759484     29.38   1035344    838848       680
02:21:00 AM    122244   1940444     94.07     83000    944612    759484     29.38   1035400    838848       724
02:21:01 AM    122088   1940600     94.08     83000    944652    759484     29.38   1035448    838848       768
02:21:02 AM    122120   1940568     94.08     83000    944692    759484     29.38   1035492    838848       704
02:21:03 AM    122088   1940600     94.08     83000    944804    759484     29.38   1035600    838848       752
02:21:04 AM    121996   1940692     94.09     83000    944804    759484     29.38   1035640    838848       752
02:21:05 AM    121840   1940848     94.09     83008    944840    759484     29.38   1035724    838848       796
02:21:06 AM    121904   1940784     94.09     83008    944884    759484     29.38   1035788    838848       856
02:21:07 AM    121684   1941004     94.10     83008    944936    759484     29.38   1035860    838848       908
02:21:08 AM    121684   1941004     94.10     83008    944968    759484     29.38   1035968    838852       936
02:21:09 AM    121592   1941096     94.11     83008    945084    759484     29.38   1036040    838848      1052
02:21:10 AM    121500   1941188     94.11     83008    945116    759484     29.38   1036100    838852      1084
02:21:11 AM    121368   1941320     94.12     83008    945228    759484     29.38   1036236    838844      1196
02:21:12 AM    121228   1941460     94.12     83008    945232    759484     29.38   1036328    838844       712
02:21:13 AM    121236   1941452     94.12     83008    945288    759484     29.38   1036348    838844       732
02:21:14 AM    121004   1941684     94.13     83008    945340    759484     29.38   1036436    838848       788
02:21:15 AM    121004   1941684     94.13     83012    945388    759484     29.38   1036524    838844       840
02:21:16 AM    121128   1941560     94.13     83012    945492    759484     29.38   1036592    838840       952
02:21:17 AM    120956   1941732     94.14     83012    945496    759484     29.38   1036860    838844       956
02:21:18 AM    120972   1941716     94.14     83012    945608    759484     29.38   1036716    838840      1052
02:21:19 AM    120848   1941840     94.14     83012    945608    759484     29.38   1036764    838844      1056
02:21:20 AM    120756   1941932     94.15     83012    945712    759484     29.38   1036864    838848      1160
02:21:21 AM    120756   1941932     94.15     83012    945728    759484     29.38   1036960    838836      1176
02:21:22 AM    120476   1942212     94.16     83012    945784    759484     29.38   1037012    838836      1232
02:21:23 AM    120444   1942244     94.16     83012    945824    759484     29.38   1037080    838836      1272
02:21:24 AM    120384   1942304     94.16     83012    945876    759484     29.38   1037152    838836      1324
02:21:25 AM    120384   1942304     94.16     83012    945928    759484     29.38   1037240    838836      1376
02:21:26 AM    120228   1942460     94.17     83012    945976    759484     29.38   1037320    838828      1424
02:21:27 AM    120100   1942588     94.18     83012    946032    759484     29.38   1037360    838836       364
02:21:28 AM    120228   1942460     94.17     83012    946064    759484     29.38   1037456    838828       344
02:21:29 AM    120112   1942576     94.18     83012    946104    759484     29.38   1037508    838828       388
02:21:30 AM    120104   1942584     94.18     83012    946144    759484     29.38   1037680    838828       428
02:21:31 AM    119808   1942880     94.19     83012    946188    759484     29.38   1037868    838824       476
02:21:32 AM    119824   1942864     94.19     83012    946220    759484     29.38   1037748    838824       508
02:21:33 AM    119848   1942840     94.19     83012    946260    759484     29.38   1037764    838828       548
02:21:34 AM    119452   1943236     94.21     83012    946292    759484     29.38   1037852    838824       580
02:21:35 AM    119576   1943112     94.20     83012    946324    759484     29.38   1037880    838824       612
02:21:36 AM    119484   1943204     94.21     83012    946348    759484     29.38   1037900    838828       640
02:21:37 AM    119484   1943204     94.21     83012    946384    759484     29.38   1037964    838832       676
02:21:38 AM    119360   1943328     94.21     83012    946412    759484     29.38   1038016    838828       660
02:21:39 AM    119360   1943328     94.21     83012    946508    759484     29.38   1038104    838824       756
02:21:40 AM    119304   1943384     94.22     83020    946496    759484     29.38   1038064    838824       752
02:21:41 AM    119336   1943352     94.21     83020    946520    759484     29.38   1038060    838824       776
02:21:42 AM    119336   1943352     94.21     83020    946568    759484     29.38   1038104    838828       824
02:21:43 AM    119304   1943384     94.22     83020    946588    759484     29.38   1038132    838828       864
02:21:44 AM    119244   1943444     94.22     83020    946636    759484     29.38   1038224    838824       872
02:21:45 AM    119244   1943444     94.22     83020    946648    759484     29.38   1038260    838824       884
02:21:46 AM    119212   1943476     94.22     83020    946672    759484     29.38   1038284    838820       916
02:21:47 AM    119244   1943444     94.22     83020    946688    759484     29.38   1038296    838820       416
02:21:48 AM    118956   1943732     94.23     83020    946720    759484     29.38   1038428    838824       456
02:21:49 AM    118864   1943824     94.24     83020    946736    759484     29.38   1038444    838828       472
02:21:50 AM    118832   1943856     94.24     83024    946756    759484     29.38   1038444    838820       496
02:21:51 AM    118864   1943824     94.24     83024    946784    759484     29.38   1038512    838820       528
02:21:52 AM    118800   1943888     94.24     83024    946808    759484     29.38   1038544    838816       552
02:21:53 AM    118800   1943888     94.24     83024    946828    759484     29.38   1038536    838816       544
02:21:54 AM    118740   1943948     94.24     83024    946852    759484     29.38   1038588    838816       568
02:21:55 AM    118740   1943948     94.24     83028    946920    759484     29.38   1038636    838816       640
02:21:56 AM    118708   1943980     94.24     83028    946924    759484     29.38   1038668    838816       652
02:21:57 AM    118616   1944072     94.25     83028    946936    759484     29.38   1038652    838816       664
02:21:58 AM    118748   1943940     94.24     83028    946988    759484     29.38   1038628    838816       716
02:21:59 AM    118748   1943940     94.24     83028    947036    759484     29.38   1038676    838832       764
02:22:00 AM    118592   1944096     94.25     83028    947064    759484     29.38   1038692    838816       792
02:22:01 AM    118748   1943940     94.24     83032    947152    759484     29.38   1038800    838816       880
02:22:02 AM    118600   1944088     94.25     83032    947164    759484     29.38   1038828    838820       360
02:22:03 AM    118576   1944112     94.25     83032    947216    759484     29.38   1038852    838816       360
02:22:04 AM    118608   1944080     94.25     83032    947252    759484     29.38   1038956    838816       396
02:22:05 AM    118468   1944220     94.26     83032    947292    759484     29.38   1038924    838816       436
02:22:06 AM    118500   1944188     94.26     83036    947344    759484     29.38   1038984    838820       492
02:22:07 AM    118344   1944344     94.26     83036    947384    759484     29.38   1038992    838816       532
02:22:08 AM    118344   1944344     94.26     83036    947428    759484     29.38   1039064    838816       576
02:22:09 AM    118236   1944452     94.27     83036    947480    759484     29.38   1039180    838820       628
02:22:10 AM    118212   1944476     94.27     83036    947560    759484     29.38   1039288    838816       708
02:22:11 AM    118120   1944568     94.27     83036    947560    759484     29.38   1039308    838820       708
02:22:12 AM    118120   1944568     94.27     83036    947604    759484     29.38   1039380    838820       752
02:22:13 AM    117996   1944692     94.28     83036    947652    759484     29.38   1039460    838820       764
02:22:14 AM    117996   1944692     94.28     83036    947704    759484     29.38   1039480    838816       816
02:22:15 AM    117996   1944692     94.28     83040    947776    759484     29.38   1039504    838816       892
02:22:16 AM    115792   1946896     94.39     83040    947836    759484     29.38   1039588    838824       952
02:22:17 AM    117872   1944816     94.29     83040    947840    759484     29.38   1039612    838812       956
02:22:18 AM    117872   1944816     94.29     83040    947940    759484     29.38   1039688    838812       992
02:22:19 AM    117872   1944816     94.29     83040    947944    759484     29.38   1039708    838812      1016
02:22:20 AM    117592   1945096     94.30     83040    948024    759484     29.38   1039768    838812      1096
02:22:21 AM    117624   1945064     94.30     83040    948032    759484     29.38   1039788    838812      1120
02:22:22 AM    117624   1945064     94.30     83040    948072    759484     29.38   1039828    838812       692
02:22:23 AM    117500   1945188     94.30     83040    948152    759484     29.38   1039928    838812       732
02:22:24 AM    117500   1945188     94.30     83040    948220    759484     29.38   1039964    838812       804
02:22:25 AM    117476   1945212     94.30     83040    948220    759484     29.38   1040092    838812       804
02:22:26 AM    117296   1945392     94.31     83044    948264    759484     29.38   1040152    838812       852
02:22:27 AM    117336   1945352     94.31     83044    948340    759484     29.38   1040176    838812       876
02:22:28 AM    117244   1945444     94.32     83044    948400    759484     29.38   1040240    838816       964
02:22:29 AM    117252   1945436     94.32     83044    948408    759484     29.38   1040192    838812       972
02:22:30 AM    117220   1945468     94.32     83044    948460    759484     29.38   1040220    838816      1024
02:22:31 AM    117268   1945420     94.31     83044    948532    759484     29.38   1040256    838812      1104
02:22:32 AM    117128   1945560     94.32     83044    948596    759484     29.38   1040344    838812       232
02:22:33 AM    116972   1945716     94.33     83044    948608    759484     29.38   1040404    838816       260
02:22:34 AM    117004   1945684     94.33     83044    948660    759484     29.38   1040436    838812       312
02:22:35 AM    117012   1945676     94.33     83044    948712    759484     29.38   1040408    838816       364
02:22:36 AM    117028   1945660     94.33     83044    948760    759484     29.38   1040444    838812       416
02:22:37 AM    116996   1945692     94.33     83044    948804    759484     29.38   1040484    838812       460
02:22:38 AM    116864   1945824     94.33     83044    948840    759484     29.38   1040480    838812       496
02:22:39 AM    116904   1945784     94.33     83044    948880    759484     29.38   1040608    838808       536
02:22:40 AM    116904   1945784     94.33     83044    948976    759484     29.38   1040652    838808       632
02:22:41 AM    116780   1945908     94.34     83044    948976    759484     29.38   1040664    838808       636
02:22:42 AM    116780   1945908     94.34     83044    949020    759484     29.38   1040736    838808       680
02:22:43 AM    116592   1946096     94.35     83044    949064    759484     29.38   1040792    838808       724
02:22:44 AM    116592   1946096     94.35     83044    949100    759484     29.38   1040820    838812       760
02:22:45 AM    116584   1946104     94.35     83044    949140    759484     29.38   1041104    838808       800
02:22:46 AM    116476   1946212     94.35     83048    949184    759484     29.38   1041044    838808       844
02:22:47 AM    116500   1946188     94.35     83048    949264    759484     29.38   1041148    838808       872
02:22:48 AM    116400   1946288     94.36     83048    949272    759484     29.38   1041060    838816       884
02:22:49 AM    116384   1946304     94.36     83048    949312    759484     29.38   1041104    838812       924
02:22:50 AM    116260   1946428     94.36     83048    949380    759484     29.38   1041124    838816       992
02:22:51 AM    116244   1946444     94.36     83048    949380    759484     29.38   1041172    838808      1012
02:22:52 AM    116244   1946444     94.36     83048    949404    759484     29.38   1041196    838808      1036
02:22:53 AM    116244   1946444     94.36     83048    949444    759484     29.38   1041248    838808       644
02:22:54 AM    116260   1946428     94.36     83048    949468    759484     29.38   1041272    838808       644
02:22:55 AM    116152   1946536     94.37     83048    949500    759484     29.38   1041300    838808       676
02:22:56 AM    116128   1946560     94.37     83052    949508    759484     29.38   1041220    838808       688
02:22:57 AM    116160   1946528     94.37     83052    949540    759484     29.38   1041180    838808       724
02:22:58 AM    116292   1946396     94.36     83052    949564    759484     29.38   1041108    838808       744
Average:       119579   1943109     94.20     83022    946742    758604     29.35   1038027    838827       739
