Linux 4.4.0-31-generic (fw-suricata) 	12/10/2017 	_i686_	(1 CPU)

02:03:11 AM kbmemfree kbmemused  %memused kbbuffers  kbcached  kbcommit   %commit  kbactive   kbinact   kbdirty
02:03:12 AM   1531828    530860     25.74     30808    253824    736208     28.48    418660     72064       452
02:03:13 AM   1531672    531016     25.74     30808    253844    736208     28.48    418716     72048       472
02:03:14 AM   1531796    530892     25.74     30808    253860    736208     28.48    418736     72044       488
02:03:15 AM   1531704    530984     25.74     30808    253880    736208     28.48    418756     72044       508
02:03:16 AM   1531704    530984     25.74     30816    253900    736208     28.48    418784     72040       576
02:03:17 AM   1531704    530984     25.74     30816    253916    736208     28.48    418800     72040       592
02:03:18 AM   1531424    531264     25.76     30816    253940    736208     28.48    418824     72040       616
02:03:19 AM   1531672    531016     25.74     30816    253960    736208     28.48    418856     72040       636
02:03:20 AM   1531580    531108     25.75     30816    253980    736208     28.48    418868     72044       656
02:03:21 AM   1531548    531140     25.75     30824    253988    736208     28.48    418896     72040       672
02:03:22 AM   1531580    531108     25.75     30824    254016    736208     28.48    418928     72040       688
02:03:23 AM   1531548    531140     25.75     30824    254032    736208     28.48    418936     72040       704
02:03:24 AM   1531424    531264     25.76     30824    254052    736208     28.48    418960     72040       724
02:03:25 AM   1531332    531356     25.76     30824    254076    736208     28.48    418976     72040       748
02:03:26 AM   1531300    531388     25.76     30832    254088    736208     28.48    419004     72040       768
02:03:27 AM   1531316    531372     25.76     30832    254132    736208     28.48    419052     72048       288
02:03:28 AM   1531268    531420     25.76     30832    254152    736208     28.48    419076     72040       312
02:03:29 AM   1531300    531388     25.76     30832    254168    736208     28.48    419088     72040       328
02:03:30 AM   1531144    531544     25.77     30832    254192    736208     28.48    419112     72044       352
02:03:31 AM   1531208    531480     25.77     30840    254196    736208     28.48    419132     72044       364
02:03:32 AM   1531208    531480     25.77     30840    254232    736208     28.48    419176     72036       444
02:03:33 AM   1531300    531388     25.76     30840    254248    736208     28.48    419184     72036       460
02:03:34 AM   1531176    531512     25.77     30840    254268    736208     28.48    419204     72036       480
02:03:35 AM   1531084    531604     25.77     30840    254284    736208     28.48    419220     72036       496
02:03:36 AM   1530960    531728     25.78     30848    254296    736208     28.48    419248     72036       516
02:03:37 AM   1531052    531636     25.77     30848    254320    736208     28.48    419276     72036       512
02:03:38 AM   1531052    531636     25.77     30848    254340    736208     28.48    419288     72036       532
02:03:39 AM   1531052    531636     25.77     30848    254364    736208     28.48    419308     72040       556
02:03:40 AM   1531020    531668     25.78     30848    254384    736208     28.48    419340     72040       576
02:03:41 AM   1530928    531760     25.78     30856    254396    736208     28.48    419352     72044       596
02:03:42 AM   1530804    531884     25.79     30856    254428    736208     28.48    419392     72044       164
02:03:43 AM   1531084    531604     25.77     30856    254456    736208     28.48    419416     72040       208
02:03:44 AM   1530960    531728     25.78     30856    254476    736208     28.48    419436     72040       228
02:03:45 AM   1530804    531884     25.79     30856    254492    736208     28.48    419452     72040       244
02:03:46 AM   1530836    531852     25.78     30860    254516    736208     28.48    419492     72040       272
02:03:47 AM   1530820    531868     25.79     30864    254540    736208     28.48    419508     72044       288
02:03:48 AM   1530888    531800     25.78     30864    254556    736208     28.48    419752     72040       308
02:03:49 AM   1530656    532032     25.79     30864    254568    736208     28.48    419720     72040       320
02:03:50 AM   1530704    531984     25.79     30864    254584    736208     28.48    419652     72040       336
02:03:51 AM   1530704    531984     25.79     30872    254588    736208     28.48    419660     72040       348
02:03:52 AM   1530704    531984     25.79     30872    254612    736208     28.48    419688     72040       364
02:03:53 AM   1530580    532108     25.80     30872    254636    736208     28.48    419696     72044       388
02:03:54 AM   1530456    532232     25.80     30872    254652    736208     28.48    419720     72044       404
02:03:55 AM   1530424    532264     25.80     30872    254664    736208     28.48    419732     72044       416
02:03:56 AM   1530456    532232     25.80     30880    254672    736208     28.48    419760     72044       432
02:03:57 AM   1530300    532388     25.81     30880    254696    736208     28.48    419784     72040       448
02:03:58 AM   1530456    532232     25.80     30880    254712    736208     28.48    419804     72040       464
02:03:59 AM   1530588    532100     25.80     30880    254740    736208     28.48    419724     72048       492
02:04:00 AM   1530544    532144     25.80     30880    254760    736208     28.48    419764     72040       512
02:04:01 AM   1530556    532132     25.80     30888    254764    736208     28.48    419772     72040       524
02:04:02 AM   1530588    532100     25.80     30888    254792    736208     28.48    419808     72040       364
02:04:03 AM   1530580    532108     25.80     30888    254804    736208     28.48    419904     72040       376
02:04:04 AM   1530332    532356     25.81     30888    254820    736208     28.48    419924     72040       400
02:04:05 AM   1530332    532356     25.81     30888    254832    736208     28.48    419944     72040       412
02:04:06 AM   1530300    532388     25.81     30888    254848    736208     28.48    419956     72040       428
02:04:07 AM   1530332    532356     25.81     30896    254860    736208     28.48    419984     72036       480
02:04:08 AM   1530364    532324     25.81     30896    254876    736208     28.48    419996     72036       496
02:04:09 AM   1530412    532276     25.80     30896    254888    736208     28.48    420012     72036       508
02:04:10 AM   1530208    532480     25.81     30896    254908    736208     28.48    420040     72036       528
02:04:11 AM   1530084    532604     25.82     30896    254924    736208     28.48    420052     72040       544
02:04:12 AM   1530176    532512     25.82     30904    254940    736208     28.48    420076     72036       564
02:04:13 AM   1530464    532224     25.80     30904    254952    736208     28.48    419996     72036       576
02:04:14 AM   1530464    532224     25.80     30904    254972    736208     28.48    420020     72040       596
02:04:15 AM   1530308    532380     25.81     30904    255000    736208     28.48    420048     72040       624
02:04:16 AM   1530340    532348     25.81     30904    255016    736208     28.48    420096     72040       640
02:04:17 AM   1530324    532364     25.81     30912    255028    736208     28.48    420108     72040        84
02:04:18 AM   1530276    532412     25.81     30912    255048    736208     28.48    420132     72040       136
02:04:19 AM   1530316    532372     25.81     30912    255064    736208     28.48    420152     72044       152
02:04:20 AM   1530324    532364     25.81     30912    255084    736208     28.48    420140     72044       172
02:04:21 AM   1530284    532404     25.81     30912    255108    736208     28.48    420420     72044       196
02:04:22 AM   1530184    532504     25.82     30920    255120    736208     28.48    420168     72040       212
02:04:23 AM   1530060    532628     25.82     30920    255140    736208     28.48    420192     72040       228
02:04:24 AM   1530200    532488     25.82     30920    255164    736208     28.48    420280     72044       252
02:04:25 AM   1530216    532472     25.81     30920    255180    736208     28.48    420252     72040       268
02:04:26 AM   1530080    532608     25.82     30920    255200    736208     28.48    420272     72040       288
02:04:27 AM   1529968    532720     25.83     30928    255208    736208     28.48    420284     72040       304
02:04:28 AM   1529812    532876     25.83     30928    255248    736208     28.48    420316     72040       336
02:04:29 AM   1529936    532752     25.83     30928    255272    736208     28.48    420356     72044       360
02:04:30 AM   1529936    532752     25.83     30928    255296    736208     28.48    420372     72040       384
02:04:31 AM   1529968    532720     25.83     30928    255336    736208     28.48    420412     72052       424
02:04:32 AM   1529812    532876     25.83     30936    255352    736208     28.48    420452     72040       448
02:04:33 AM   1529812    532876     25.83     30936    255388    736208     28.48    420492     72040       476
02:04:34 AM   1529720    532968     25.84     30936    255412    736208     28.48    420520     72040       500
02:04:35 AM   1529712    532976     25.84     30936    255436    736208     28.48    420624     72044       524
02:04:36 AM   1529680    533008     25.84     30936    255468    736208     28.48    420664     72040       556
02:04:37 AM   1529712    532976     25.84     30944    255488    736208     28.48    420696     72040       356
02:04:38 AM   1529712    532976     25.84     30944    255520    736208     28.48    420716     72040       412
02:04:39 AM   1529588    533100     25.84     30944    255544    736208     28.48    420752     72040       436
02:04:40 AM   1529556    533132     25.85     30944    255564    736208     28.48    420772     72040       456
02:04:41 AM   1529712    532976     25.84     30944    255592    736208     28.48    420796     72044       484
02:04:42 AM   1529556    533132     25.85     30952    255604    736208     28.48    420820     72040       504
02:04:43 AM   1529340    533348     25.86     30952    255640    745688     28.85    420864     72036       536
02:04:44 AM   1529180    533508     25.86     30952    255660    745688     28.85    420888     72036       556
02:04:45 AM   1527448    535240     25.95     30952    255684    745688     28.85    422816     72040       576
02:04:46 AM   1527448    535240     25.95     30952    255720    745688     28.85    422860     72040       612
02:04:47 AM   1527468    535220     25.95     30960    255752    745688     28.85    422892     72048       652
02:04:48 AM   1527324    535364     25.95     30960    255784    745688     28.85    422932     72044       704
02:04:49 AM   1527232    535456     25.96     30960    255816    745688     28.85    422968     72040       736
02:04:50 AM   1527200    535488     25.96     30960    255840    745688     28.85    422992     72044       760
02:04:51 AM   1527232    535456     25.96     30960    255864    745688     28.85    423012     72044       784
02:04:52 AM   1527200    535488     25.96     30968    255884    745688     28.85    423032     72052       252
02:04:53 AM   1527200    535488     25.96     30968    255920    745688     28.85    423068     72056       312
02:04:54 AM   1527200    535488     25.96     30968    255940    745688     28.85    423088     72052       332
02:04:55 AM   1527220    535468     25.96     30968    255968    745688     28.85    423116     72052       360
02:04:56 AM   1527356    535332     25.95     30968    255992    745688     28.85    423212     72052       384
02:04:57 AM   1527084    535604     25.97     30976    256012    745688     28.85    423212     72052       408
02:04:58 AM   1526960    535728     25.97     30976    256040    745688     28.85    423240     72052       432
02:04:59 AM   1526984    535704     25.97     30976    256072    745688     28.85    423276     72048       464
02:05:00 AM   1526936    535752     25.97     30976    256092    745688     28.85    423364     72048       484
02:05:01 AM   1526860    535828     25.98     30976    256116    745688     28.85    423272     72052       508
02:05:02 AM   1526828    535860     25.98     30984    256128    745688     28.85    423304     72048       536
02:05:03 AM   1526736    535952     25.98     30984    256172    745688     28.85    423336     72052       600
02:05:04 AM   1526704    535984     25.98     30992    256208    745688     28.85    423396     72044       624
02:05:05 AM   1526828    535860     25.98     30992    256236    745688     28.85    423428     72044       652
02:05:06 AM   1526736    535952     25.98     30992    256260    745688     28.85    423440     72044       676
02:05:07 AM   1526704    535984     25.98     30992    256284    745688     28.85    423472     72044       700
02:05:08 AM   1526704    535984     25.98     30992    256308    745688     28.85    423504     72044       724
02:05:09 AM   1526592    536096     25.99     31000    256336    745688     28.85    423528     72048       756
02:05:10 AM   1526696    535992     25.99     31000    256352    745688     28.85    423540     72044       772
02:05:11 AM   1526732    535956     25.98     31000    256388    745688     28.85    423592     72048       808
02:05:12 AM   1526576    536112     25.99     31000    256408    745688     28.85    423624     72044       376
02:05:13 AM   1526576    536112     25.99     31000    256436    745688     28.85    423644     72048       408
02:05:14 AM   1526564    536124     25.99     31008    256464    745688     28.85    423680     72044       464
02:05:15 AM   1526360    536328     26.00     31008    256488    745688     28.85    423704     72044       488
02:05:16 AM   1526328    536360     26.00     31008    256508    745688     28.85    423724     72044       508
02:05:17 AM   1526328    536360     26.00     31008    256532    745688     28.85    423752     72044       512
02:05:18 AM   1526312    536376     26.00     31016    256560    745688     28.85    423780     72048       556
02:05:19 AM   1526360    536328     26.00     31016    256588    745688     28.85    423820     72052       584
02:05:20 AM   1526360    536328     26.00     31016    256616    745688     28.85    423852     72040       612
02:05:21 AM   1526236    536452     26.01     31016    256644    745688     28.85    423880     72040       640
02:05:22 AM   1526080    536608     26.01     31016    256664    745688     28.85    423900     72040       660
02:05:23 AM   1525988    536700     26.02     31024    256680    745688     28.85    423924     72040       684
02:05:24 AM   1526204    536484     26.01     31024    256700    745688     28.85    423948     72040       696
02:05:25 AM   1526112    536576     26.01     31024    256732    745688     28.85    423968     72044       728
02:05:26 AM   1526080    536608     26.01     31024    256760    745688     28.85    424008     72044       756
02:05:27 AM   1526112    536576     26.01     31024    256792    745688     28.85    424044     72044       212
02:05:28 AM   1526080    536608     26.01     31032    256804    745688     28.85    424060     72044       272
02:05:29 AM   1525988    536700     26.02     31032    256836    745688     28.85    424096     72044       304
02:05:30 AM   1526064    536624     26.02     31032    256860    745688     28.85    424032     72048       328
02:05:31 AM   1526196    536492     26.01     31032    256884    745688     28.85    423972     72048       352
Average:      1529293    533395     25.86     30918    255244    739526     28.61    421005     72043       476
