Linux 4.4.0-31-generic (fw-suricata) 	01/15/2018 	_i686_	(1 CPU)

11:42:30 AM kbmemfree kbmemused  %memused kbbuffers  kbcached  kbcommit   %commit  kbactive   kbinact   kbdirty
11:42:31 AM    250384   1812304     87.86    143412    794380    738112     28.55    933948    807616       564
11:42:32 AM    250228   1812460     87.87    143412    794416    738112     28.55    934032    807592       600
11:42:33 AM    250260   1812428     87.87    143412    794440    738112     28.55    934056    807588       620
11:42:34 AM    249980   1812708     87.88    143412    794464    738112     28.55    934084    807588       644
11:42:35 AM    249888   1812800     87.89    143412    794500    738112     28.55    934108    807592       680
11:42:36 AM    250012   1812676     87.88    143412    794532    738112     28.55    934144    807596       716
11:42:37 AM    249968   1812720     87.88    143412    794584    738112     28.55    934200    807592       768
11:42:38 AM    249888   1812800     87.89    143412    794608    738112     28.55    934228    807592       792
11:42:39 AM    249856   1812832     87.89    143412    794660    738112     28.55    934272    807592       844
11:42:40 AM    250012   1812676     87.88    143412    794748    738112     28.55    934348    807592       932
11:42:41 AM    249608   1813080     87.90    143412    794804    738112     28.55    934404    807592       988
11:42:42 AM    249608   1813080     87.90    143412    794800    738112     28.55    934424    807584       456
11:42:43 AM    249732   1812956     87.89    143412    794852    738112     28.55    934472    807584       476
11:42:44 AM    249608   1813080     87.90    143412    794880    738112     28.55    934508    807584       504
11:42:45 AM    249484   1813204     87.90    143412    794944    738112     28.55    934568    807588       568
11:42:46 AM    249196   1813492     87.92    143412    795068    738112     28.55    934756    807592       692
11:42:47 AM    249384   1813304     87.91    143412    795084    738112     28.55    934824    807580       712
11:42:48 AM    249212   1813476     87.92    143412    795124    738112     28.55    934860    807580       752
11:42:49 AM    249088   1813600     87.92    143412    795184    738112     28.55    934964    807584       812
11:42:50 AM    248944   1813744     87.93    143412    795244    738112     28.55    935076    807580       872
11:42:51 AM    248828   1813860     87.94    143412    795288    738112     28.55    935132    807580       916
11:42:52 AM    248864   1813824     87.93    143416    795340    738112     28.55    935268    807568       752
11:42:53 AM    248584   1814104     87.95    143416    795412    746280     28.87    935248    807568       820
11:42:54 AM    248584   1814104     87.95    143416    795504    746280     28.87    935328    807568       912
11:42:55 AM    248704   1813984     87.94    143416    795524    746280     28.87    935416    807568       932
11:42:56 AM    248748   1813940     87.94    143416    795576    746280     28.87    935352    807568       984
11:42:57 AM    248640   1814048     87.95    143416    795632    746280     28.87    935384    807568      1076
11:42:58 AM    248640   1814048     87.95    143416    795676    746280     28.87    935468    807568      1112
11:42:59 AM    248468   1814220     87.95    143416    795736    746280     28.87    935480    807568      1172
11:43:00 AM    248696   1813992     87.94    143416    795784    746280     28.87    935464    807572      1220
11:43:01 AM    248508   1814180     87.95    143416    795896    746280     28.87    935560    807568      1332
11:43:02 AM    248476   1814212     87.95    143416    795956    746280     28.87    935564    807568       908
11:43:03 AM    248352   1814336     87.96    143416    795976    746280     28.87    935656    807572       960
11:43:04 AM    248384   1814304     87.96    143416    796036    746280     28.87    935732    807568      1020
11:43:05 AM    248260   1814428     87.96    143416    796092    746280     28.87    935776    807568      1076
11:43:06 AM    248136   1814552     87.97    143416    796136    746280     28.87    935832    807572      1120
11:43:07 AM    248128   1814560     87.97    143416    796180    746280     28.87    935848    807564      1168
11:43:08 AM    248228   1814460     87.97    143416    796204    746280     28.87    935872    807564      1184
11:43:09 AM    248136   1814552     87.97    143416    796264    746280     28.87    935964    807564      1244
11:43:10 AM    248136   1814552     87.97    143416    796312    746280     28.87    935980    807564      1292
11:43:11 AM    247944   1814744     87.98    143416    796352    746280     28.87    936048    807568      1332
11:43:12 AM    247888   1814800     87.98    143416    796404    746280     28.87    936140    807568      1396
11:43:13 AM    247896   1814792     87.98    143416    796456    746280     28.87    936236    807564      1448
11:43:14 AM    247756   1814932     87.99    143416    796500    746280     28.87    936272    807564      1492
11:43:15 AM    247696   1814992     87.99    143416    796552    746280     28.87    936348    807564      1544
11:43:16 AM    247632   1815056     87.99    143420    796604    746280     28.87    936712    807568      1600
11:43:17 AM    247616   1815072     88.00    143420    796652    746280     28.87    936436    807564       384
11:43:18 AM    247648   1815040     87.99    143420    796700    746280     28.87    936480    807572       388
11:43:19 AM    247524   1815164     88.00    143420    796744    746280     28.87    936536    807572       432
11:43:20 AM    247460   1815228     88.00    143420    796796    746280     28.87    936592    807564       484
11:43:21 AM    247384   1815304     88.01    143420    796836    746280     28.87    936628    807564       524
11:43:22 AM    247228   1815460     88.01    143420    796884    746280     28.87    936684    807556       576
11:43:23 AM    247392   1815296     88.01    143420    796928    746280     28.87    936640    807556       620
11:43:24 AM    247360   1815328     88.01    143420    796960    746280     28.87    936676    807560       652
11:43:25 AM    247392   1815296     88.01    143420    797016    746280     28.87    936756    807556       708
11:43:26 AM    247256   1815432     88.01    143420    797120    746280     28.87    936864    807556       812
11:43:27 AM    247236   1815452     88.01    143420    797128    746280     28.87    936880    807548       768
11:43:28 AM    247144   1815544     88.02    143420    797172    746280     28.87    936912    807548       788
11:43:29 AM    247144   1815544     88.02    143420    797220    746280     28.87    936980    807552       836
11:43:30 AM    247144   1815544     88.02    143420    797256    746280     28.87    936984    807548       872
11:43:31 AM    247080   1815608     88.02    143420    797300    746280     28.87    937020    807548       916
11:43:32 AM    246984   1815704     88.03    143420    797340    746280     28.87    937080    807548       980
11:43:33 AM    246896   1815792     88.03    143420    797452    746280     28.87    937196    807552      1092
11:43:34 AM    246896   1815792     88.03    143420    797456    746280     28.87    937264    807548      1100
11:43:35 AM    246772   1815916     88.04    143420    797520    746280     28.87    937276    807556      1164
11:43:36 AM    246772   1815916     88.04    143420    797568    746280     28.87    937340    807548      1212
11:43:37 AM    246852   1815836     88.03    143420    797624    746280     28.87    937492    807540       732
11:43:38 AM    246532   1816156     88.05    143420    797668    746280     28.87    937536    807540       764
11:43:39 AM    246516   1816172     88.05    143420    797720    746280     28.87    937592    807540       820
11:43:40 AM    246516   1816172     88.05    143420    797760    746280     28.87    937604    807544       860
11:43:41 AM    246384   1816304     88.06    143420    797808    746280     28.87    937756    807540       908
11:43:42 AM    246352   1816336     88.06    143420    797852    746280     28.87    937812    807540       964
11:43:43 AM    246220   1816468     88.06    143420    797920    746280     28.87    937876    807548      1028
11:43:44 AM    246212   1816476     88.06    143420    797980    746280     28.87    937936    807540      1088
11:43:45 AM    245996   1816692     88.07    143420    798040    746280     28.87    938000    807540      1148
11:43:46 AM    245780   1816908     88.08    143420    798080    746280     28.87    938020    807544      1188
11:43:47 AM    245984   1816704     88.07    143420    798128    746280     28.87    938088    807540       264
11:43:48 AM    245864   1816824     88.08    143420    798168    746280     28.87    938132    807544       288
11:43:49 AM    245872   1816816     88.08    143420    798220    746280     28.87    938144    807540       340
11:43:50 AM    245756   1816932     88.09    143420    798280    746280     28.87    938244    807544       400
11:43:51 AM    245772   1816916     88.08    143420    798332    746280     28.87    938240    807544       452
11:43:52 AM    245720   1816968     88.09    143420    798452    746280     28.87    938324    807536       580
11:43:53 AM    245648   1817040     88.09    143420    798456    746280     28.87    938308    807536       584
11:43:54 AM    245732   1816956     88.09    143420    798504    746280     28.87    938368    807540       632
11:43:55 AM    245724   1816964     88.09    143420    798544    746280     28.87    938480    807536       672
11:43:56 AM    245648   1817040     88.09    143420    798584    746280     28.87    938436    807540       712
11:43:57 AM    245532   1817156     88.10    143420    798708    746280     28.87    938412    807544       836
11:43:58 AM    245516   1817172     88.10    143420    798776    746280     28.87    938536    807540       904
11:43:59 AM    245672   1817016     88.09    143420    798780    746280     28.87    938544    807540       908
11:44:00 AM    245640   1817048     88.09    143420    798824    746280     28.87    938576    807544       952
11:44:01 AM    245516   1817172     88.10    143420    798880    746280     28.87    938600    807540      1008
11:44:02 AM    245516   1817172     88.10    143420    798912    746280     28.87    938860    807532       988
11:44:03 AM    245392   1817296     88.10    143420    799024    746280     28.87    938784    807532      1104
11:44:04 AM    245300   1817388     88.11    143420    799044    746280     28.87    938852    807532      1124
11:44:05 AM    245300   1817388     88.11    143420    799100    746280     28.87    938916    807528      1180
11:44:06 AM    245176   1817512     88.11    143420    799224    746280     28.87    939020    807532      1304
11:44:07 AM    245020   1817668     88.12    143420    799248    746280     28.87    939100    807536      1332
11:44:08 AM    244988   1817700     88.12    143420    799308    746280     28.87    939084    807524      1360
11:44:09 AM    245052   1817636     88.12    143420    799364    746280     28.87    939184    807524      1416
11:44:10 AM    244864   1817824     88.13    143420    799412    746280     28.87    939236    807524      1464
11:44:11 AM    244928   1817760     88.13    143420    799448    746280     28.87    939276    807524      1500
11:44:12 AM    244928   1817760     88.13    143424    799508    746280     28.87    939340    807524      1036
11:44:13 AM    244664   1818024     88.14    143424    799616    746280     28.87    939424    807524      1160
11:44:14 AM    244524   1818164     88.15    143424    799688    746280     28.87    939480    807524      1232
11:44:15 AM    244664   1818024     88.14    143424    799772    746280     28.87    939568    807524      1316
11:44:16 AM    244540   1818148     88.14    143424    799804    746280     28.87    939628    807536      1348
11:44:17 AM    244372   1818316     88.15    143424    799880    746280     28.87    939692    807540       212
11:44:18 AM    244408   1818280     88.15    143424    800000    746280     28.87    939756    807540       276
11:44:19 AM    244292   1818396     88.16    143424    800008    746280     28.87    939828    807540       284
11:44:20 AM    244284   1818404     88.16    143424    800132    746280     28.87    939896    807544       408
11:44:21 AM    244136   1818552     88.16    143424    800132    746280     28.87    940000    807540       408
11:44:22 AM    244168   1818520     88.16    143424    800264    746280     28.87    940032    807536       548
11:44:23 AM    244044   1818644     88.17    143424    800272    746280     28.87    940100    807540       552
11:44:24 AM    244008   1818680     88.17    143424    800324    746280     28.87    940160    807540       604
11:44:25 AM    243888   1818800     88.18    143424    800372    746280     28.87    940184    807536       652
11:44:26 AM    243796   1818892     88.18    143424    800492    746280     28.87    940308    807540       772
11:44:27 AM    243732   1818956     88.18    143428    800496    746280     28.87    940288    807536       776
11:44:28 AM    243640   1819048     88.19    143428    800544    746280     28.87    940344    807536       824
11:44:29 AM    243760   1818928     88.18    143428    800592    746280     28.87    940444    807536       876
11:44:30 AM    243672   1819016     88.19    143428    800648    746280     28.87    940520    807536       932
11:44:31 AM    243664   1819024     88.19    143428    800700    746280     28.87    940504    807536       984
11:44:32 AM    243548   1819140     88.19    143428    800760    746280     28.87    940600    807536      1044
11:44:33 AM    243264   1819424     88.21    143428    800872    746280     28.87    940716    807532      1156
11:44:34 AM    243424   1819264     88.20    143428    800896    746280     28.87    940732    807532      1180
11:44:35 AM    243268   1819420     88.21    143428    801012    746280     28.87    940832    807532      1296
11:44:36 AM    243136   1819552     88.21    143428    801024    746280     28.87    940836    807532      1308
11:44:37 AM    243128   1819560     88.21    143432    801052    746280     28.87    940912    807532      1288
11:44:38 AM    243256   1819432     88.21    143432    801104    746280     28.87    940944    807532      1344
11:44:39 AM    243220   1819468     88.21    143432    801136    746280     28.87    941064    807532      1376
11:44:40 AM    243060   1819628     88.22    143432    801156    746280     28.87    940976    807528      1396
11:44:41 AM    243020   1819668     88.22    143432    801188    746280     28.87    941016    807528      1428
11:44:42 AM    243020   1819668     88.22    143436    801216    746280     28.87    941048    807528      1460
11:44:43 AM    243020   1819668     88.22    143436    801248    746280     28.87    941088    807532      1488
11:44:44 AM    243144   1819544     88.21    143436    801276    746280     28.87    941128    807528      1516
11:44:45 AM    243052   1819636     88.22    143436    801304    746280     28.87    941140    807528      1544
11:44:46 AM    242896   1819792     88.22    143436    801336    746280     28.87    941168    807528      1576
11:44:47 AM    242928   1819760     88.22    143436    801368    746280     28.87    941204    807532      1044
11:44:48 AM    242896   1819792     88.22    143436    801392    746280     28.87    941240    807528      1112
11:44:49 AM    242712   1819976     88.23    143436    801432    746280     28.87    941244    807532      1156
11:44:50 AM    242792   1819896     88.23    143436    801468    746280     28.87    941276    807528      1192
Average:       246410   1816278     88.05    143421    797903    744996     28.82    937690    807552       937
