Counting cache functions... Output every 1 seconds.
    HITS   MISSES  DIRTIES    RATIO   BUFFERS_MB   CACHE_MB
   11411        0      888   100.0%           88        729
   11493        0      920   100.0%           88        729
   11383        0      903   100.0%           88        729
   11399        0      896   100.0%           88        729
   11466        0      933   100.0%           88        729
   11478        0      956   100.0%           88        729
    7214        0      933   100.0%           88        729
    6491        0      936   100.0%           88        729
    7788        0      934   100.0%           88        729
   10241        0      953   100.0%           88        729
   11051        0      944   100.0%           88        730
   11137        0      948   100.0%           88        730
    9177        0      943   100.0%           88        730
   11164        0      933   100.0%           88        730
    7479        0      938   100.0%           88        730
   10199        0      937   100.0%           88        730
   11446        0      909   100.0%           88        730
    8397        0      929   100.0%           88        730
    9971        0      915   100.0%           88        730
   11552        1      925   100.0%           88        730
   11231        0      948   100.0%           88        730
   13598        0     1788   100.0%           88        730
    9131        0      911   100.0%           88        730
    6381        2      900   100.0%           88        730
    7935        0      939   100.0%           88        730
   11481        0      926   100.0%           88        730
   11447        0      925   100.0%           88        730
   11432        0      915   100.0%           88        730
   11389        1      900   100.0%           88        730
   11193        0      935   100.0%           88        730
   11460        0      945   100.0%           88        730
   11492        0      917   100.0%           88        730
   11456        0      927   100.0%           88        730
   11469        1      918   100.0%           88        730
   11472        0      906   100.0%           88        730
   11462        0      922   100.0%           88        730
   11507        0      908   100.0%           88        730
   11502        1      909   100.0%           88        730
   11399        0      925   100.0%           88        730
   11488        0      907   100.0%           88        730
   11747        0      921   100.0%           88        731
   11545        0      916   100.0%           88        731
   11512        0      922   100.0%           88        731
   11478        0      908   100.0%           88        731
   11515        0      900   100.0%           88        731
   11457        0      913   100.0%           88        731
   11464        0      915   100.0%           88        731
   11409        0      909   100.0%           88        731
   11454        0      914   100.0%           88        731
   11417        0      897   100.0%           88        731
   11421        0      905   100.0%           88        731
   11405        0      907   100.0%           88        731
   11469        2      913   100.0%           88        731
   11514        0      907   100.0%           88        731
   11486        0      920   100.0%           88        731
   11167        0      913   100.0%           88        731
   11471        1      915   100.0%           88        731
   11407        0      899   100.0%           88        731
   10624        0      911   100.0%           88        731
   11460        0      901   100.0%           88        731
   11450        0      907   100.0%           88        731
   11427        1      914   100.0%           88        731
   11527        0      929   100.0%           88        731
   11518        0      918   100.0%           88        731
   11528        0      925   100.0%           88        731
   11465        0      906   100.0%           88        731
   11019        1      913   100.0%           88        731
   11491        0      909   100.0%           88        731
   11463        0      904   100.0%           88        731
   11424        0      943   100.0%           88        731
   11382        0      921   100.0%           88        731
   11496        1      911   100.0%           88        731
   11481        0      947   100.0%           88        731
   11594        0      978   100.0%           88        731
   11808        0      963   100.0%           88        732
   11042        0      946   100.0%           88        732
   12367        0     1854   100.0%           88        732
   11373        0      809   100.0%           88        732
   11057        0      966   100.0%           88        732
   11472        0      951   100.0%           88        732
   11594        0      972   100.0%           88        732
   11574        0     1011   100.0%           88        732
   11492        0      951   100.0%           88        732
   11493        0      905   100.0%           88        732
   11447        0      951   100.0%           88        732
   11279        0      980   100.0%           88        732
   11535        0      983   100.0%           88        732
   11553        0      975   100.0%           88        732
   11479        0      946   100.0%           88        732
   11503        0      933   100.0%           88        732
   11489        1      999   100.0%           88        732
   11432        0      958   100.0%           88        732
   11522        0      982   100.0%           88        732
   10169        0       83   100.0%           88        732
   11542        2      985   100.0%           88        733
   11499        0      944   100.0%           88        733
   11205        0      969   100.0%           88        733
   11453        0      953   100.0%           88        733
   11484        0      949   100.0%           88        733
   11470        1      951   100.0%           88        733
   11485        0      954   100.0%           88        733
   11490        0      902   100.0%           88        733
   11590        0     1035   100.0%           88        733
   11429        0      914   100.0%           88        733
   11455        2      988   100.0%           88        733
   11281        0      902   100.0%           88        733
   11542        0      972   100.0%           88        733
   11570        0      962   100.0%           88        733
   11466        0      934   100.0%           88        733
   11489        0      978   100.0%           88        733
   11098        0      954   100.0%           88        733
   11445        0      901   100.0%           88        733
   11583        0      988   100.0%           88        733
   11526        0      967   100.0%           88        733
   11496        1      949   100.0%           88        733
   10135        0       68   100.0%           88        733
   12371        0     1813   100.0%           88        734
   11466        0      957   100.0%           88        734
   11433        2      975   100.0%           88        734
   11482        0      941   100.0%           88        734
   11733        0      937   100.0%           88        734
   11465        0      915   100.0%           88        734
   11442        0      916   100.0%           88        734
   11477        0      984   100.0%           88        734
   11525        0      903   100.0%           88        734
   11477        0      942   100.0%           88        734
   11506        0      924   100.0%           88        734
   10957        0      917   100.0%           88        734
   11516        1      966   100.0%           88        734
   11475        0      914   100.0%           88        734
   11473        0      908   100.0%           88        734
   11466        0      977   100.0%           88        734
   11826        0      923   100.0%           88        734
   15205        1     1805   100.0%           88        734
   10677        0       94   100.0%           88        734
   10629        0       48   100.0%           88        734
   10541        0       40   100.0%           88        734
   10616        0       73   100.0%           88        734
   10962        0       78   100.0%           88        734
   46034        0       62   100.0%           88        734
   11314        0       64   100.0%           88        734

Ending tracing...
Counting cache functions... Output every 1 seconds.
    HITS   MISSES  DIRTIES    RATIO   BUFFERS_MB   CACHE_MB
   11679        0      919   100.0%           67        711
   11547        0      900   100.0%           67        711
   11579        0      904   100.0%           67        711
   11554        0      935   100.0%           67        711
   11557        2      927   100.0%           67        711
   11653        0      960   100.0%           67        712
   10422        0      942   100.0%           67        712
    8156        0      914   100.0%           67        712
    8155        0      920   100.0%           67        712
    6322        1      941   100.0%           67        712
    7958        0      935   100.0%           67        712
   11210        0      925   100.0%           67        712
   11649        0      941   100.0%           67        712
   11579        0      930   100.0%           67        712
   11664        0      935   100.0%           67        712
   11611        0      920   100.0%           67        712
   11517        0      942   100.0%           67        712
   11587        0      936   100.0%           67        712
   11530        0      917   100.0%           67        712
   11189        1      922   100.0%           67        712
    8324        0      901   100.0%           67        712
    7462        0      939   100.0%           67        712
   10718        0      931   100.0%           67        712
   11599        0      906   100.0%           67        712
    6711        0     1646   100.0%           67        712
    8220        0      918   100.0%           67        712
   10267        0      917   100.0%           67        712
   11258        0      913   100.0%           67        712
    9968        2      923   100.0%           67        712
    9700        0      919   100.0%           67        712
    9179        0      930   100.0%           67        712
    8012        0      911   100.0%           67        712
    5886        0      923   100.0%           67        712
    9789        0      937   100.0%           67        713
    7935        0      920   100.0%           67        713
   11528        0      896   100.0%           67        713
   11627        0      908   100.0%           67        713
   11489        0      913   100.0%           67        713
   11559        1      913   100.0%           67        713
   11559        0      899   100.0%           67        713
   11063        0      913   100.0%           67        713
   12436        0     1759   100.0%           67        713
   11609        2      907   100.0%           67        713
   11087        0      910   100.0%           67        713
   11608        0      898   100.0%           67        713
   11595        0      904   100.0%           67        713
   11594        0      906   100.0%           67        713
   11072        0      916   100.0%           67        713
   11513        0      898   100.0%           67        713
   11629        0      909   100.0%           67        713
   11586        0      912   100.0%           67        713
   11551        0      908   100.0%           67        713
   11539        0      903   100.0%           67        713
   11597        0      902   100.0%           67        713
   11560        0      902   100.0%           67        713
    9200        0      912   100.0%           67        713
   11553        0      900   100.0%           67        713
    7911        0      911   100.0%           67        713
    9786        0      913   100.0%           67        713
   11545        0     1779   100.0%           67        713
   10744        0      896   100.0%           67        713
   11675        0      919   100.0%           67        713
   11715        0      926   100.0%           67        713
   11598        0      927   100.0%           67        713
   11612        0      908   100.0%           67        713
   11555        0      906   100.0%           67        713
   11246        0      917   100.0%           67        713
   11552        0      917   100.0%           67        713
   11635        0      935   100.0%           67        713
   11136        0      911   100.0%           67        713
   11569        0      919   100.0%           67        714
   11555        2      911   100.0%           67        714
   11601        0      939   100.0%           67        714
   11562        0      931   100.0%           67        714
   11644        0      963   100.0%           67        714
   11248        0      961   100.0%           67        714
   11563        0      922   100.0%           67        714
   11721        0     1021   100.0%           67        714
   11994        0      941   100.0%           67        714
   11066        0      948   100.0%           67        714
   12441        0     1805   100.0%           67        714
   11625        0      988   100.0%           67        714
   13705        0      976   100.0%           67        714
   11598        0      986   100.0%           67        714
   12274        0      923   100.0%           67        714
   11913        0     1006   100.0%           67        714
   11671        0      984   100.0%           67        714
   11641        0      943   100.0%           67        714
   11516        0      947   100.0%           67        714
   11554        0      925   100.0%           67        714
   11536        0      908   100.0%           67        714
   11664        0      958   100.0%           67        714
   10850        0      965   100.0%           67        715
   11676        0     1000   100.0%           67        715
   11642        0      963   100.0%           67        715
   11580        0      976   100.0%           67        715
   11668        0      972   100.0%           67        715
   11614        0      940   100.0%           67        715
   11637        0      972   100.0%           67        715
   11696        1      958   100.0%           67        715
   11659        0      965   100.0%           67        715
   11594        0      949   100.0%           67        715
   12300        0      979   100.0%           67        715
   10257        0      930   100.0%           67        715
    6295        2      947   100.0%           67        715
    5210        0     1000   100.0%           67        715
    8948        0      988   100.0%           67        715
   10409        0      988   100.0%           67        715
   11579        0      939   100.0%           67        715
   11110        0      933   100.0%           67        715
   12036        0      956   100.0%           67        715
    9404        0     1047   100.0%           67        716
   11621        0      954   100.0%           67        716
   14885        1      937   100.0%           67        716
    7873        0     1841   100.0%           67        716
   10118        0      946   100.0%           67        716
   11502        0      961   100.0%           67        716
    9819        0      981   100.0%           67        716
   11888        0      964   100.0%           67        716
   11611        0      955   100.0%           67        716
   11631        0      920   100.0%           67        716
   11566        0      929   100.0%           67        716
   11566        0      915   100.0%           67        716
   11547        0      923   100.0%           67        716
   11950        0      937   100.0%           67        716
   11667        0      955   100.0%           67        716
   11625        0      966   100.0%           67        716
   11584        0      943   100.0%           67        716
   11545        0      917   100.0%           67        716
   11527        0      915   100.0%           67        716
   11576        0      911   100.0%           67        716
   11620        0      955   100.0%           67        716
   12061        0      930   100.0%           67        716
   15393        0     1866   100.0%           67        716
   10644        0       38   100.0%           67        716
   10677        0       45   100.0%           67        716
   10809        0      119   100.0%           67        716
   10701        0       46   100.0%           67        717
   10734        1       63   100.0%           67        717
   46267        0       72   100.0%           67        717
   11482        0       72   100.0%           67        717
   11165        0       12   100.0%           67        717

Ending tracing...
