Linux 4.4.0-31-generic (ids-suricata) 	12/10/2017 	_i686_	(1 CPU)

01:25:17 AM kbmemfree kbmemused  %memused kbbuffers  kbcached  kbcommit   %commit  kbactive   kbinact   kbdirty
01:25:18 AM    139200   1923488     93.25     83688    924240    738944     28.59   1035988    823916       608
01:25:19 AM    139092   1923596     93.26     83688    924276    738944     28.59   1036048    823900       644
01:25:20 AM    138936   1923752     93.26     83688    924292    738944     28.59   1036072    823892       660
01:25:21 AM    138968   1923720     93.26     83688    924312    738944     28.59   1036092    823892       680
01:25:22 AM    139068   1923620     93.26     83688    924340    738944     28.59   1036116    823892       708
01:25:23 AM    133824   1928864     93.51     83688    924364    759484     29.38   1039352    823892       732
01:25:24 AM    133516   1929172     93.53     83688    924404    759484     29.38   1039392    823900       788
01:25:25 AM    133376   1929312     93.53     83688    924428    759484     29.38   1039428    823900       812
01:25:26 AM    133392   1929296     93.53     83688    924456    759484     29.38   1039464    823900       840
01:25:27 AM    133252   1929436     93.54     83688    924488    759484     29.38   1039488    823900       872
01:25:28 AM    133392   1929296     93.53     83692    924512    759484     29.38   1039520    823900       900
01:25:29 AM    133128   1929560     93.55     83692    924536    759484     29.38   1039552    823900       920
01:25:30 AM    133144   1929544     93.55     83692    924564    759484     29.38   1039580    823900       560
01:25:31 AM    133128   1929560     93.55     83692    924584    759484     29.38   1039596    823900       584
01:25:32 AM    133020   1929668     93.55     83692    924604    759484     29.38   1039616    823904       604
01:25:33 AM    133036   1929652     93.55     83692    924644    759484     29.38   1039652    823908       644
01:25:34 AM    132988   1929700     93.55     83692    924680    759484     29.38   1039712    823896       680
01:25:35 AM    132864   1929824     93.56     83692    924712    759484     29.38   1039768    823896       372
01:25:36 AM    132912   1929776     93.56     83692    924756    759484     29.38   1039816    823896       416
01:25:37 AM    132740   1929948     93.56     83692    924796    759484     29.38   1039848    823896       456
01:25:38 AM    132756   1929932     93.56     83692    924848    759484     29.38   1039908    823896       508
01:25:39 AM    132648   1930040     93.57     83696    924880    759484     29.38   1039952    823896       580
01:25:40 AM    132616   1930072     93.57     83696    924932    759484     29.38   1040016    823896       632
01:25:41 AM    132508   1930180     93.58     83696    924980    759484     29.38   1040072    823896       684
01:25:42 AM    132508   1930180     93.58     83696    925020    759484     29.38   1040128    823896       724
01:25:43 AM    132368   1930320     93.58     83696    925052    759484     29.38   1040176    823896       756
01:25:44 AM    132416   1930272     93.58     83704    925096    759484     29.38   1040284    823896       800
01:25:45 AM    132336   1930352     93.58     83704    925132    759484     29.38   1040332    823896       836
01:25:46 AM    132228   1930460     93.59     83704    925200    759484     29.38   1040412    823896       904
01:25:47 AM    132276   1930412     93.59     83704    925236    759484     29.38   1040476    823912       940
01:25:48 AM    132152   1930536     93.59     83704    925284    759484     29.38   1040552    823904       988
01:25:49 AM    132136   1930552     93.59     83708    925324    759484     29.38   1040604    823908      1036
01:25:50 AM    132012   1930676     93.60     83708    925372    759484     29.38   1040672    823904       620
01:25:51 AM    131888   1930800     93.61     83708    925416    759484     29.38   1040748    823904       644
01:25:52 AM    131888   1930800     93.61     83708    925460    759484     29.38   1040812    823904       688
01:25:53 AM    131740   1930948     93.61     83708    925500    759484     29.38   1040884    823908       728
01:25:54 AM    131888   1930800     93.61     83708    925548    759484     29.38   1040892    823900       780
01:25:55 AM    131600   1931088     93.62     83708    925584    759484     29.38   1041060    823900       804
01:25:56 AM    131596   1931092     93.62     83708    925628    759484     29.38   1041132    823900       848
01:25:57 AM    131564   1931124     93.62     83708    925668    759484     29.38   1041196    823904       888
01:25:58 AM    131500   1931188     93.62     83708    925704    759484     29.38   1041404    823904       924
01:25:59 AM    131600   1931088     93.62     83708    925756    759484     29.38   1041312    823904       976
01:26:00 AM    131352   1931336     93.63     83708    925804    759484     29.38   1041376    823904      1024
01:26:01 AM    131036   1931652     93.65     83708    925840    759484     29.38   1041464    823900      1060
01:26:02 AM    131136   1931552     93.64     83708    925888    759484     29.38   1041552    823900      1108
01:26:03 AM    131012   1931676     93.65     83708    925928    759484     29.38   1041604    823900      1148
01:26:04 AM    131012   1931676     93.65     83708    925972    759484     29.38   1041640    823900      1192
01:26:05 AM    131144   1931544     93.64     83708    926012    759484     29.38   1041636    823892       348
01:26:06 AM    131108   1931580     93.64     83708    926060    759484     29.38   1041704    823900       396
01:26:07 AM    131020   1931668     93.65     83708    926096    759484     29.38   1041740    823892       432
01:26:08 AM    130772   1931916     93.66     83708    926132    759484     29.38   1041816    823892       468
01:26:09 AM    130772   1931916     93.66     83716    926156    759484     29.38   1041836    823896       496
01:26:10 AM    130648   1932040     93.67     83716    926180    759484     29.38   1041896    823892       464
01:26:11 AM    130648   1932040     93.67     83716    926212    759484     29.38   1041936    823892       496
01:26:12 AM    130524   1932164     93.67     83716    926260    759484     29.38   1041980    823892       544
01:26:13 AM    130460   1932228     93.68     83716    926288    759484     29.38   1042000    823892       572
01:26:14 AM    130400   1932288     93.68     83724    926328    759484     29.38   1042072    823892       620
01:26:15 AM    130376   1932312     93.68     83724    926356    759484     29.38   1042120    823896       620
01:26:16 AM    130396   1932292     93.68     83724    926384    759484     29.38   1042184    823896       648
01:26:17 AM    130276   1932412     93.68     83724    926420    759484     29.38   1042204    823896       684
01:26:18 AM    130212   1932476     93.69     83728    926452    759484     29.38   1042256    823892       720
01:26:19 AM    130276   1932412     93.68     83728    926496    759484     29.38   1042296    823892       776
01:26:20 AM    130276   1932412     93.68     83728    926516    759484     29.38   1042324    823892       796
01:26:21 AM    130120   1932568     93.69     83728    926560    759484     29.38   1042376    823896       840
01:26:22 AM    130152   1932536     93.69     83728    926600    759484     29.38   1042412    823892       880
01:26:23 AM    130152   1932536     93.69     83728    926628    759484     29.38   1042472    823892       908
01:26:24 AM    129996   1932692     93.70     83728    926648    759484     29.38   1042496    823888       932
01:26:25 AM    130028   1932660     93.70     83728    926676    759484     29.38   1042524    823892       400
01:26:26 AM    129996   1932692     93.70     83728    926696    759484     29.38   1042528    823888       444
01:26:27 AM    130028   1932660     93.70     83728    926724    759484     29.38   1042544    823892       472
01:26:28 AM    129996   1932692     93.70     83728    926740    759484     29.38   1042588    823888       488
01:26:29 AM    130020   1932668     93.70     83732    926760    759484     29.38   1042624    823888       520
01:26:30 AM    129904   1932784     93.70     83732    926784    759484     29.38   1042640    823892       544
01:26:31 AM    129864   1932824     93.70     83732    926804    759484     29.38   1042640    823888       564
01:26:32 AM    129904   1932784     93.70     83732    926816    759484     29.38   1042684    823888       576
01:26:33 AM    129904   1932784     93.70     83732    926848    759484     29.38   1042748    823888       608
01:26:34 AM    129716   1932972     93.71     83736    926868    759484     29.38   1042784    823888       628
01:26:35 AM    129780   1932908     93.71     83736    926884    759484     29.38   1042764    823888       244
01:26:36 AM    129764   1932924     93.71     83736    926912    759484     29.38   1042888    823888       276
01:26:37 AM    129780   1932908     93.71     83736    926952    759484     29.38   1042820    823888       316
01:26:38 AM    129656   1933032     93.71     83736    926996    759484     29.38   1042856    823896       360
01:26:39 AM    129592   1933096     93.72     83744    927020    759484     29.38   1042900    823888       388
01:26:40 AM    129656   1933032     93.71     83744    927052    759484     29.38   1042956    823888       420
01:26:41 AM    129532   1933156     93.72     83744    927104    759484     29.38   1043012    823892       472
01:26:42 AM    129532   1933156     93.72     83744    927140    759484     29.38   1043052    823888       508
01:26:43 AM    129376   1933312     93.73     83744    927176    759484     29.38   1043088    823888       544
01:26:44 AM    129344   1933344     93.73     83748    927196    759484     29.38   1043144    823888       568
01:26:45 AM    129408   1933280     93.73     83748    927216    759484     29.38   1043140    823884       544
01:26:46 AM    129284   1933404     93.73     83748    927264    759484     29.38   1043180    823888       592
01:26:47 AM    129252   1933436     93.73     83748    927360    759484     29.38   1043268    823884       688
01:26:48 AM    129280   1933408     93.73     83748    927360    759484     29.38   1043280    823888       688
01:26:49 AM    129244   1933444     93.73     83748    927400    759484     29.38   1043432    823884       744
01:26:50 AM    129136   1933552     93.74     83748    927436    759484     29.38   1043368    823884       756
01:26:51 AM    129136   1933552     93.74     83748    927464    759484     29.38   1043388    823884       784
01:26:52 AM    129168   1933520     93.74     83748    927544    759484     29.38   1043460    823884       864
01:26:53 AM    129012   1933676     93.75     83748    927552    759484     29.38   1043472    823888       872
01:26:54 AM    129044   1933644     93.74     83752    927592    759484     29.38   1043560    823888       968
01:26:55 AM    128912   1933776     93.75     83752    927652    759484     29.38   1043576    823892       988
01:26:56 AM    128912   1933776     93.75     83752    927692    759484     29.38   1043580    823888      1028
01:26:57 AM    128920   1933768     93.75     83752    927764    759484     29.38   1043684    823888      1100
01:26:58 AM    128796   1933892     93.76     83752    927760    759484     29.38   1043708    823884      1096
01:26:59 AM    128796   1933892     93.76     83756    927788    759484     29.38   1043724    823888      1128
01:27:00 AM    128732   1933956     93.76     83756    927828    759484     29.38   1043800    823880       640
01:27:01 AM    128672   1934016     93.76     83756    927868    759484     29.38   1043844    823880       668
01:27:02 AM    128660   1934028     93.76     83756    927912    759484     29.38   1043892    823880       712
01:27:03 AM    128672   1934016     93.76     83756    927948    759484     29.38   1043908    823880       748
01:27:04 AM    128672   1934016     93.76     83764    927976    759484     29.38   1043936    823880       784
01:27:05 AM    128548   1934140     93.77     83764    928056    759484     29.38   1044004    823880       868
01:27:06 AM    128548   1934140     93.77     83764    928056    759484     29.38   1044052    823880       868
01:27:07 AM    128484   1934204     93.77     83764    928100    759484     29.38   1044056    823884       912
01:27:08 AM    128424   1934264     93.77     83764    928140    759484     29.38   1044136    823880       952
01:27:09 AM    128424   1934264     93.77     83768    928236    759484     29.38   1044188    823884      1052
01:27:10 AM    128300   1934388     93.78     83768    928244    759484     29.38   1044276    823888       256
01:27:11 AM    128300   1934388     93.78     83768    928296    759484     29.38   1044260    823884       308
01:27:12 AM    128236   1934452     93.78     83768    928328    759484     29.38   1044336    823880       340
01:27:13 AM    128176   1934512     93.79     83768    928376    759484     29.38   1044348    823880       388
01:27:14 AM    128176   1934512     93.79     83772    928452    759484     29.38   1044380    823884       416
01:27:15 AM    128176   1934512     93.79     83772    928452    759484     29.38   1044496    823884       468
01:27:16 AM    128052   1934636     93.79     83772    928508    759484     29.38   1044480    823884       524
01:27:17 AM    127912   1934776     93.80     83772    928540    759484     29.38   1044516    823880       556
01:27:18 AM    127888   1934800     93.80     83772    928580    759484     29.38   1044628    823880       596
01:27:19 AM    127924   1934764     93.80     83780    928612    759484     29.38   1044596    823880       636
01:27:20 AM    127916   1934772     93.80     83780    928696    759484     29.38   1044668    823880       668
01:27:21 AM    127760   1934928     93.81     83780    928700    759484     29.38   1044684    823880       672
01:27:22 AM    127760   1934928     93.81     83780    928784    759484     29.38   1044764    823880       756
01:27:23 AM    127760   1934928     93.81     83780    928788    759484     29.38   1044768    823888       760
01:27:24 AM    127784   1934904     93.80     83784    928860    759484     29.38   1044932    823880       836
01:27:25 AM    127412   1935276     93.82     83784    928864    759484     29.38   1044960    823880       824
01:27:26 AM    127536   1935152     93.82     83784    928900    759484     29.38   1044984    823880       860
01:27:27 AM    127536   1935152     93.82     83784    928964    759484     29.38   1045036    823880       924
01:27:28 AM    127412   1935276     93.82     83784    928980    759484     29.38   1045060    823888       940
01:27:29 AM    127256   1935432     93.83     83784    929012    759484     29.38   1045104    823880       972
01:27:30 AM    127288   1935400     93.83     83784    929040    759484     29.38   1045132    823876      1012
01:27:31 AM    127288   1935400     93.83     83784    929088    759484     29.38   1045216    823876      1064
01:27:32 AM    127256   1935432     93.83     83784    929104    759484     29.38   1045208    823876      1080
01:27:33 AM    127164   1935524     93.84     83784    929148    759484     29.38   1045252    823876      1124
01:27:34 AM    127172   1935516     93.83     83784    929180    759484     29.38   1045208    823876      1156
01:27:35 AM    127108   1935580     93.84     83792    929212    759484     29.38   1045228    823880       612
01:27:36 AM    127260   1935428     93.83     83792    929228    759484     29.38   1045192    823880       668
01:27:37 AM    127336   1935352     93.83     83792    929252    759484     29.38   1045112    823876       692
Average:       130408   1932280     93.68     83733    926715    758750     29.35   1042277    823891       710
Linux 4.4.0-31-generic (ids-suricata) 	12/10/2017 	_i686_	(1 CPU)

05:15:50 AM kbmemfree kbmemused  %memused kbbuffers  kbcached  kbcommit   %commit  kbactive   kbinact   kbdirty
05:15:51 AM    155480   1907208     92.46     67356    943400    739076     28.59   1026264    816216       228
05:15:52 AM    155264   1907424     92.47     67356    943436    739076     28.59   1026312    816216       268
05:15:53 AM    155264   1907424     92.47     67356    943452    739076     28.59   1026340    816212       284
05:15:54 AM    155232   1907456     92.47     67364    943480    739076     28.59   1026364    816216       320
05:15:55 AM    155272   1907416     92.47     67364    943512    739076     28.59   1026404    816212       352
05:15:56 AM    149732   1912956     92.74     67364    943544    759616     29.39   1029632    816216       380
05:15:57 AM    149532   1913156     92.75     67364    943580    759616     29.39   1029688    816220       428
05:15:58 AM    149532   1913156     92.75     67364    943608    759616     29.39   1029728    816220       456
05:15:59 AM    149376   1913312     92.76     67368    943624    759616     29.39   1029748    816220       476
05:16:00 AM    149408   1913280     92.76     67368    943660    759616     29.39   1029784    816220       532
05:16:01 AM    149376   1913312     92.76     67368    943680    759616     29.39   1029808    816220       552
05:16:02 AM    149408   1913280     92.76     67368    943704    759616     29.39   1029836    816224       576
05:16:03 AM    149252   1913436     92.76     67368    943736    759616     29.39   1029872    816220       608
05:16:04 AM    149376   1913312     92.76     67372    943756    759616     29.39   1029896    816220       632
05:16:05 AM    149284   1913404     92.76     67372    943788    759616     29.39   1029928    816220       660
05:16:06 AM    149128   1913560     92.77     67372    943820    759616     29.39   1029952    816228       692
05:16:07 AM    149128   1913560     92.77     67372    943856    759616     29.39   1030008    816220       728
05:16:08 AM    148984   1913704     92.78     67388    943892    759616     29.39   1030088    816216         8
05:16:09 AM    149008   1913680     92.78     67396    943928    759616     29.39   1030220    816216        92
05:16:10 AM    148884   1913804     92.78     67396    943980    759616     29.39   1030276    816220       212
05:16:11 AM    148852   1913836     92.78     67396    944024    759616     29.39   1030320    816216       256
05:16:12 AM    148716   1913972     92.79     67396    944064    759616     29.39   1030380    816216       296
05:16:13 AM    148760   1913928     92.79     67396    944112    759616     29.39   1030428    816224       348
05:16:14 AM    148480   1914208     92.80     67404    944148    759616     29.39   1030484    816220       392
05:16:15 AM    148604   1914084     92.80     67404    944192    759616     29.39   1030548    816220       436
05:16:16 AM    148636   1914052     92.79     67404    944236    759616     29.39   1030592    816220       480
05:16:17 AM    148480   1914208     92.80     67404    944284    759616     29.39   1030656    816216       528
05:16:18 AM    148356   1914332     92.81     67404    944324    759616     29.39   1030728    816216       568
05:16:19 AM    148488   1914200     92.80     67404    944356    759616     29.39   1030680    816216       600
05:16:20 AM    148396   1914292     92.81     67404    944408    759616     29.39   1030732    816228       652
05:16:21 AM    148364   1914324     92.81     67404    944468    759616     29.39   1030832    816220       712
05:16:22 AM    148396   1914292     92.81     67404    944516    759616     29.39   1030896    816220       760
05:16:23 AM    148272   1914416     92.81     67404    944544    759616     29.39   1030932    816220       788
05:16:24 AM    148240   1914448     92.81     67412    944576    759616     29.39   1030988    816220       828
05:16:25 AM    148104   1914584     92.82     67412    944620    759616     29.39   1031068    816220       864
05:16:26 AM    147984   1914704     92.83     67412    944668    759616     29.39   1031120    816220       912
05:16:27 AM    148072   1914616     92.82     67412    944708    759616     29.39   1031356    816220       952
05:16:28 AM    147776   1914912     92.84     67412    944752    759616     29.39   1031284    816220       996
05:16:29 AM    147908   1914780     92.83     67420    944780    759616     29.39   1031308    816216      1032
05:16:31 AM    147900   1914788     92.83     67420    944828    759616     29.39   1031372    816220      1072
05:16:32 AM    147732   1914956     92.84     67420    944884    759616     29.39   1031464    816216      1128
05:16:33 AM    147744   1914944     92.84     67420    944904    759616     29.39   1031508    816220      1148
05:16:34 AM    147652   1915036     92.84     67420    944948    759616     29.39   1031584    816216      1192
05:16:35 AM    147620   1915068     92.84     67428    944972    759616     29.39   1031628    816216      1224
05:16:36 AM    147496   1915192     92.85     67428    945020    759616     29.39   1031704    816216      1264
05:16:37 AM    147496   1915192     92.85     67428    945064    759616     29.39   1031768    816220      1308
05:16:38 AM    147464   1915224     92.85     67428    945112    759616     29.39   1031844    816216      1356
05:16:39 AM    147496   1915192     92.85     67428    945164    759616     29.39   1031920    816224       616
05:16:40 AM    147372   1915316     92.86     67436    945192    759616     29.39   1031972    816220       652
05:16:41 AM    147248   1915440     92.86     67436    945224    759616     29.39   1032016    816216       676
05:16:42 AM    147280   1915408     92.86     67436    945264    759616     29.39   1032076    816216       716
05:16:43 AM    147280   1915408     92.86     67436    945344    759616     29.39   1032160    816216       796
05:16:44 AM    146908   1915780     92.88     67444    945336    759616     29.39   1032192    816220        96
05:16:45 AM    147156   1915532     92.87     67448    945356    759616     29.39   1032228    816216       164
05:16:46 AM    146908   1915780     92.88     67448    945400    759616     29.39   1032280    816220       260
05:16:47 AM    146752   1915936     92.89     67448    945428    759616     29.39   1032320    816216       288
05:16:48 AM    146748   1915940     92.89     67448    945464    759616     29.39   1032384    816220       324
05:16:49 AM    146884   1915804     92.88     67448    945500    759616     29.39   1032400    816220       360
05:16:50 AM    146752   1915936     92.89     67448    945528    759616     29.39   1032448    816216       388
05:16:51 AM    146784   1915904     92.88     67448    945568    759616     29.39   1032492    816220       444
05:16:52 AM    146752   1915936     92.89     67448    945596    759616     29.39   1032508    816216       472
05:16:53 AM    146660   1916028     92.89     67448    945616    759616     29.39   1032584    816220       492
05:16:54 AM    146412   1916276     92.90     67448    945640    759616     29.39   1032592    816220       516
05:16:55 AM    146412   1916276     92.90     67448    945656    759616     29.39   1032612    816216       532
05:16:56 AM    146528   1916160     92.90     67456    945684    759616     29.39   1032832    816224       560
05:16:57 AM    146380   1916308     92.90     67456    945704    759616     29.39   1032708    816220       580
05:16:58 AM    146396   1916292     92.90     67456    945716    759616     29.39   1032736    816216       592
05:16:59 AM    146364   1916324     92.90     67456    945752    759616     29.39   1032776    816220       628
05:17:00 AM    146364   1916324     92.90     67456    945768    759616     29.39   1032800    816216       644
05:17:01 AM    146208   1916480     92.91     67464    945776    759616     29.39   1032816    816216       660
05:17:02 AM    145960   1916728     92.92     67464    945824    759616     29.39   1032860    816216       708
05:17:03 AM    146116   1916572     92.92     67464    945840    759616     29.39   1032872    816216       724
05:17:04 AM    146116   1916572     92.92     67464    945852    759616     29.39   1032900    816216       736
05:17:05 AM    146084   1916604     92.92     67464    945880    759616     29.39   1032932    816220       764
05:17:06 AM    146148   1916540     92.91     67468    945896    759616     29.39   1032936    816216       836
05:17:07 AM    146120   1916568     92.92     67468    945924    759616     29.39   1033020    816220       836
05:17:08 AM    146148   1916540     92.91     67468    945948    759616     29.39   1033008    816220       860
05:17:09 AM    146148   1916540     92.91     67468    945976    759616     29.39   1033028    816220        48
05:17:10 AM    146148   1916540     92.91     67468    946004    759616     29.39   1033048    816216        76
05:17:11 AM    146008   1916680     92.92     67472    946036    759616     29.39   1033132    816216       112
05:17:12 AM    146116   1916572     92.92     67472    946068    759616     29.39   1033188    816216       204
05:17:13 AM    146012   1916676     92.92     67472    946100    759616     29.39   1033160    816216       236
05:17:14 AM    145992   1916696     92.92     67472    946208    759616     29.39   1033240    816216       348
05:17:15 AM    145868   1916820     92.93     67472    946192    759616     29.39   1033244    816216       332
05:17:16 AM    145900   1916788     92.93     67480    946212    759616     29.39   1033268    816220       360
05:17:17 AM    145776   1916912     92.93     67480    946256    759616     29.39   1033320    816220       400
05:17:18 AM    145744   1916944     92.93     67480    946340    759616     29.39   1033396    816216       484
05:17:19 AM    145776   1916912     92.93     67480    946340    759616     29.39   1033400    816216       484
05:17:20 AM    145732   1916956     92.93     67480    946380    759616     29.39   1033444    816224       524
05:17:21 AM    145776   1916912     92.93     67484    946476    759616     29.39   1033532    816216       624
05:17:22 AM    145620   1917068     92.94     67484    946480    759616     29.39   1033560    816216       624
05:17:23 AM    145620   1917068     92.94     67484    946528    759616     29.39   1033600    816220       672
05:17:24 AM    145404   1917284     92.95     67484    946568    759616     29.39   1033648    816216       712
05:17:25 AM    145496   1917192     92.95     67484    946600    759616     29.39   1033688    816216       744
05:17:26 AM    145404   1917284     92.95     67492    946696    759616     29.39   1033780    816216       848
05:17:27 AM    145340   1917348     92.95     67492    946688    759616     29.39   1033792    816216       832
05:17:28 AM    145248   1917440     92.96     67492    946776    759616     29.39   1033852    816224       920
05:17:29 AM    145280   1917408     92.96     67492    946776    759616     29.39   1033900    816224       920
05:17:30 AM    145156   1917532     92.96     67492    946864    759616     29.39   1033980    816216      1008
05:17:31 AM    145084   1917604     92.97     67500    946864    759616     29.39   1034000    816224      1016
05:17:32 AM    145148   1917540     92.96     67500    946900    759616     29.39   1033996    816220      1044
05:17:33 AM    145148   1917540     92.96     67500    946936    759616     29.39   1034080    816220      1080
05:17:34 AM    144992   1917696     92.97     67500    946968    759616     29.39   1034120    816220      1112
05:17:35 AM    145148   1917540     92.96     67500    947000    759616     29.39   1034132    816220      1144
05:17:36 AM    145024   1917664     92.97     67504    947036    759616     29.39   1034196    816220      1184
05:17:37 AM    144900   1917788     92.98     67504    947072    759616     29.39   1034196    816216      1216
05:17:38 AM    144900   1917788     92.98     67504    947116    759616     29.39   1034276    816220      1260
05:17:39 AM    144900   1917788     92.98     67504    947160    759616     29.39   1034344    816216      1304
05:17:40 AM    144900   1917788     92.98     67504    947256    759616     29.39   1034408    816216      1368
05:17:41 AM    144776   1917912     92.98     67508    947304    759616     29.39   1034404    816220      1424
05:17:42 AM    144580   1918108     92.99     67508    947296    759616     29.39   1034680    816220      1412
05:17:43 AM    144644   1918044     92.99     67508    947396    759616     29.39   1034548    816216      1512
05:17:44 AM    144620   1918068     92.99     67508    947384    759616     29.39   1034508    816220        84
05:17:45 AM    144652   1918036     92.99     67508    947428    759616     29.39   1034604    816216        96
05:17:46 AM    144464   1918224     93.00     67512    947468    759616     29.39   1034648    816216       140
05:17:47 AM    144496   1918192     92.99     67512    947580    759616     29.39   1034704    816216       296
05:17:48 AM    144464   1918224     93.00     67512    947564    759616     29.39   1034700    816216       280
05:17:49 AM    144404   1918284     93.00     67512    947600    759616     29.39   1034736    816216       316
05:17:50 AM    144412   1918276     93.00     67512    947644    759616     29.39   1034736    816224       360
05:17:51 AM    144216   1918472     93.01     67516    947676    759616     29.39   1034824    816216       400
05:17:52 AM    144280   1918408     93.01     67516    947712    759616     29.39   1034864    816220       432
05:17:53 AM    144156   1918532     93.01     67516    947808    759616     29.39   1034960    816220       528
05:17:54 AM    144156   1918532     93.01     67516    947856    759616     29.39   1035016    816216       576
05:17:55 AM    144156   1918532     93.01     67516    947836    759616     29.39   1035024    816216       556
05:17:56 AM    144124   1918564     93.01     67520    947860    759616     29.39   1035056    816216       584
05:17:57 AM    144156   1918532     93.01     67520    947956    759616     29.39   1035128    816216       684
05:17:58 AM    144112   1918576     93.01     67520    947940    759616     29.39   1035100    816216       668
05:17:59 AM    144012   1918676     93.02     67520    947968    759616     29.39   1035272    816216       696
05:18:00 AM    143776   1918912     93.03     67520    948068    759616     29.39   1035292    816216       796
05:18:01 AM    143744   1918944     93.03     67528    948052    759616     29.39   1035328    816232       788
05:18:02 AM    143776   1918912     93.03     67528    948080    759616     29.39   1035412    816228       808
05:18:03 AM    143712   1918976     93.03     67528    948120    759616     29.39   1035368    816224       848
05:18:04 AM    143712   1918976     93.03     67528    948168    759616     29.39   1035412    816228       896
05:18:05 AM    143620   1919068     93.04     67528    948204    759616     29.39   1035456    816224       932
05:18:06 AM    143652   1919036     93.04     67528    948220    759616     29.39   1035472    816224       948
05:18:07 AM    143620   1919068     93.04     67528    948260    759616     29.39   1035516    816224       988
05:18:08 AM    143584   1919104     93.04     67528    948276    759616     29.39   1035548    816224      1004
05:18:09 AM    143596   1919092     93.04     67528    948364    759616     29.39   1035576    816224      1092
05:18:10 AM    143728   1918960     93.03     67528    948344    759616     29.39   1035444    816224      1072
05:18:11 AM    144008   1918680     93.02     67532    948420    759616     29.39   1035168    816224      1152
Average:       146698   1915990     92.89     67455    945854    758882     29.36   1032566    816219       665
