Linux 4.4.0-31-generic (dpi-suricata) 	12/10/2017 	_i686_	(1 CPU)

01:55:39 AM kbmemfree kbmemused  %memused kbbuffers  kbcached  kbcommit   %commit  kbactive   kbinact   kbdirty
01:55:40 AM    341192   1721496     83.46     88656    755492    984572     38.09    837624    815716        76
01:55:41 AM    341068   1721620     83.46     88656    755528    984572     38.09    837684    815704        84
01:55:42 AM    341084   1721604     83.46     88656    755552    984572     38.09    837728    815692       108
01:55:43 AM    340540   1722148     83.49     88656    755564    984572     38.09    837764    815692       120
01:55:44 AM    340580   1722108     83.49     88664    755584    984572     38.09    837760    815692       252
01:55:45 AM    338852   1723836     83.57     88664    755680    984572     38.09    839724    815696       336
01:55:46 AM    336868   1725820     83.67     88664    755724    984572     38.09    841728    815692       384
01:55:47 AM    335472   1727216     83.74     88664    755716    984572     38.09    843312    815696       376
01:55:48 AM    333148   1729540     83.85     88664    755744    984572     38.09    845656    815696       404
01:55:49 AM    331040   1731648     83.95     88668    755780    984572     38.09    847732    815696       444
01:55:50 AM    328776   1733912     84.06     88668    755824    984572     38.09    850032    815700       484
01:55:51 AM    326544   1736144     84.17     88668    755860    984572     38.09    852044    815696       520
01:55:52 AM    324452   1738236     84.27     88668    755896    984572     38.09    854108    815696       556
01:55:53 AM    322840   1739848     84.35     88668    755932    984572     38.09    855848    815692       592
01:55:54 AM    320452   1742236     84.46     88668    756008    984572     38.09    858156    815696       668
01:55:55 AM    319180   1743508     84.53     88668    756056    984572     38.09    859488    815700       716
01:55:56 AM    317260   1745428     84.62     88668    756092    984572     38.09    861200    815692       752
01:55:57 AM    315896   1746792     84.69     88668    756120    984572     38.09    862520    815692       780
01:55:58 AM    314780   1747908     84.74     88668    756152    984572     38.09    863556    815696       812
01:55:59 AM    314624   1748064     84.75     88672    756180    984572     38.09    863924    815696       840
01:56:00 AM    313540   1749148     84.80     88672    756208    984572     38.09    864716    815692       868
01:56:01 AM    311804   1750884     84.88     88672    756240    984572     38.09    866500    815692       900
01:56:02 AM    310532   1752156     84.95     88672    756268    984572     38.09    867572    815692       928
01:56:03 AM    309184   1753504     85.01     88672    756296    984572     38.09    869208    815692       956
01:56:04 AM    308672   1754016     85.04     88676    756316    984572     38.09    869936    815692       976
01:56:05 AM    306936   1755752     85.12     88676    756360    984572     38.09    871656    815696        16
01:56:06 AM    306100   1756588     85.16     88676    756392    984572     38.09    872460    815696        88
01:56:07 AM    304332   1758356     85.25     88676    756424    984572     38.09    874300    815696       120
01:56:08 AM    303992   1758696     85.26     88676    756452    984572     38.09    874772    815692       148
01:56:09 AM    302380   1760308     85.34     88676    756488    984572     38.09    876436    815688       220
01:56:10 AM    300892   1761796     85.41     88676    756520    984572     38.09    877868    815684       252
01:56:11 AM    299744   1762944     85.47     88676    756556    984572     38.09    878880    815688       288
01:56:12 AM    298192   1764496     85.54     88676    756592    984572     38.09    880204    815684       324
01:56:13 AM    296952   1765736     85.60     88676    756624    984572     38.09    881480    815688       356
01:56:14 AM    296488   1766200     85.63     88680    756656    984572     38.09    882008    815680       388
01:56:15 AM    295200   1767488     85.69     88680    756688    984572     38.09    883476    815684       420
01:56:16 AM    292232   1770456     85.83     88680    756720    984572     38.09    886228    815680       452
01:56:17 AM    291488   1771200     85.87     88680    756740    984572     38.09    887232    815680       472
01:56:18 AM    289784   1772904     85.95     88680    756768    984572     38.09    888644    815680       500
01:56:19 AM    288172   1774516     86.03     88688    756796    984572     38.09    890252    815680       528
01:56:20 AM    286280   1776408     86.12     88688    756844    984572     38.09    892664    815688       576
01:56:21 AM    285288   1777400     86.17     88688    756872    984572     38.09    893480    815692       604
01:56:22 AM    283004   1779684     86.28     88688    756896    984572     38.09    894936    815684       628
01:56:23 AM    282204   1780484     86.32     88688    756924    984572     38.09    896208    815680       656
01:56:24 AM    280932   1781756     86.38     88692    756944    984572     38.09    897484    815680       680
01:56:25 AM    279476   1783212     86.45     88692    756968    984572     38.09    898960    815680       704
01:56:26 AM    277748   1784940     86.53     88692    756996    984572     38.09    900672    815680       732
01:56:27 AM    276260   1786428     86.61     88692    757028    984572     38.09    902112    815684       764
01:56:28 AM    274616   1788072     86.69     88692    757056    984572     38.09    903604    815688       792
01:56:29 AM    273004   1789684     86.76     88696    757084    984572     38.09    905472    815684       820
01:56:30 AM    272352   1790336     86.80     88696    757108    984572     38.09    905888    815680        24
01:56:31 AM    271516   1791172     86.84     88696    757132    984572     38.09    906756    815680        72
01:56:32 AM    270352   1792336     86.89     88696    757148    984572     38.09    907720    815680        88
01:56:33 AM    269240   1793448     86.95     88696    757172    984572     38.09    909088    815684       112
01:56:34 AM    268356   1794332     86.99     88700    757188    984572     38.09    910032    815680       184
01:56:35 AM    266868   1795820     87.06     88700    757220    984572     38.09    911516    815684       200
01:56:36 AM    265836   1796852     87.11     88700    757240    984572     38.09    912864    815684       220
01:56:37 AM    264348   1798340     87.18     88700    757276    984572     38.09    914148    815680       256
01:56:38 AM    262364   1800324     87.28     88700    757296    984572     38.09    915960    815680       276
01:56:39 AM    261248   1801440     87.33     88708    757328    984572     38.09    917372    815684       316
01:56:40 AM    260240   1802448     87.38     88708    757352    984572     38.09    918116    815680       332
01:56:41 AM    259100   1803588     87.44     88708    757376    984572     38.09    919244    815680       356
01:56:42 AM    257612   1805076     87.51     88708    757404    984572     38.09    920552    815684       384
01:56:43 AM    256732   1805956     87.55     88708    757432    984572     38.09    921440    815684       412
01:56:44 AM    255356   1807332     87.62     88712    757456    984572     38.09    922776    815680       440
01:56:45 AM    255116   1807572     87.63     88712    757488    984572     38.09    923104    815680       468
01:56:46 AM    254744   1807944     87.65     88712    757536    984572     38.09    923440    815684       516
01:56:47 AM    254756   1807932     87.65     88712    757568    984572     38.09    923488    815688       548
01:56:48 AM    253780   1808908     87.70     88712    757592    984572     38.09    924548    815688       572
01:56:49 AM    252540   1810148     87.76     88712    757612    984572     38.09    925728    815684       592
01:56:50 AM    252384   1810304     87.76     88720    757636    984572     38.09    925756    815684       616
01:56:51 AM    252504   1810184     87.76     88720    757672    984572     38.09    925824    815688       652
01:56:52 AM    251048   1811640     87.83     88720    757708    984572     38.09    927304    815692       688
01:56:53 AM    249088   1813600     87.92     88720    757736    984572     38.09    928900    815684       716
01:56:54 AM    248640   1814048     87.95     88724    757752    984572     38.09    929772    815684       736
01:56:55 AM    246500   1816188     88.05     88724    757792    984572     38.09    931900    815688       772
01:56:56 AM    244548   1818140     88.14     88724    757824    984572     38.09    933856    815684       804
01:56:57 AM    244144   1818544     88.16     88724    757880    984572     38.09    934232    815688       860
01:56:58 AM    243432   1819256     88.20     88724    757932    984572     38.09    934832    815688       912
01:56:59 AM    243036   1819652     88.22     88724    757996    984572     38.09    935176    815684       976
01:57:00 AM    242160   1820528     88.26     88732    758036    984572     38.09    936116    815684       988
01:57:01 AM    241588   1821100     88.29     88732    758132    984572     38.09    936748    815700      1100
01:57:02 AM    239768   1822920     88.38     88732    758160    984572     38.09    938584    815704      1128
01:57:03 AM    239184   1823504     88.40     88732    758232    984572     38.09    939172    815704      1200
01:57:04 AM    238032   1824656     88.46     88732    758284    984572     38.09    939808    815704      1252
01:57:05 AM    237228   1825460     88.50     88732    758316    984572     38.09    941132    815700        20
01:57:06 AM    235584   1827104     88.58     88732    758376    984572     38.09    942792    815696       116
01:57:07 AM    234624   1828064     88.63     88732    758420    984572     38.09    943580    815700       160
01:57:08 AM    233724   1828964     88.67     88732    758436    984572     38.09    944708    815696       176
01:57:09 AM    232888   1829800     88.71     88736    758484    984572     38.09    945480    815700       228
01:57:10 AM    231740   1830948     88.77     88736    758532    984572     38.09    946588    815700       304
01:57:11 AM    230408   1832280     88.83     88736    758576    984572     38.09    947704    815700       348
01:57:12 AM    229260   1833428     88.89     88736    758616    984572     38.09    949052    815700       388
01:57:13 AM    228764   1833924     88.91     88736    758640    984572     38.09    949324    815696       412
01:57:14 AM    228544   1834144     88.92     88736    758692    984572     38.09    949804    815696       464
01:57:15 AM    227616   1835072     88.97     88736    758748    984572     38.09    950468    815692       524
01:57:16 AM    226120   1836568     89.04     88736    758788    984572     38.09    952156    815692       564
01:57:17 AM    225848   1836840     89.05     88736    758840    984572     38.09    952276    815692       616
01:57:18 AM    225756   1836932     89.06     88736    758888    984572     38.09    952472    815692       664
01:57:19 AM    223792   1838896     89.15     88736    758932    984572     38.09    954500    815700       708
01:57:20 AM    223120   1839568     89.18     88740    758980    984572     38.09    955024    815696       760
01:57:21 AM    222500   1840188     89.21     88740    759016    984572     38.09    955404    815696       796
01:57:22 AM    222540   1840148     89.21     88740    759068    984572     38.09    955740    815696       848
01:57:23 AM    222376   1840312     89.22     88740    759104    984572     38.09    956116    815696       884
01:57:24 AM    221012   1841676     89.29     88740    759144    984572     38.09    957376    815696       924
01:57:25 AM    219784   1842904     89.34     88740    759188    984572     38.09    958508    815696       968
01:57:26 AM    217896   1844792     89.44     88740    759224    984572     38.09    960480    815696      1004
01:57:27 AM    216416   1846272     89.51     88740    759272    984572     38.09    961928    815696      1052
01:57:28 AM    216052   1846636     89.53     88740    759328    984572     38.09    962192    815692      1108
01:57:29 AM    215512   1847176     89.55     88740    759380    984572     38.09    963000    815696      1160
01:57:30 AM    213852   1848836     89.63     88748    759416    984572     38.09    964752    815692      1196
01:57:31 AM    211960   1850728     89.72     88748    759456    984572     38.09    966572    815692      1236
01:57:32 AM    211340   1851348     89.75     88748    759504    984572     38.09    966780    815692      1284
01:57:33 AM    210700   1851988     89.79     88748    759532    984572     38.09    967728    815692      1312
01:57:34 AM    209708   1852980     89.83     88748    759580    984572     38.09    968648    815692      1360
01:57:35 AM    207348   1855340     89.95     88756    759636    984572     38.09    970408    815696      1416
01:57:36 AM    207068   1855620     89.96     88756    759684    984572     38.09    971188    815700      1448
01:57:37 AM    206484   1856204     89.99     88756    759724    984572     38.09    971720    815696      1488
01:57:38 AM    205488   1857200     90.04     88756    759776    984572     38.09    972824    815696      1540
01:57:39 AM    204372   1858316     90.09     88756    759816    984572     38.09    973976    815696      1580
01:57:40 AM    202636   1860052     90.18     88756    759864    984572     38.09    975640    815704        60
01:57:41 AM    202340   1860348     90.19     88756    759916    984572     38.09    975860    815696       108
01:57:42 AM    200868   1861820     90.26     88756    759968    984572     38.09    977244    815692       160
01:57:43 AM    200112   1862576     90.30     88756    760000    984572     38.09    978028    815692       192
01:57:44 AM    198500   1864188     90.38     88756    760040    984572     38.09    979536    815692       232
01:57:45 AM    198140   1864548     90.39     88756    760092    984572     38.09    979592    815704       320
01:57:46 AM    198356   1864332     90.38     88756    760112    984572     38.09    979632    815692       340
01:57:47 AM    198216   1864472     90.39     88756    760164    984572     38.09    979776    815692       392
01:57:48 AM    198132   1864556     90.39     88756    760212    984572     38.09    979780    815696       440
01:57:49 AM    198008   1864680     90.40     88756    760256    984572     38.09    979872    815692       484
01:57:50 AM    197952   1864736     90.40     88760    760308    984572     38.09    979920    815696       536
01:57:51 AM    198064   1864624     90.40     88760    760324    984572     38.09    979856    815692       552
01:57:52 AM    198092   1864596     90.40     88760    760372    984572     38.09    979908    815696       600
01:57:53 AM    198124   1864564     90.39     88760    760416    984572     38.09    979952    815692       644
01:57:54 AM    197968   1864720     90.40     88760    760452    984572     38.09    979992    815692       680
01:57:55 AM    197632   1865056     90.42     88760    760496    984572     38.09    980032    815692       724
01:57:56 AM    197776   1864912     90.41     88760    760524    984572     38.09    980068    815688       752
01:57:57 AM    197808   1864880     90.41     88760    760584    984572     38.09    980128    815692       812
01:57:58 AM    197848   1864840     90.41     88760    760604    984572     38.09    980068    815688       832
01:57:59 AM    198168   1864520     90.39     88760    760652    984572     38.09    979748    815688       880
Average:       257363   1805325     87.52     88713    757888    984572     38.09    920970    815691       600
