Linux 4.4.0-31-generic (dpi-suricata) 	12/10/2017 	_i686_	(1 CPU)

12:55:16 AM kbmemfree kbmemused  %memused kbbuffers  kbcached  kbcommit   %commit  kbactive   kbinact   kbdirty
12:55:17 AM    337268   1725420     83.65     90140    762048    984572     38.09    812952    844644       308
12:55:18 AM    337192   1725496     83.65     90140    762068    984572     38.09    813004    844628       328
12:55:19 AM    336772   1725916     83.67     90140    762092    984572     38.09    813028    844624       352
12:55:20 AM    336820   1725868     83.67     90144    762104    984572     38.09    813056    844624       420
12:55:21 AM    336648   1726040     83.68     90144    762140    984572     38.09    813088    844620       448
12:55:22 AM    335564   1727124     83.73     90144    762168    984572     38.09    814484    844624       476
12:55:23 AM    333580   1729108     83.83     90144    762220    984572     38.09    816508    844620       528
12:55:24 AM    330728   1731960     83.97     90144    762252    984572     38.09    819328    844620       560
12:55:25 AM    328868   1733820     84.06     90152    762288    984572     38.09    821132    844624       604
12:55:26 AM    326604   1736084     84.17     90152    762328    984572     38.09    823460    844624       636
12:55:27 AM    324992   1737696     84.24     90152    762356    984572     38.09    825076    844620       664
12:55:28 AM    322824   1739864     84.35     90152    762392    984572     38.09    827252    844620       700
12:55:29 AM    321056   1741632     84.44     90152    762436    984572     38.09    829288    844620       744
12:55:30 AM    319088   1743600     84.53     90156    762464    984572     38.09    830984    844624       776
12:55:31 AM    317180   1745508     84.62     90156    762504    984572     38.09    832804    844624       812
12:55:32 AM    315244   1747444     84.72     90156    762548    984572     38.09    834768    844632       856
12:55:33 AM    314448   1748240     84.76     90156    762580    984572     38.09    835392    844628       888
12:55:34 AM    313336   1749352     84.81     90156    762604    984572     38.09    836624    844624       912
12:55:35 AM    312376   1750312     84.86     90160    762632    984572     38.09    837480    844624       944
12:55:36 AM    311864   1750824     84.88     90160    762664    984572     38.09    837912    844620       972
12:55:37 AM    311260   1751428     84.91     90160    762692    984572     38.09    838536    844620       576
12:55:38 AM    310032   1752656     84.97     90160    762716    984572     38.09    840084    844620       556
12:55:39 AM    308152   1754536     85.06     90160    762752    984572     38.09    841988    844620       592
12:55:40 AM    307112   1755576     85.11     90168    762772    984572     38.09    842968    844620       620
12:55:41 AM    306400   1756288     85.15     90168    762808    984572     38.09    843612    844620       648
12:55:42 AM    304316   1758372     85.25     90168    762832    984572     38.09    845692    844620       516
12:55:43 AM    303184   1759504     85.30     90168    762876    984572     38.09    846768    844620       524
12:55:44 AM    302332   1760356     85.34     90168    762900    984572     38.09    847972    844624       548
12:55:45 AM    300860   1761828     85.41     90172    762936    984572     38.09    849412    844624       588
12:55:46 AM    299572   1763116     85.48     90172    762972    984572     38.09    850688    844624       644
12:55:47 AM    298844   1763844     85.51     90172    763008    984572     38.09    851200    844620       244
12:55:48 AM    297124   1765564     85.60     90172    763044    984572     38.09    852932    844628       272
12:55:49 AM    295496   1767192     85.67     90172    763080    984572     38.09    854484    844624       312
12:55:50 AM    294396   1768292     85.73     90172    763120    984572     38.09    855520    844616       352
12:55:51 AM    293232   1769456     85.78     90172    763152    984572     38.09    856348    844612       396
12:55:52 AM    291916   1770772     85.85     90172    763184    984572     38.09    857940    844624       428
12:55:53 AM    290040   1772648     85.94     90172    763212    984572     38.09    859804    844616       456
12:55:54 AM    288924   1773764     85.99     90172    763240    984572     38.09    860776    844616       484
12:55:55 AM    287920   1774768     86.04     90172    763264    984572     38.09    861636    844620       508
12:55:56 AM    287072   1775616     86.08     90172    763284    984572     38.09    862508    844616       528
12:55:57 AM    286076   1776612     86.13     90172    763304    984572     38.09    863508    844616       548
12:55:58 AM    285064   1777624     86.18     90172    763332    984572     38.09    864884    844616       576
12:55:59 AM    283740   1778948     86.24     90172    763364    984572     38.09    866104    844616       608
12:56:00 AM    282196   1780492     86.32     90180    763376    984572     38.09    867692    844616       628
12:56:01 AM    279980   1782708     86.43     90180    763412    984572     38.09    869836    844616       656
12:56:02 AM    279160   1783528     86.47     90180    763436    984572     38.09    870756    844616       680
12:56:03 AM    278492   1784196     86.50     90180    763460    984572     38.09    871412    844616       704
12:56:04 AM    277408   1785280     86.55     90180    763484    984572     38.09    872460    844616       728
12:56:05 AM    276912   1785776     86.58     90184    763508    984572     38.09    872740    844620       756
12:56:06 AM    275532   1787156     86.64     90184    763548    984572     38.09    874408    844620       792
12:56:07 AM    273920   1788768     86.72     90184    763580    984572     38.09    876108    844616       824
12:56:08 AM    272960   1789728     86.77     90184    763604    984572     38.09    876860    844616       848
12:56:09 AM    271596   1791092     86.83     90184    763628    984572     38.09    878252    844616       872
12:56:10 AM    270604   1792084     86.88     90184    763648    984572     38.09    879296    844616       892
12:56:11 AM    269232   1793456     86.95     90184    763672    984572     38.09    880808    844616       916
12:56:12 AM    268696   1793992     86.97     90184    763688    984572     38.09    881128    844616       496
12:56:13 AM    267952   1794736     87.01     90184    763712    984572     38.09    882000    844612       488
12:56:14 AM    266108   1796580     87.10     90184    763732    984572     38.09    883700    844616       508
12:56:15 AM    265020   1797668     87.15     90184    763756    984572     38.09    884784    844612       536
12:56:16 AM    264280   1798408     87.19     90184    763780    984572     38.09    885556    844612       572
12:56:17 AM    263876   1798812     87.21     90184    763804    984572     38.09    886008    844616       544
12:56:18 AM    263080   1799608     87.25     90184    763820    984572     38.09    886720    844612       552
12:56:19 AM    262420   1800268     87.28     90184    763840    984572     38.09    887272    844616       572
12:56:20 AM    261304   1801384     87.33     90184    763872    984572     38.09    888672    844612       604
12:56:21 AM    260188   1802500     87.39     90184    763896    984572     38.09    889512    844608       648
12:56:22 AM    259476   1803212     87.42     90184    763924    984572     38.09    890152    844612       176
12:56:23 AM    259196   1803492     87.43     90184    763956    984572     38.09    890444    844612       152
12:56:24 AM    259040   1803648     87.44     90184    763980    984572     38.09    890752    844612       196
12:56:25 AM    258736   1803952     87.46     90188    764000    984572     38.09    891096    844612       220
12:56:26 AM    258148   1804540     87.48     90188    764028    984572     38.09    891692    844616       252
12:56:27 AM    257932   1804756     87.50     90188    764048    984572     38.09    891688    844612       272
12:56:28 AM    257916   1804772     87.50     90188    764088    984572     38.09    891908    844612       312
12:56:29 AM    257684   1805004     87.51     90188    764116    984572     38.09    892116    844612       340
12:56:30 AM    256784   1805904     87.55     90196    764140    984572     38.09    892952    844612       372
12:56:31 AM    255816   1806872     87.60     90196    764172    984572     38.09    893900    844612       396
12:56:32 AM    255444   1807244     87.62     90196    764200    984572     38.09    894124    844612       424
12:56:33 AM    254824   1807864     87.65     90196    764220    984572     38.09    894972    844612       444
12:56:34 AM    253956   1808732     87.69     90196    764252    984572     38.09    895524    844612       476
12:56:35 AM    252568   1810120     87.76     90196    764280    984572     38.09    897276    844608       504
12:56:36 AM    251360   1811328     87.81     90196    764400    984572     38.09    898392    844608       624
12:56:37 AM    250244   1812444     87.87     90196    764400    984572     38.09    899636    844612       624
12:56:38 AM    248212   1814476     87.97     90196    764444    984572     38.09    901440    844616       668
12:56:39 AM    248144   1814544     87.97     90196    764492    984572     38.09    901640    844616       716
12:56:40 AM    246824   1815864     88.03     90204    764524    984572     38.09    903044    844616       756
12:56:41 AM    246244   1816444     88.06     90204    764568    984572     38.09    903604    844612       792
12:56:42 AM    245876   1816812     88.08     90204    764612    984572     38.09    904468    844612       836
12:56:43 AM    244672   1818016     88.14     90204    764700    984572     38.09    905612    844608       924
12:56:44 AM    243400   1819288     88.20     90204    764760    984572     38.09    906808    844612       984
12:56:45 AM    242828   1819860     88.23     90212    764752    984572     38.09    907232    844612       984
12:56:46 AM    241200   1821488     88.31     90212    764796    984572     38.09    908872    844612      1020
12:56:47 AM    239820   1822868     88.37     90212    764840    984572     38.09    910392    844616       460
12:56:48 AM    239092   1823596     88.41     90212    764888    984572     38.09    910972    844612       476
12:56:49 AM    238364   1824324     88.44     90212    764924    984572     38.09    911920    844612       512
12:56:50 AM    237480   1825208     88.49     90220    765008    984572     38.09    912624    844612       556
12:56:51 AM    235868   1826820     88.57     90220    765056    984572     38.09    914196    844608       660
12:56:52 AM    233504   1829184     88.68     90220    765072    984572     38.09    916620    844612       676
12:56:53 AM    232952   1829736     88.71     90220    765108    984572     38.09    917088    844608       660
12:56:54 AM    231760   1830928     88.76     90220    765140    984572     38.09    918088    844608       692
12:56:55 AM    231636   1831052     88.77     90228    765224    984572     38.09    918220    844608       784
12:56:56 AM    230900   1831788     88.81     90228    765284    984572     38.09    919144    844612       836
12:56:57 AM    230364   1832324     88.83     90228    765332    984572     38.09    919736    844612       312
12:56:58 AM    229016   1833672     88.90     90228    765384    984572     38.09    921032    844616       404
12:56:59 AM    227916   1834772     88.95     90228    765448    984572     38.09    921996    844608       488
12:57:00 AM    226184   1836504     89.03     90232    765496    984572     38.09    923816    844608       540
12:57:01 AM    225684   1837004     89.06     90232    765496    984572     38.09    924064    844604       556
12:57:02 AM    225668   1837020     89.06     90232    765536    984572     38.09    924332    844604       596
12:57:03 AM    224196   1838492     89.13     90232    765624    984572     38.09    925500    844604       684
12:57:04 AM    223824   1838864     89.15     90232    765624    984572     38.09    925972    844604       684
12:57:05 AM    222420   1840268     89.22     90236    765716    984572     38.09    927548    844604       780
12:57:06 AM    221336   1841352     89.27     90236    765748    984572     38.09    928596    844608       808
12:57:07 AM    221236   1841452     89.27     90236    765784    984572     38.09    928576    844604       844
12:57:08 AM    220600   1842088     89.31     90236    765820    984572     38.09    929560    844604       880
12:57:09 AM    218936   1843752     89.39     90236    765856    984572     38.09    931140    844604       916
12:57:10 AM    218580   1844108     89.40     90240    765932    984572     38.09    931476    844604       996
12:57:11 AM    217884   1844804     89.44     90240    765952    984572     38.09    931948    844600      1012
12:57:12 AM    216860   1845828     89.49     90240    766048    984572     38.09    933260    844600      1108
12:57:13 AM    215652   1847036     89.55     90240    766108    984572     38.09    934268    844608      1168
12:57:14 AM    214504   1848184     89.60     90240    766132    984572     38.09    935396    844608      1192
12:57:15 AM    212916   1849772     89.68     90244    766176    984572     38.09    936980    844604      1240
12:57:16 AM    210892   1851796     89.78     90244    766260    984572     38.09    938908    844608      1320
12:57:17 AM    210080   1852608     89.82     90244    766312    984572     38.09    939976    844608       436
12:57:18 AM    208700   1853988     89.88     90244    766312    984572     38.09    941300    844600       432
12:57:19 AM    207436   1855252     89.94     90244    766336    984572     38.09    942556    844600       460
12:57:20 AM    206088   1856600     90.01     90248    766432    984572     38.09    943944    844604       508
12:57:21 AM    204800   1857888     90.07     90248    766484    984572     38.09    945172    844600       612
12:57:22 AM    201816   1860872     90.22     90248    766496    984572     38.09    947856    844604       624
12:57:23 AM    201848   1860840     90.21     90248    766540    984572     38.09    947896    844600       624
12:57:24 AM    201832   1860856     90.22     90248    766564    984572     38.09    947956    844600       648
12:57:25 AM    201872   1860816     90.21     90256    766640    984572     38.09    947924    844596       684
12:57:26 AM    201724   1860964     90.22     90256    766688    984572     38.09    947944    844596       784
12:57:27 AM    201764   1860924     90.22     90256    766704    984572     38.09    947968    844600       800
12:57:28 AM    201732   1860956     90.22     90256    766744    984572     38.09    948044    844600       800
12:57:29 AM    201592   1861096     90.23     90256    766776    984572     38.09    948080    844600       832
12:57:30 AM    201568   1861120     90.23     90260    766816    984572     38.09    948268    844604       876
12:57:31 AM    201648   1861040     90.22     90260    766912    984572     38.09    948248    844600       976
12:57:32 AM    201608   1861080     90.23     90260    766916    984572     38.09    948192    844596       460
12:57:33 AM    201532   1861156     90.23     90260    766964    984572     38.09    948248    844596       496
12:57:34 AM    201492   1861196     90.23     90260    766992    984572     38.09    948272    844596       528
12:57:35 AM    201484   1861204     90.23     90268    767020    984572     38.09    948216    844600       564
12:57:36 AM    201376   1861312     90.24     90268    767056    984572     38.09    948156    844600       608
Average:       260293   1802395     87.38     90199    764318    984572     38.09    889614    844613       631
Linux 4.4.0-31-generic (dpi-suricata) 	12/10/2017 	_i686_	(1 CPU)

04:45:50 AM kbmemfree kbmemused  %memused kbbuffers  kbcached  kbcommit   %commit  kbactive   kbinact   kbdirty
04:45:51 AM    327584   1735104     84.12     70676    791684    984704     38.09    789352    878380       324
04:45:52 AM    327492   1735196     84.12     70676    791720    984704     38.09    789420    878364       364
04:45:53 AM    327336   1735352     84.13     70676    791748    984704     38.09    789448    878364       392
04:45:54 AM    327616   1735072     84.12     70676    791784    984704     38.09    789484    878368       428
04:45:55 AM    327460   1735228     84.12     70684    791792    984704     38.09    789504    878364       444
04:45:56 AM    325476   1737212     84.22     70684    791844    984704     38.09    791724    878364       492
04:45:57 AM    323772   1738916     84.30     70684    791892    984704     38.09    793756    878364       540
04:45:58 AM    321168   1741520     84.43     70684    791996    984704     38.09    796312    878368       540
04:45:59 AM    319276   1743412     84.52     70684    791988    984704     38.09    798200    878376       528
04:46:00 AM    317664   1745024     84.60     70692    792020    984704     38.09    799844    878376       568
04:46:01 AM    315216   1747472     84.72     70692    792064    984704     38.09    801776    878380       616
04:46:02 AM    313324   1749364     84.81     70692    792096    984704     38.09    803752    878380       648
04:46:03 AM    311584   1751104     84.89     70692    792124    984704     38.09    805432    878376       676
04:46:04 AM    309992   1752696     84.97     70692    792160    984704     38.09    807048    878380       672
04:46:05 AM    307760   1754928     85.08     70696    792184    984704     38.09    809352    878380       700
04:46:06 AM    305032   1757656     85.21     70696    792228    984704     38.09    812032    878376       756
04:46:07 AM    303172   1759516     85.30     70696    792260    984704     38.09    813940    878376       788
04:46:08 AM    301932   1760756     85.36     70700    792296    984704     38.09    815140    878376       828
04:46:09 AM    301188   1761500     85.40     70700    792324    984704     38.09    815784    878372       844
04:46:10 AM    299824   1762864     85.46     70704    792360    984704     38.09    817012    878372       884
04:46:11 AM    298180   1764508     85.54     70704    792396    984704     38.09    818732    878376       928
04:46:12 AM    297060   1765628     85.60     70704    792432    984704     38.09    819724    878376       964
04:46:13 AM    294728   1767960     85.71     70704    792464    984704     38.09    822124    878372       932
04:46:14 AM    293860   1768828     85.75     70704    792496    984704     38.09    823044    878372       940
04:46:15 AM    293220   1769468     85.78     70708    792516    984704     38.09    823804    878372       964
04:46:16 AM    292344   1770344     85.83     70708    792552    984704     38.09    824760    878376      1012
04:46:17 AM    291136   1771552     85.89     70708    792584    984704     38.09    825848    878376      1044
04:46:18 AM    289976   1772712     85.94     70708    792612    984704     38.09    827176    878372      1072
04:46:19 AM    288532   1774156     86.01     70708    792640    984704     38.09    828644    878376      1076
04:46:20 AM    288160   1774528     86.03     70716    792676    984704     38.09    828804    878376      1120
04:46:21 AM    287292   1775396     86.07     70716    792720    984704     38.09    829856    878384      1160
04:46:22 AM    286672   1776016     86.10     70716    792744    984704     38.09    830264    878376      1184
04:46:23 AM    285432   1777256     86.16     70736    792748    984704     38.09    831732    878376        52
04:46:24 AM    284564   1778124     86.20     70736    792796    984704     38.09    832540    878380       184
04:46:25 AM    282332   1780356     86.31     70744    792828    984704     38.09    834524    878372       184
04:46:26 AM    280696   1781992     86.39     70744    792872    984704     38.09    836360    878372       260
04:46:27 AM    278620   1784068     86.49     70744    792904    984704     38.09    838348    878372       292
04:46:28 AM    277836   1784852     86.53     70744    792932    984704     38.09    839368    878376       320
04:46:29 AM    276100   1786588     86.61     70744    792956    984704     38.09    841284    878372       344
04:46:30 AM    275388   1787300     86.65     70752    792968    984704     38.09    841940    878376       364
04:46:31 AM    272752   1789936     86.78     70752    793000    984704     38.09    844596    878372       388
04:46:32 AM    271636   1791052     86.83     70752    793024    984704     38.09    845332    878372       412
04:46:33 AM    270552   1792136     86.88     70752    793052    984704     38.09    846388    878376       336
04:46:34 AM    269312   1793376     86.94     70752    793072    984704     38.09    847644    878376       364
04:46:35 AM    267204   1795484     87.05     70760    793084    984704     38.09    849744    878380       384
04:46:36 AM    265932   1796756     87.11     70760    793116    984704     38.09    851072    878372       420
04:46:37 AM    265184   1797504     87.14     70760    793140    984704     38.09    851684    878372       444
04:46:38 AM    264600   1798088     87.17     70760    793160    984704     38.09    852420    878372       464
04:46:39 AM    263616   1799072     87.22     70760    793184    984704     38.09    853312    878376       452
04:46:40 AM    261972   1800716     87.30     70768    793204    984704     38.09    854936    878376       484
04:46:41 AM    261136   1801552     87.34     70768    793236    984704     38.09    855804    878380       520
04:46:42 AM    259648   1803040     87.41     70768    793260    984704     38.09    857000    878380       544
04:46:43 AM    257780   1804908     87.50     70768    793292    984704     38.09    858920    878372       576
04:46:44 AM    256028   1806660     87.59     70768    793312    984704     38.09    860588    878372       596
04:46:45 AM    255060   1807628     87.63     70772    793332    984704     38.09    861672    878372       620
04:46:46 AM    254564   1808124     87.66     70772    793356    984704     38.09    862380    878368       640
04:46:47 AM    252920   1809768     87.74     70772    793388    984704     38.09    864024    878376       672
04:46:48 AM    251432   1811256     87.81     70772    793408    984704     38.09    865500    878372       692
04:46:49 AM    250192   1812496     87.87     70772    793428    984704     38.09    866648    878372       712
04:46:50 AM    248984   1813704     87.93     70780    793440    984704     38.09    867988    878368       732
04:46:51 AM    247620   1815068     88.00     70780    793472    984704     38.09    869380    878372       756
04:46:52 AM    246876   1815812     88.03     70780    793492    984704     38.09    870112    878368       776
04:46:53 AM    245728   1816960     88.09     70780    793512    984704     38.09    870884    878372       796
04:46:54 AM    244860   1817828     88.13     70780    793536    984704     38.09    872000    878376       820
04:46:55 AM    243652   1819036     88.19     70784    793556    984704     38.09    873004    878372       844
04:46:56 AM    242776   1819912     88.23     70784    793576    984704     38.09    873832    878368       860
04:46:57 AM    241884   1820804     88.27     70784    793612    984704     38.09    875000    878364       896
04:46:58 AM    240520   1822168     88.34     70784    793644    984704     38.09    876064    878368       140
04:46:59 AM    239676   1823012     88.38     70784    793680    984704     38.09    877136    878368       120
04:47:00 AM    239032   1823656     88.41     70788    793692    984704     38.09    877836    878364       140
04:47:01 AM    238072   1824616     88.46     70788    793724    984704     38.09    878716    878368       216
04:47:02 AM    236708   1825980     88.52     70788    793748    984704     38.09    880280    878368       240
04:47:03 AM    235560   1827128     88.58     70788    793776    984704     38.09    881040    878372       268
04:47:04 AM    235584   1827104     88.58     70788    793800    984704     38.09    881080    878364       292
04:47:05 AM    234724   1827964     88.62     70796    793868    984704     38.09    882052    878400       368
04:47:06 AM    233600   1829088     88.67     70796    793888    984704     38.09    883240    878400       380
04:47:07 AM    233204   1829484     88.69     70796    793920    984704     38.09    883348    878404       412
04:47:08 AM    232708   1829980     88.72     70796    793960    984704     38.09    884148    878404       400
04:47:09 AM    232088   1830600     88.75     70796    794056    984704     38.09    884628    878400       476
04:47:10 AM    231064   1831624     88.80     70800    794056    984704     38.09    885540    878408       480
04:47:11 AM    230608   1832080     88.82     70800    794152    984704     38.09    886080    878396       584
04:47:12 AM    229260   1833428     88.89     70800    794168    984704     38.09    887504    878396       600
04:47:13 AM    228864   1833824     88.90     70800    794264    984704     38.09    888024    878396       644
04:47:14 AM    228152   1834536     88.94     70800    794272    984704     38.09    888676    878400       716
04:47:15 AM    226384   1836304     89.02     70808    794360    984704     38.09    890464    878400       764
04:47:16 AM    224432   1838256     89.12     70808    794380    984704     38.09    892384    878400       788
04:47:17 AM    223440   1839248     89.17     70808    794420    984704     38.09    893440    878400       828
04:47:18 AM    222448   1840240     89.22     70808    794468    984704     38.09    894224    878396       876
04:47:19 AM    221704   1840984     89.25     70808    794512    984704     38.09    895104    878396       920
04:47:20 AM    220340   1842348     89.32     70816    794584    984704     38.09    896408    878400      1000
04:47:21 AM    218976   1843712     89.38     70816    794672    984704     38.09    897836    878412      1080
04:47:22 AM    217828   1844860     89.44     70816    794680    984704     38.09    898736    878412      1088
04:47:23 AM    216108   1846580     89.52     70816    794752    984704     38.09    900392    878412      1160
04:47:24 AM    215372   1847316     89.56     70816    794816    984704     38.09    901228    878412      1224
04:47:25 AM    214232   1848456     89.61     70820    794864    984704     38.09    902444    878408      1224
04:47:26 AM    213116   1849572     89.67     70820    794868    984704     38.09    903592    878408      1276
04:47:27 AM    212032   1850656     89.72     70820    794900    984704     38.09    904688    878408      1308
04:47:28 AM    210668   1852020     89.79     70820    794992    984704     38.09    905808    878408      1400
04:47:29 AM    209296   1853392     89.85     70820    794988    984704     38.09    907056    878412      1392
04:47:30 AM    208808   1853880     89.88     70828    795028    984704     38.09    907600    878412      1444
04:47:31 AM    207676   1855012     89.93     70828    795116    984704     38.09    908968    878412      1524
04:47:32 AM    207040   1855648     89.96     70828    795124    984704     38.09    909468    878412      1532
04:47:33 AM    205832   1856856     90.02     70828    795160    984704     38.09    910588    878408        60
04:47:34 AM    205080   1857608     90.06     70828    795204    984704     38.09    911556    878408       148
04:47:35 AM    204572   1858116     90.08     70828    795248    984704     38.09    912108    878408       156
04:47:36 AM    203716   1858972     90.12     70828    795288    984704     38.09    912828    878404       244
04:47:37 AM    202848   1859840     90.17     70828    795328    984704     38.09    913732    878404       284
04:47:38 AM    201856   1860832     90.21     70828    795412    984704     38.09    914760    878404       368
04:47:39 AM    200864   1861824     90.26     70828    795460    984704     38.09    915672    878400       416
04:47:40 AM    199872   1862816     90.31     70832    795512    984704     38.09    916608    878404       472
04:47:41 AM    199244   1863444     90.34     70832    795560    984704     38.09    917112    878400       516
04:47:42 AM    198384   1864304     90.38     70832    795560    984704     38.09    918012    878400       516
04:47:43 AM    198136   1864552     90.39     70832    795656    984704     38.09    918228    878412       560
04:47:44 AM    197276   1865412     90.44     70832    795708    984704     38.09    919436    878408       596
04:47:45 AM    195664   1867024     90.51     70836    795700    984704     38.09    920744    878404       592
04:47:46 AM    195044   1867644     90.54     70836    795804    984704     38.09    921400    878400       704
04:47:47 AM    193896   1868792     90.60     70836    795852    984704     38.09    922692    878396       752
04:47:48 AM    193060   1869628     90.64     70836    795848    984704     38.09    923520    878396       748
04:47:49 AM    192564   1870124     90.66     70836    795888    984704     38.09    923872    878400       744
04:47:50 AM    190928   1871760     90.74     70844    795960    984704     38.09    925620    878404       828
04:47:51 AM    189896   1872792     90.79     70844    795980    984704     38.09    926696    878404       852
04:47:52 AM    188904   1873784     90.84     70844    796016    984704     38.09    927696    878400       888
04:47:53 AM    188192   1874496     90.88     70844    796048    984704     38.09    928372    878400       920
04:47:54 AM    187232   1875456     90.92     70844    796140    984704     38.09    929488    878396      1012
04:47:55 AM    185868   1876820     90.99     70844    796136    984704     38.09    930632    878396      1008
04:47:56 AM    185340   1877348     91.01     70844    796180    984704     38.09    931024    878396      1052
04:47:57 AM    185332   1877356     91.02     70844    796216    984704     38.09    931064    878392      1088
04:47:58 AM    185324   1877364     91.02     70844    796256    984704     38.09    931140    878396      1128
04:47:59 AM    185224   1877464     91.02     70844    796296    984704     38.09    931176    878404      1168
04:48:00 AM    185200   1877488     91.02     70848    796392    984704     38.09    931228    878396      1268
04:48:01 AM    185108   1877580     91.03     70848    796404    984704     38.09    931256    878396      1276
04:48:02 AM    185092   1877596     91.03     70848    796432    984704     38.09    931332    878392      1304
04:48:03 AM    185084   1877604     91.03     70848    796472    984704     38.09    931368    878392      1344
04:48:04 AM    184968   1877720     91.03     70848    796512    984704     38.09    931368    878396      1380
04:48:05 AM    184968   1877720     91.03     70852    796592    984704     38.09    931436    878396      1416
04:48:06 AM    184968   1877720     91.03     70852    796588    984704     38.09    931488    878400      1460
04:48:07 AM    184844   1877844     91.04     70852    796688    984704     38.09    931536    878396      1560
04:48:08 AM    184828   1877860     91.04     70856    796684    984704     38.09    931568    878392        52
04:48:09 AM    184964   1877724     91.03     70856    796728    984704     38.09    931540    878392       144
04:48:10 AM    185096   1877592     91.03     70860    796760    984704     38.09    931480    878392       152
Average:       243961   1818727     88.17     70779    794025    984704     38.09    872826    878386       708
