Linux 4.4.0-31-generic (dpi-suricata) 	12/10/2017 	_i686_	(1 CPU)

03:33:51 AM kbmemfree kbmemused  %memused kbbuffers  kbcached  kbcommit   %commit  kbactive   kbinact   kbdirty
03:33:52 AM    319024   1743664     84.53     88852    778012    984704     38.09    853832    822404       640
03:33:53 AM    318932   1743756     84.54     88868    778036    984704     38.09    853936    822388       128
03:33:54 AM    318808   1743880     84.54     88868    778056    984704     38.09    853944    822384       148
03:33:55 AM    318404   1744284     84.56     88868    778092    984704     38.09    853960    822384       184
03:33:56 AM    318528   1744160     84.56     88872    778104    984704     38.09    853996    822384       200
03:33:57 AM    317536   1745152     84.61     88872    778152    984704     38.09    855236    822384       344
03:33:58 AM    315708   1746980     84.69     88872    778208    984704     38.09    857252    822388       404
03:33:59 AM    313320   1749368     84.81     88872    778244    984704     38.09    859392    822388       440
03:34:00 AM    310700   1751988     84.94     88872    778284    984704     38.09    862028    822388       480
03:34:01 AM    308212   1754476     85.06     88872    778320    984704     38.09    864636    822388       516
03:34:02 AM    305020   1757668     85.21     88872    778360    984704     38.09    867820    822388       560
03:34:03 AM    303036   1759652     85.31     88872    778392    984704     38.09    869648    822388       592
03:34:04 AM    301016   1761672     85.41     88872    778424    984704     38.09    871476    822388       624
03:34:05 AM    300060   1762628     85.45     88872    778448    984704     38.09    872568    822384       648
03:34:06 AM    297952   1764736     85.56     88872    778492    984704     38.09    874600    822384       692
03:34:07 AM    296556   1766132     85.62     88872    778528    984704     38.09    876016    822388       732
03:34:08 AM    294448   1768240     85.73     88872    778568    984704     38.09    878084    822392       772
03:34:09 AM    293456   1769232     85.77     88872    778592    984704     38.09    878996    822384       796
03:34:10 AM    292216   1770472     85.83     88872    778628    984704     38.09    880492    822384       832
03:34:11 AM    290240   1772448     85.93     88876    778652    984704     38.09    882224    822384       860
03:34:12 AM    289248   1773440     85.98     88876    778696    984704     38.09    882996    822388       900
03:34:13 AM    287668   1775020     86.05     88876    778720    984704     38.09    884556    822384        28
03:34:14 AM    287048   1775640     86.08     88876    778756    984704     38.09    885344    822384        84
03:34:15 AM    285032   1777656     86.18     88876    778772    984704     38.09    887276    822384       100
03:34:16 AM    284296   1778392     86.22     88884    778804    984704     38.09    888088    822388       140
03:34:17 AM    282992   1779696     86.28     88884    778832    984704     38.09    889312    822384       200
03:34:18 AM    281560   1781128     86.35     88884    778864    984704     38.09    890884    822384       232
03:34:19 AM    279824   1782864     86.43     88884    778900    984704     38.09    892732    822392       272
03:34:20 AM    278584   1784104     86.49     88884    778936    984704     38.09    894024    822392       308
03:34:21 AM    277468   1785220     86.55     88888    778956    984704     38.09    895064    822388       332
03:34:22 AM    276012   1786676     86.62     88888    779000    984704     38.09    896516    822384       380
03:34:23 AM    274524   1788164     86.69     88888    779040    984704     38.09    897900    822388       420
03:34:24 AM    273872   1788816     86.72     88888    779072    984704     38.09    898668    822388       452
03:34:25 AM    272384   1790304     86.79     88888    779108    984704     38.09    900352    822384       488
03:34:26 AM    270772   1791916     86.87     88888    779148    984704     38.09    901824    822388       528
03:34:27 AM    269532   1793156     86.93     88888    779168    984704     38.09    902932    822392       548
03:34:28 AM    267300   1795388     87.04     88888    779208    984704     38.09    905256    822384       588
03:34:29 AM    265216   1797472     87.14     88888    779232    984704     38.09    907104    822384       612
03:34:30 AM    265176   1797512     87.14     88888    779256    984704     38.09    907300    822384       636
03:34:31 AM    263364   1799324     87.23     88888    779280    984704     38.09    909024    822384       660
03:34:32 AM    262124   1800564     87.29     88888    779304    984704     38.09    910316    822384       684
03:34:33 AM    261192   1801496     87.34     88888    779340    984704     38.09    911112    822396       720
03:34:34 AM    260256   1802432     87.38     88888    779364    984704     38.09    912296    822388       744
03:34:35 AM    259860   1802828     87.40     88888    779392    984704     38.09    912684    822392       772
03:34:36 AM    258372   1804316     87.47     88892    779412    984704     38.09    914196    822384       796
03:34:37 AM    257504   1805184     87.52     88892    779448    984704     38.09    915176    822384       828
03:34:38 AM    256048   1806640     87.59     88892    779472    984704     38.09    916656    822384       852
03:34:39 AM    255428   1807260     87.62     88892    779500    984704     38.09    917092    822384       880
03:34:40 AM    254404   1808284     87.67     88892    779528    984704     38.09    918076    822388       908
03:34:41 AM    253784   1808904     87.70     88892    779552    984704     38.09    918592    822384       932
03:34:42 AM    252572   1810116     87.76     88892    779572    984704     38.09    919900    822384       952
03:34:43 AM    251956   1810732     87.79     88892    779588    984704     38.09    920752    822384       588
03:34:44 AM    250824   1811864     87.84     88892    779624    984704     38.09    921744    822388       628
03:34:45 AM    250084   1812604     87.88     88892    779644    984704     38.09    922516    822388       648
03:34:46 AM    249320   1813368     87.91     88892    779668    984704     38.09    923232    822392       672
03:34:47 AM    248484   1814204     87.95     88892    779692    984704     38.09    924040    822388       696
03:34:48 AM    247120   1815568     88.02     88892    779708    984704     38.09    925308    822384        84
03:34:49 AM    245444   1817244     88.10     88892    779732    984704     38.09    926836    822384       152
03:34:50 AM    244112   1818576     88.17     88892    779756    984704     38.09    928456    822384       176
03:34:51 AM    242872   1819816     88.23     88896    779784    984704     38.09    929408    822388       208
03:34:52 AM    241880   1820808     88.27     88896    779816    984704     38.09    930472    822380       260
03:34:53 AM    240740   1821948     88.33     88896    779844    984704     38.09    931492    822380       248
03:34:54 AM    239680   1823008     88.38     88896    779864    984704     38.09    932696    822384       272
03:34:55 AM    238812   1823876     88.42     88896    779900    984704     38.09    933536    822384       308
03:34:56 AM    236920   1825768     88.51     88896    779920    984704     38.09    935544    822388       328
03:34:57 AM    235216   1827472     88.60     88896    779952    984704     38.09    937308    822384       372
03:34:58 AM    234968   1827720     88.61     88896    779988    984704     38.09    937384    822388       408
03:34:59 AM    234284   1828404     88.64     88896    780016    984704     38.09    937928    822380       436
03:35:00 AM    234184   1828504     88.65     88896    780032    984704     38.09    938208    822380       452
03:35:01 AM    233060   1829628     88.70     88900    780064    984704     38.09    939080    822384       496
03:35:02 AM    232084   1830604     88.75     88900    780092    984704     38.09    940280    822388       552
03:35:03 AM    230968   1831720     88.80     88900    780124    984704     38.09    941456    822384       584
03:35:04 AM    229884   1832804     88.86     88900    780156    984704     38.09    942352    822388       616
03:35:05 AM    229356   1833332     88.88     88900    780180    984704     38.09    943060    822384       640
03:35:06 AM    227652   1835036     88.96     88908    780200    984704     38.09    944716    822380       668
03:35:07 AM    226908   1835780     89.00     88908    780236    984704     38.09    945472    822380       696
03:35:08 AM    226040   1836648     89.04     88908    780288    984704     38.09    946448    822384       748
03:35:09 AM    224644   1838044     89.11     88908    780320    984704     38.09    947568    822384       780
03:35:10 AM    222444   1840244     89.22     88908    780348    984704     38.09    950000    822384       808
03:35:11 AM    222072   1840616     89.23     88912    780416    984704     38.09    950088    822384       880
03:35:12 AM    222132   1840556     89.23     88912    780448    984704     38.09    950300    822380       908
03:35:13 AM    220272   1842416     89.32     88912    780484    984704     38.09    952248    822384       944
03:35:14 AM    219964   1842724     89.34     88912    780512    984704     38.09    952628    822380       972
03:35:15 AM    218228   1844460     89.42     88912    780652    984704     38.09    954268    822380      1112
03:35:16 AM    217296   1845392     89.47     88916    780632    984704     38.09    955216    822384      1096
03:35:17 AM    216336   1846352     89.51     88916    780664    984704     38.09    956176    822380      1124
03:35:18 AM    215220   1847468     89.57     88916    780716    984704     38.09    957216    822380       624
03:35:19 AM    213484   1849204     89.65     88916    780744    984704     38.09    959036    822380       656
03:35:20 AM    212152   1850536     89.71     88916    780784    984704     38.09    960264    822380       696
03:35:21 AM    211284   1851404     89.76     88920    780828    984704     38.09    961092    822384       744
03:35:22 AM    210664   1852024     89.79     88920    780884    984704     38.09    961740    822372       800
03:35:23 AM    209632   1853056     89.84     88920    780932    984704     38.09    962764    822376       204
03:35:24 AM    207648   1855040     89.93     88920    780988    984704     38.09    964684    822380       284
03:35:25 AM    206408   1856280     89.99     88920    781028    984704     38.09    965732    822380       328
03:35:26 AM    205500   1857188     90.04     88924    781056    984704     38.09    966652    822376       360
03:35:27 AM    205068   1857620     90.06     88924    781108    984704     38.09    967408    822376       432
03:35:29 AM    203284   1859404     90.14     88924    781144    984704     38.09    968996    822376       428
03:35:30 AM    202448   1860240     90.19     88924    781192    984704     38.09    969784    822372       480
03:35:31 AM    202060   1860628     90.20     88924    781240    984704     38.09    970356    822380       528
03:35:32 AM    199736   1862952     90.32     88928    781272    984704     38.09    972608    822376       564
03:35:33 AM    198960   1863728     90.35     88928    781336    984704     38.09    973184    822384       636
03:35:34 AM    198472   1864216     90.38     88928    781360    984704     38.09    973792    822376       652
03:35:35 AM    197356   1865332     90.43     88928    781400    984704     38.09    975072    822376       692
03:35:36 AM    196768   1865920     90.46     88928    781476    984704     38.09    975696    822376       768
03:35:37 AM    195784   1866904     90.51     88932    781476    984704     38.09    976668    822372       772
03:35:38 AM    194544   1868144     90.57     88932    781516    984704     38.09    977780    822368       808
03:35:39 AM    193180   1869508     90.63     88932    781564    984704     38.09    979264    822368       856
03:35:40 AM    192528   1870160     90.67     88932    781608    984704     38.09    979608    822368       900
03:35:41 AM    191940   1870748     90.69     88932    781696    984704     38.09    980184    822368       988
03:35:42 AM    190948   1871740     90.74     88932    781700    984704     38.09    981492    822376       992
03:35:43 AM    189956   1872732     90.79     88932    781736    984704     38.09    982232    822368      1028
03:35:44 AM    189328   1873360     90.82     88932    781768    984704     38.09    983116    822368      1060
03:35:45 AM    188708   1873980     90.85     88932    781880    984704     38.09    983480    822372      1172
03:35:46 AM    187344   1875344     90.92     88932    781940    984704     38.09    984828    822368      1232
03:35:47 AM    186304   1876384     90.97     88932    781940    984704     38.09    986084    822368      1284
03:35:48 AM    184352   1878336     91.06     88932    781988    984704     38.09    988020    822368      1284
03:35:49 AM    183128   1879560     91.12     88932    782028    984704     38.09    989116    822372      1324
03:35:50 AM    181640   1881048     91.19     88932    782072    984704     38.09    990624    822372      1368
03:35:51 AM    180648   1882040     91.24     88932    782112    984704     38.09    991640    822368      1408
03:35:52 AM    178508   1884180     91.35     88936    782192    984704     38.09    993748    822372      1492
03:35:53 AM    176648   1886040     91.44     88936    782208    984704     38.09    995424    822364      1504
03:35:54 AM    175324   1887364     91.50     88936    782276    984704     38.09    996916    822364       628
03:35:55 AM    173920   1888768     91.57     88936    782296    984704     38.09    998124    822364       652
03:35:56 AM    172804   1889884     91.62     88936    782336    984704     38.09    999232    822364       692
03:35:57 AM    171456   1891232     91.69     88936    782384    984704     38.09   1000748    822368       740
03:35:58 AM    169488   1893200     91.78     88936    782432    984704     38.09   1002560    822368       792
03:35:59 AM    169456   1893232     91.78     88936    782448    984704     38.09   1002588    822360       236
03:36:00 AM    169448   1893240     91.79     88936    782540    984704     38.09   1002700    822360       320
03:36:01 AM    169168   1893520     91.80     88936    782544    984704     38.09   1002784    822364       324
03:36:02 AM    169224   1893464     91.80     88940    782588    984704     38.09   1002800    822364       372
03:36:03 AM    169192   1893496     91.80     88940    782628    984704     38.09   1002868    822368       432
03:36:04 AM    169052   1893636     91.80     88940    782660    984704     38.09   1002872    822364       424
03:36:05 AM    169076   1893612     91.80     88940    782744    984704     38.09   1002848    822364       508
03:36:06 AM    169084   1893604     91.80     88940    782748    984704     38.09   1002904    822364       512
03:36:07 AM    169052   1893636     91.80     88944    782832    984704     38.09   1002980    822364       600
03:36:08 AM    169108   1893580     91.80     88944    782832    984704     38.09   1002996    822364       616
03:36:09 AM    168928   1893760     91.81     88944    782876    984704     38.09   1003008    822364       660
03:36:10 AM    168984   1893704     91.81     88944    782964    984704     38.09   1003116    822364       748
03:36:11 AM    169040   1893648     91.80     88944    782964    984704     38.09   1003000    822368       748
03:36:12 AM    169116   1893572     91.80     88944    782988    984704     38.09   1002936    822364       772
Average:       234253   1828435     88.64     88905    780311    984704     38.09    938135    822380       630
