Linux 4.4.0-31-generic (fw-suricata) 	01/15/2018 	_i686_	(1 CPU)

12:27:54 PM kbmemfree kbmemused  %memused kbbuffers  kbcached  kbcommit   %commit  kbactive   kbinact   kbdirty
12:27:55 PM    137920   1924768     93.31    144008    905480    738112     28.55   1047392    805880       548
12:27:56 PM    137952   1924736     93.31    144008    905504    738112     28.55   1047452    805864       572
12:27:57 PM    137796   1924892     93.32    144008    905536    738112     28.55   1047480    805860       652
12:27:58 PM    137828   1924860     93.32    144008    905556    738112     28.55   1047508    805856       672
12:27:59 PM    137796   1924892     93.32    144008    905584    738112     28.55   1047532    805856        20
12:28:00 PM    137796   1924892     93.32    144008    905612    738112     28.55   1047560    805856        88
12:28:01 PM    137672   1925016     93.33    144008    905648    738112     28.55   1047592    805856       124
12:28:02 PM    137672   1925016     93.33    144012    905684    738112     28.55   1047664    805856       212
12:28:03 PM    137688   1925000     93.32    144012    905724    738112     28.55   1047680    805852       244
12:28:04 PM    137548   1925140     93.33    144012    905768    738112     28.55   1047712    805852       292
12:28:05 PM    137564   1925124     93.33    144012    905808    738112     28.55   1047760    805852       332
12:28:06 PM    137548   1925140     93.33    144012    905836    738112     28.55   1047796    805852       360
12:28:07 PM    137408   1925280     93.34    144016    905872    738112     28.55   1047840    805852       400
12:28:08 PM    137448   1925240     93.34    144016    905912    738112     28.55   1047880    805848       440
12:28:09 PM    137408   1925280     93.34    144016    905952    738112     28.55   1047924    805848       480
12:28:10 PM    137300   1925388     93.34    144016    905992    738112     28.55   1047964    805856       520
12:28:11 PM    137316   1925372     93.34    144016    906056    738112     28.55   1048020    805852       584
12:28:12 PM    137300   1925388     93.34    144020    906100    738112     28.55   1048084    805848       632
12:28:13 PM    137160   1925528     93.35    144020    906164    738112     28.55   1048152    805844       692
12:28:14 PM    137208   1925480     93.35    144020    906212    738112     28.55   1048200    805844       740
12:28:15 PM    137068   1925620     93.35    144020    906248    738112     28.55   1048248    805844       776
12:28:16 PM    137084   1925604     93.35    144020    906296    738112     28.55   1048296    805844       824
12:28:17 PM    137068   1925620     93.35    144020    906340    738112     28.55   1048336    805844       868
12:28:18 PM    137036   1925652     93.36    144020    906400    738112     28.55   1048388    805844       928
12:28:19 PM    136944   1925744     93.36    144020    906448    738112     28.55   1048448    805848        48
12:28:20 PM    136944   1925744     93.36    144020    906492    738112     28.55   1048492    805844       112
12:28:21 PM    136820   1925868     93.37    144020    906540    738112     28.55   1048544    805844       160
12:28:22 PM    136836   1925852     93.37    144020    906588    738112     28.55   1048596    805844       208
12:28:23 PM    136696   1925992     93.37    144024    906632    738112     28.55   1048640    805848       284
12:28:24 PM    136680   1926008     93.37    144024    906680    738112     28.55   1048684    805844       332
12:28:25 PM    136696   1925992     93.37    144024    906732    738112     28.55   1048732    805848       388
12:28:26 PM    136572   1926116     93.38    144024    906796    738112     28.55   1048808    805844       452
12:28:27 PM    136540   1926148     93.38    144024    906840    738112     28.55   1048860    805844       496
12:28:28 PM    136448   1926240     93.38    144024    906872    738112     28.55   1048884    805844       528
12:28:29 PM    136416   1926272     93.39    144024    906908    738112     28.55   1048924    805844       564
12:28:30 PM    136448   1926240     93.38    144024    906948    738112     28.55   1048960    805848       604
12:28:31 PM    136408   1926280     93.39    144024    906980    738112     28.55   1049088    805844       636
12:28:32 PM    136192   1926496     93.40    144024    907036    738112     28.55   1049148    805844       692
12:28:33 PM    136160   1926528     93.40    144028    907084    738112     28.55   1049204    805844       748
12:28:34 PM    136060   1926628     93.40    144028    907120    738112     28.55   1049332    805844       784
12:28:35 PM    135844   1926844     93.41    144028    907176    738112     28.55   1049380    805848       840
12:28:36 PM    135812   1926876     93.42    144028    907216    738112     28.55   1049416    805848       880
12:28:37 PM    135812   1926876     93.42    144028    907260    738112     28.55   1049460    805844       924
12:28:38 PM    135656   1927032     93.42    144028    907296    738112     28.55   1049516    805840       960
12:28:39 PM    135672   1927016     93.42    144028    907344    738112     28.55   1049560    805836      1008
12:28:40 PM    135656   1927032     93.42    144028    907388    738112     28.55   1049608    805836      1052
12:28:41 PM    135680   1927008     93.42    144028    907440    738112     28.55   1049572    805840      1104
12:28:42 PM    135712   1926976     93.42    144028    907484    738112     28.55   1049624    805840      1148
12:28:43 PM    135572   1927116     93.43    144028    907532    738112     28.55   1049704    805832      1196
12:28:44 PM    135828   1926860     93.42    144028    907572    738112     28.55   1049668    805828      1236
12:28:45 PM    135704   1926984     93.42    144028    907624    738112     28.55   1049668    805828      1288
12:28:46 PM    135704   1926984     93.42    144028    907668    738112     28.55   1049736    805828      1332
12:28:47 PM    135704   1926984     93.42    144028    907708    738112     28.55   1049792    805828      1372
12:28:48 PM    135556   1927132     93.43    144028    907748    738112     28.55   1049804    805828      1412
12:28:49 PM    135564   1927124     93.43    144028    907796    738112     28.55   1049884    805820       592
12:28:50 PM    135548   1927140     93.43    144028    907824    738112     28.55   1049892    805820       620
12:28:51 PM    135588   1927100     93.43    144028    907872    738112     28.55   1049888    805820       668
12:28:52 PM    135488   1927200     93.43    144028    907916    738112     28.55   1049972    805828       712
12:28:53 PM    135424   1927264     93.43    144032    907960    738112     28.55   1050044    805820       756
12:28:54 PM    135424   1927264     93.43    144032    907996    738112     28.55   1050068    805820       172
12:28:55 PM    135300   1927388     93.44    144032    908040    738112     28.55   1050108    805820       260
12:28:56 PM    135332   1927356     93.44    144032    908080    738112     28.55   1050152    805820       300
12:28:57 PM    135176   1927512     93.45    144032    908132    738112     28.55   1050200    805824       352
12:28:58 PM    135176   1927512     93.45    144032    908180    738112     28.55   1050256    805828       424
12:28:59 PM    135176   1927512     93.45    144032    908224    738112     28.55   1050300    805820       444
12:29:00 PM    135036   1927652     93.45    144032    908264    738112     28.55   1050524    805820       484
12:29:01 PM    134696   1927992     93.47    144032    908320    738112     28.55   1050568    805824       544
12:29:02 PM    134696   1927992     93.47    144032    908360    738112     28.55   1050624    805824       584
12:29:03 PM    134540   1928148     93.48    144032    908412    738112     28.55   1050664    805828       644
12:29:04 PM    134416   1928272     93.48    144032    908456    738112     28.55   1050716    805820       688
12:29:05 PM    134540   1928148     93.48    144032    908508    738112     28.55   1050776    805820       740
12:29:06 PM    134416   1928272     93.48    144032    908548    738112     28.55   1050824    805820       780
12:29:07 PM    134416   1928272     93.48    144032    908608    738112     28.55   1050868    805824       840
12:29:08 PM    134292   1928396     93.49    144032    908644    738112     28.55   1050928    805816       876
12:29:09 PM    134324   1928364     93.49    144032    908688    738112     28.55   1050976    805812       920
12:29:10 PM    134556   1928132     93.48    144032    908740    738112     28.55   1050844    805812       972
12:29:11 PM    134556   1928132     93.48    144032    908788    738112     28.55   1050888    805812      1020
12:29:12 PM    134464   1928224     93.48    144032    908856    738112     28.55   1050948    805816      1088
12:29:13 PM    134464   1928224     93.48    144032    908920    738112     28.55   1051004    805820      1152
12:29:14 PM    134308   1928380     93.49    144032    908984    738112     28.55   1051084    805808      1216
12:29:15 PM    134340   1928348     93.49    144032    909028    738112     28.55   1051156    805804      1260
12:29:16 PM    134216   1928472     93.49    144032    909084    738112     28.55   1051188    805804      1316
12:29:17 PM    134184   1928504     93.49    144032    909136    738112     28.55   1051256    805804      1368
12:29:18 PM    134216   1928472     93.49    144032    909196    738112     28.55   1051308    805800      1432
12:29:19 PM    134060   1928628     93.50    144032    909228    738112     28.55   1051364    805796       508
12:29:20 PM    134092   1928596     93.50    144032    909276    738112     28.55   1051400    805800       556
12:29:21 PM    133968   1928720     93.51    144032    909336    738112     28.55   1051460    805800       616
12:29:22 PM    133936   1928752     93.51    144032    909388    738112     28.55   1051512    805800       668
12:29:23 PM    133812   1928876     93.51    144032    909440    738112     28.55   1051584    805788       724
12:29:24 PM    133844   1928844     93.51    144032    909484    738112     28.55   1051628    805788       768
12:29:25 PM    133812   1928876     93.51    144032    909520    738112     28.55   1051660    805788       804
12:29:26 PM    133688   1929000     93.52    144032    909580    738112     28.55   1051724    805788       864
12:29:27 PM    133688   1929000     93.52    144032    909624    738112     28.55   1051768    805788       908
12:29:28 PM    133596   1929092     93.52    144032    909692    738112     28.55   1051848    805788       976
12:29:29 PM    133596   1929092     93.52    144032    909748    738112     28.55   1051900    805788       428
12:29:30 PM    133564   1929124     93.52    144032    909792    738112     28.55   1051944    805784       492
12:29:31 PM    133440   1929248     93.53    144032    909844    738112     28.55   1052000    805784       544
12:29:32 PM    133472   1929216     93.53    144032    909884    738112     28.55   1052060    805784       584
12:29:33 PM    133348   1929340     93.54    144032    909932    738112     28.55   1052112    805784       656
12:29:34 PM    133348   1929340     93.54    144032    909988    738112     28.55   1052172    805784       684
12:29:35 PM    133224   1929464     93.54    144032    910048    738112     28.55   1052228    805784       744
12:29:36 PM    133224   1929464     93.54    144032    910100    738112     28.55   1052288    805784       800
12:29:37 PM    133100   1929588     93.55    144032    910172    738112     28.55   1052356    805784       872
12:29:38 PM    133100   1929588     93.55    144036    910224    738112     28.55   1052416    805784       936
12:29:39 PM    133076   1929612     93.55    144036    910268    738112     28.55   1052460    805784       980
12:29:40 PM    132976   1929712     93.55    144036    910316    738112     28.55   1052512    805784      1028
12:29:41 PM    132936   1929752     93.56    144036    910364    738112     28.55   1052708    805788      1076
12:29:42 PM    132944   1929744     93.55    144036    910420    738112     28.55   1052588    805784      1132
12:29:43 PM    132852   1929836     93.56    144036    910488    738112     28.55   1052660    805776      1200
12:29:44 PM    132852   1929836     93.56    144036    910548    738112     28.55   1052700    805780      1260
12:29:45 PM    132728   1929960     93.57    144036    910608    738112     28.55   1052796    805776      1320
12:29:46 PM    132572   1930116     93.57    144036    910688    738112     28.55   1052868    805780      1400
12:29:47 PM    132604   1930084     93.57    144036    910740    738112     28.55   1052896    805776      1452
12:29:48 PM    132448   1930240     93.58    144036    910776    738112     28.55   1052944    805776      1488
12:29:49 PM    132480   1930208     93.58    144036    910836    738112     28.55   1052996    805776       432
12:29:50 PM    132448   1930240     93.58    144036    910892    738112     28.55   1053056    805772       488
12:29:51 PM    132356   1930332     93.58    144036    910940    738112     28.55   1053116    805772       536
12:29:52 PM    132324   1930364     93.58    144036    911004    738112     28.55   1053188    805772       600
12:29:53 PM    132200   1930488     93.59    144036    911052    738112     28.55   1053236    805772       648
12:29:54 PM    132200   1930488     93.59    144036    911108    738112     28.55   1053300    805764       708
12:29:55 PM    132100   1930588     93.60    144036    911156    738112     28.55   1053344    805764       756
12:29:56 PM    132108   1930580     93.60    144036    911208    738112     28.55   1053408    805764       808
12:29:57 PM    131952   1930736     93.60    144036    911264    738112     28.55   1053460    805764       864
12:29:58 PM    131952   1930736     93.60    144036    911320    738112     28.55   1053512    805772       920
12:29:59 PM    131944   1930744     93.60    144036    911368    738112     28.55   1053668    805764       968
12:30:00 PM    131860   1930828     93.61    144036    911420    738112     28.55   1053616    805764      1020
12:30:01 PM    131728   1930960     93.61    144036    911440    738112     28.55   1053744    805768      1040
12:30:02 PM    131572   1931116     93.62    144036    911476    738112     28.55   1053788    805760      1076
12:30:03 PM    131480   1931208     93.63    144036    911500    738112     28.55   1053808    805760      1100
12:30:04 PM    131324   1931364     93.63    144048    911532    738112     28.55   1053844    805764       520
12:30:05 PM    131480   1931208     93.63    144048    911572    738112     28.55   1053904    805756       584
12:30:06 PM    131324   1931364     93.63    144048    911588    738112     28.55   1053920    805756       600
12:30:07 PM    131356   1931332     93.63    144048    911612    738112     28.55   1053936    805760       624
12:30:08 PM    131456   1931232     93.63    144048    911640    738112     28.55   1053868    805760       652
12:30:09 PM    131456   1931232     93.63    144048    911660    738112     28.55   1053892    805752       680
12:30:10 PM    131488   1931200     93.63    144048    911688    738112     28.55   1053928    805752       708
12:30:11 PM    131456   1931232     93.63    144048    911712    738112     28.55   1053956    805752       732
12:30:12 PM    131488   1931200     93.63    144048    911744    738112     28.55   1053980    805756       768
12:30:13 PM    131364   1931324     93.63    144048    911776    738112     28.55   1053944    805756       800
12:30:14 PM    131496   1931192     93.63    144048    911804    738112     28.55   1053880    805752       836
Average:       134675   1928013     93.47    144029    908599    738112     28.55   1050722    805811       742
