Counting cache functions... Output every 1 seconds.
    HITS   MISSES  DIRTIES    RATIO   BUFFERS_MB   CACHE_MB
   11734        0      929   100.0%           90        757
   11749        0      921   100.0%           90        758
   11738        0      937   100.0%           90        758
   11751        0      962   100.0%           90        758
   11750        0      948   100.0%           90        758
   11814        0      959   100.0%           90        758
    7805        0      932   100.0%           90        758
    5716        0      962   100.0%           90        758
    7082        0      959   100.0%           90        758
    8985        0      970   100.0%           90        758
    8518        0      945   100.0%           90        758
   10897        0      946   100.0%           90        758
   10868        0      963   100.0%           90        758
   11826        0      968   100.0%           90        758
   11851        0      953   100.0%           90        758
   11830        0      957   100.0%           90        758
   11890        1      938   100.0%           90        758
   11768        0      927   100.0%           90        758
   11796        0      960   100.0%           90        758
   11770        0      942   100.0%           90        758
   11843        0      979   100.0%           90        758
   11860        0      959   100.0%           90        758
   11805        0      952   100.0%           90        758
   11717        0      932   100.0%           90        758
   11786        0      946   100.0%           90        759
   11882        0      944   100.0%           90        759
   11786        0      940   100.0%           90        759
   11787        0      947   100.0%           90        759
   11781        0      965   100.0%           90        759
   11852        0      966   100.0%           90        759
   11857        0      960   100.0%           90        759
   12161        0      945   100.0%           90        759
   11787        1      936   100.0%           90        759
   11866        0      929   100.0%           90        759
   11824        0      923   100.0%           90        759
   11844        0      925   100.0%           90        759
   11782        0      930   100.0%           90        759
   11840        0      940   100.0%           90        759
   11895        0      927   100.0%           90        759
   11755        0      910   100.0%           90        759
   11406        0      925   100.0%           90        759
   11825        0      912   100.0%           90        759
   11772        0      946   100.0%           90        759
   11711        0      916   100.0%           90        759
   11817        0      924   100.0%           90        759
   11784        0      937   100.0%           90        759
   11811        0      942   100.0%           90        759
   11790        0      940   100.0%           90        759
   11751        0      921   100.0%           90        759
   12157        0      919   100.0%           90        759
   11799        0      914   100.0%           90        760
   16374       16      923    99.9%           90        760
   11795        0      912   100.0%           90        760
   11446        0      921   100.0%           90        760
   11697        0      902   100.0%           90        760
   11764        0      928   100.0%           90        760
   11717        1      915   100.0%           90        760
   11732        0      907   100.0%           90        760
   11780        0      917   100.0%           90        760
   11782        0      925   100.0%           90        760
   11777        0      937   100.0%           90        760
   11724        0      938   100.0%           90        760
   11760        0      931   100.0%           90        760
   12153        0      950   100.0%           90        760
   11849        0      959   100.0%           90        760
   11817        0      924   100.0%           90        760
   11791        0      930   100.0%           90        760
   11763        0      926   100.0%           90        760
   11853        0      939   100.0%           90        760
   11805        0      923   100.0%           90        760
   11849        0      933   100.0%           90        760
   11711        0      910   100.0%           90        760
   11794        0      929   100.0%           90        760
   11845        0      963   100.0%           90        760
   11857        0      951   100.0%           90        760
   11882        0      960   100.0%           90        760
   11525        0      958   100.0%           90        761
   11851        0      971   100.0%           90        761
   11794        0      970   100.0%           90        761
   11826        0      949   100.0%           90        761
   11361        1      944   100.0%           90        761
   11863        0      975   100.0%           90        761
   11850        0      938   100.0%           90        761
   11821        0      948   100.0%           90        761
   11821        0      970   100.0%           90        761
   11851        0      959   100.0%           90        761
   11794        0      960   100.0%           90        761
   11731        0      949   100.0%           90        761
   11838        0      973   100.0%           90        761
   11837        2      960   100.0%           90        761
   11849        0      958   100.0%           90        761
   11862        0      950   100.0%           90        761
   11800        0      935   100.0%           90        761
   11824        0      945   100.0%           90        761
   11829        0      957   100.0%           90        761
   11781        0      961   100.0%           90        761
   11770        0      951   100.0%           90        761
   11565        0      970   100.0%           90        762
   11836        0     1013   100.0%           90        762
   11783        0      959   100.0%           90        762
   11759        0      950   100.0%           90        762
   11896        0      945   100.0%           90        762
   11862        0      949   100.0%           90        762
   12710        0     1806   100.0%           90        762
   11857        0      939   100.0%           90        762
   11775        0      956   100.0%           90        762
   11884        0      947   100.0%           90        762
   12191        0      960   100.0%           90        762
   11817        1      944   100.0%           90        762
   11929        0      971   100.0%           90        762
   11800        0      949   100.0%           90        762
   11854        0      967   100.0%           90        762
   11833        0      961   100.0%           90        762
   13804        0      946   100.0%           90        762
   11473        0      952   100.0%           90        762
   11842        0      945   100.0%           90        762
   11066        0      930   100.0%           90        762
   11846        0      922   100.0%           90        762
   11835        0      956   100.0%           90        763
   11728        0      929   100.0%           90        763
   11775        0      912   100.0%           90        763
   11763        0      935   100.0%           90        763
   11720        0      903   100.0%           90        763
   11654        1      922   100.0%           90        763
   11842        0      926   100.0%           90        763
   11806        0      911   100.0%           90        763
   11859        0      929   100.0%           90        763
   12172        0      915   100.0%           90        763
   11771        0      933   100.0%           90        763
   11853        0      925   100.0%           90        763
   11782        0      923   100.0%           90        763
   11836        0      935   100.0%           90        763
   11804        0      914   100.0%           90        763
   12198        0      910   100.0%           90        763
   15598        0     1772   100.0%           90        763
   10848        0       49   100.0%           90        763
   10908        0       45   100.0%           90        763
   10889        0       43   100.0%           90        763
   30287        0       42   100.0%           90        763
   27078        0       59   100.0%           90        763
   11350        0       26   100.0%           90        763

Ending tracing...
Counting cache functions... Output every 1 seconds.
    HITS   MISSES  DIRTIES    RATIO   BUFFERS_MB   CACHE_MB
   11919        0      931   100.0%           78        739
   11795        0      930   100.0%           78        739
   11427        0      921   100.0%           78        739
   11799        0      890   100.0%           78        739
   12243        0      981   100.0%           78        739
   11938        2      978   100.0%           78        739
   11879        0      961   100.0%           78        739
   11877        0      950   100.0%           78        739
   11887        0      968   100.0%           78        739
   11104        0      950   100.0%           78        739
    7409        0      931   100.0%           78        739
    7629        0      949   100.0%           78        739
   10696        0      948   100.0%           78        739
   11330        0      932   100.0%           78        739
   11849        0      947   100.0%           78        739
   11074        2      926   100.0%           78        739
   11105        0      932   100.0%           78        739
   10680        0      926   100.0%           78        739
    8257        0      927   100.0%           78        740
    6673        0      921   100.0%           78        740
   10025        1      949   100.0%           78        740
   10155        0      956   100.0%           78        740
    9489        0      967   100.0%           78        740
    9990        0      928   100.0%           78        740
   10444        0      955   100.0%           78        740
   11489        0      969   100.0%           78        740
   11838        0      933   100.0%           78        740
   11871        0      935   100.0%           78        740
    9983        0      933   100.0%           78        740
   11476        0      939   100.0%           78        740
   10505        0      940   100.0%           78        740
   11849        0      945   100.0%           78        740
   11858        0      950   100.0%           78        740
   11827        0      923   100.0%           78        740
   11342        0      922   100.0%           78        740
   11792        0      908   100.0%           78        740
   11848        0      915   100.0%           78        740
   11803        0      926   100.0%           78        740
   11826        0      921   100.0%           78        740
   12698        0     1785   100.0%           78        740
   11824        0      906   100.0%           78        740
   11760        0      931   100.0%           78        740
   11827        0      916   100.0%           78        740
   11857        0      936   100.0%           78        740
   11827        0      915   100.0%           78        741
   11909        0      925   100.0%           78        741
   11787        0      915   100.0%           78        741
   11847        0      926   100.0%           78        741
   11819        0      939   100.0%           78        741
   11809        0      913   100.0%           78        741
   11853        0      913   100.0%           78        741
   11758        0      929   100.0%           78        741
   11850        0      922   100.0%           78        741
   11823        0      928   100.0%           78        741
   11816        0      915   100.0%           78        741
   11324        0      915   100.0%           78        741
   11793        0      921   100.0%           78        741
   11769        0      932   100.0%           78        741
   11752        1      919   100.0%           78        741
   12721        0     1781   100.0%           78        741
   11845        0      918   100.0%           78        741
   11914        0      919   100.0%           78        741
   11347        0      914   100.0%           78        741
   11861        0      958   100.0%           78        741
   11785        0      924   100.0%           78        741
   11857        0      932   100.0%           78        741
   11817        0      936   100.0%           78        741
   11827        2      952   100.0%           78        741
   11918        0      945   100.0%           78        741
   11784        0      927   100.0%           78        741
   11743        0      935   100.0%           78        741
   11797        0      939   100.0%           78        741
   11764        1      954   100.0%           78        742
   11741        0      951   100.0%           78        742
   11779        0      961   100.0%           78        742
   11954        0      955   100.0%           78        742
   11827        0      949   100.0%           78        742
   11879        1      958   100.0%           78        742
   11912        0      943   100.0%           78        742
   11903        0      956   100.0%           78        742
   11801        0      936   100.0%           78        742
   11807        2      924   100.0%           78        742
   11943        0     1025   100.0%           78        742
   11839        0      942   100.0%           78        742
   11858        0      948   100.0%           78        742
   11904        0      973   100.0%           78        742
   11615        0      968   100.0%           78        742
   11869        0      954   100.0%           78        742
   11843        0      944   100.0%           78        742
   11798        0      936   100.0%           78        742
   11829        0      944   100.0%           78        742
   11822        2      942   100.0%           78        742
   11863        0      971   100.0%           78        742
   11891        0      971   100.0%           78        742
   11809        0      949   100.0%           78        743
   11847        0      945   100.0%           78        743
   11811        0      946   100.0%           78        743
   11859        0      940   100.0%           78        743
   11817        0      948   100.0%           78        743
   11764        0      957   100.0%           78        743
   11795        0      947   100.0%           78        743
   11857        0      987   100.0%           78        743
   11844        0      963   100.0%           78        743
   11877        0      958   100.0%           78        743
   11851        0      984   100.0%           78        743
   11872        0      959   100.0%           78        743
   11855        0      948   100.0%           78        743
   11967        0      947   100.0%           78        743
   11778        0      943   100.0%           78        743
   11898        0      956   100.0%           78        743
   11764        1      935   100.0%           78        743
   11173        0      938   100.0%           78        743
    6551        0      966   100.0%           78        743
    6815        0      941   100.0%           78        743
    6618        0      951   100.0%           78        743
   11451        0      956   100.0%           78        743
   11848        0      941   100.0%           78        743
   11884        0      946   100.0%           78        744
   12356        0     1786   100.0%           78        744
   11865        1      934   100.0%           78        744
   11789        0      920   100.0%           78        744
   11894        0      922   100.0%           78        744
   11820        0      938   100.0%           78        744
   11802        0      902   100.0%           78        744
   11810        2      914   100.0%           78        744
   11854        0      935   100.0%           78        744
   11816        0      923   100.0%           78        744
   11805        0      906   100.0%           78        744
   12175        0      911   100.0%           78        744
   11853        2      926   100.0%           78        744
   11811        0      916   100.0%           78        744
   11842        0      938   100.0%           78        744
   12303        0      902   100.0%           78        744
   15268        0     1776   100.0%           78        744
   11026        0       73   100.0%           78        744
   10880        0       44   100.0%           78        744
   10911        0       52   100.0%           78        744
   10879        0       52   100.0%           78        744
   11321        0       42   100.0%           78        744
   46274        0       66   100.0%           78        744
   11664        0       34   100.0%           78        744
   11275        0       26   100.0%           78        744

Ending tracing...
