Linux 4.4.0-31-generic (dpi-suricata) 	01/15/2018 	_i686_	(4 CPU)

11:39:47 AM kbmemfree kbmemused  %memused kbbuffers  kbcached  kbcommit   %commit  kbactive   kbinact   kbdirty
11:39:48 AM   3189756   1046652     24.71     29160    162660    763492     16.04    937012     51840         0
11:39:49 AM   3189440   1046968     24.71     29160    162704    763492     16.04    937104     51820        72
11:39:50 AM   3189160   1047248     24.72     29160    162736    767640     16.13    937136     51820       104
11:39:51 AM   3189044   1047364     24.72     29160    162776    767640     16.13    937184     51816       144
11:39:52 AM   3189188   1047220     24.72     29160    162812    767640     16.13    937216     51816       180
11:39:53 AM   3183932   1052476     24.84     29168    162848    784940     16.50    940460     51808       236
11:39:54 AM   3183468   1052940     24.85     29168    162892    784940     16.50    940520     51812       332
11:39:55 AM   3183220   1053188     24.86     29168    162920    789088     16.58    940560     51812       360
11:39:56 AM   3182940   1053468     24.87     29168    162956    789044     16.58    940612     51808       396
11:39:57 AM   3183096   1053312     24.86     29168    162992    784908     16.49    940648     51808       432
11:39:58 AM   3182824   1053584     24.87     29176    163016    789064     16.58    940676     51808       464
11:39:59 AM   3182924   1053484     24.87     29176    163056    788928     16.58    940716     51812       496
11:40:00 AM   3183064   1053344     24.86     29176    163096    788928     16.58    940764     51808       536
11:40:01 AM   3183220   1053188     24.86     29176    163136    784668     16.49    940792     51812       576
11:40:02 AM   3183188   1053220     24.86     29176    163180    784668     16.49    940840     51808       620
11:40:03 AM   3183096   1053312     24.86     29184    163220    784668     16.49    940888     51816       668
11:40:04 AM   3183344   1053064     24.86     29184    163272    788836     16.58    940960     51808       712
11:40:05 AM   3183188   1053220     24.86     29184    163320    788836     16.58    941020     51812       760
11:40:06 AM   3183096   1053312     24.86     29184    163372    788836     16.58    941084     51812       812
11:40:07 AM   3182848   1053560     24.87     29184    163412    788836     16.58    941148     51812       852
11:40:08 AM   3182972   1053436     24.87     29192    163448    788836     16.58    941196     51816       896
11:40:09 AM   3183096   1053312     24.86     29196    163520    788836     16.58    941284     51812        40
11:40:10 AM   3182940   1053468     24.87     29196    163564    788836     16.58    941340     51816       104
11:40:11 AM   3183064   1053344     24.86     29196    163620    784552     16.49    941428     51816       160
11:40:12 AM   3182940   1053468     24.87     29196    163664    784552     16.49    941488     51816       204
11:40:13 AM   3182816   1053592     24.87     29204    163704    784552     16.49    941532     51820       252
11:40:14 AM   3182568   1053840     24.88     29204    163772    784552     16.49    941660     51828       348
11:40:15 AM   3182352   1054056     24.88     29204    163828    780364     16.40    941708     51832       408
11:40:16 AM   3182228   1054180     24.88     29204    163884    784500     16.49    941756     51840       464
11:40:17 AM   3182196   1054212     24.88     29204    163932    784500     16.49    941856     51840       512
11:40:18 AM   3181948   1054460     24.89     29212    163976    788640     16.57    941876     51848       564
11:40:19 AM   3181824   1054584     24.89     29212    164048    788640     16.57    942020     51836       636
11:40:20 AM   3182196   1054212     24.88     29212    164100    788640     16.57    942080     51840       688
11:40:21 AM   3182336   1054072     24.88     29212    164164    784464     16.49    942012     51844       752
11:40:22 AM   3181732   1054676     24.90     29212    164236    784464     16.49    942224     51840       828
11:40:23 AM   3181328   1055080     24.91     29220    164284    784508     16.49    942440     51844       884
11:40:24 AM   3181476   1054932     24.90     29220    164352    784508     16.49    942452     51836        28
11:40:25 AM   3181528   1054880     24.90     29220    164416    784272     16.48    942744     51836       116
11:40:26 AM   3181204   1055204     24.91     29220    164476    784272     16.48    942748     51840       176
11:40:27 AM   3180856   1055552     24.92     29220    164548    788484     16.57    942744     51836       248
11:40:28 AM   3181004   1055404     24.91     29228    164616    784348     16.48    942824     51840       324
11:40:29 AM   3180800   1055608     24.92     29228    164696    788576     16.57    943068     51848       436
11:40:30 AM   3181352   1055056     24.90     29228    164740    784432     16.48    943116     51848       480
11:40:31 AM   3181352   1055056     24.90     29228    164804    780068     16.39    943068     51852       544
11:40:32 AM   3181228   1055180     24.91     29228    164860    780068     16.39    943292     51852       600
11:40:33 AM   3180824   1055584     24.92     29236    164904    784220     16.48    943224     51856       652
11:40:34 AM   3180724   1055684     24.92     29236    164968    788360     16.57    943308     51876       708
11:40:35 AM   3180880   1055528     24.92     29236    165016    780012     16.39    943332     51864       756
11:40:36 AM   3180628   1055780     24.92     29236    165060    784248     16.48    943432     51868       800
11:40:37 AM   3180572   1055836     24.92     29236    165096    784248     16.48    943356     51868       836
11:40:38 AM   3180596   1055812     24.92     29244    165124    788384     16.57    943536     51868       872
11:40:39 AM   3181004   1055404     24.91     29244    165172    784200     16.48    943460     51868        28
11:40:40 AM   3180716   1055692     24.92     29244    165212    784200     16.48    943720     51868        92
11:40:41 AM   3180568   1055840     24.92     29244    165256    788388     16.57    943788     51868       136
11:40:42 AM   3180572   1055836     24.92     29244    165312    779864     16.39    943888     51868       192
11:40:43 AM   3180572   1055836     24.92     29252    165352    784000     16.48    943960     51872       244
11:40:44 AM   3180876   1055532     24.92     29252    165392    784000     16.48    944012     51872       312
11:40:45 AM   3180448   1055960     24.93     29252    165432    779764     16.39    944048     51876       352
11:40:46 AM   3180108   1056300     24.93     29252    165464    783912     16.47    944172     51872       384
11:40:47 AM   3179772   1056636     24.94     29252    165504    788056     16.56    944204     51872       424
11:40:48 AM   3179688   1056720     24.94     29260    165536    792196     16.65    944300     51872       464
11:40:49 AM   3179624   1056784     24.95     29260    165580    783556     16.47    944228     51876       500
11:40:50 AM   3179812   1056596     24.94     29260    165628    783556     16.47    944212     51872       548
11:40:51 AM   3179296   1057112     24.95     29260    165664    783556     16.47    944364     51876       584
11:40:52 AM   3179220   1057188     24.95     29260    165708    787692     16.55    944572     51872       628
11:40:53 AM   3178916   1057492     24.96     29260    165748    783328     16.46    944532     51872       668
11:40:54 AM   3178896   1057512     24.96     29280    165792    783328     16.46    944708     51876         8
11:40:55 AM   3178548   1057860     24.97     29280    165820    783328     16.46    944692     51880        80
11:40:56 AM   3179104   1057304     24.96     29280    165864    783328     16.46    944604     51880       124
11:40:57 AM   3179720   1056688     24.94     29280    165904    778932     16.37    944512     51880       168
11:40:58 AM   3179280   1057128     24.95     29280    165944    783080     16.46    944820     51876       208
11:40:59 AM   3179208   1057200     24.96     29288    165980    783080     16.46    944852     51880       292
11:41:00 AM   3179040   1057368     24.96     29288    166024    783080     16.46    944708     51884       336
11:41:01 AM   3178900   1057508     24.96     29288    166072    783080     16.46    945068     51884       384
11:41:02 AM   3178464   1057944     24.97     29288    166112    787236     16.54    945108     51884       424
11:41:03 AM   3178984   1057424     24.96     29288    166152    783096     16.46    944880     51880       464
11:41:04 AM   3179076   1057332     24.96     29296    166192    783096     16.46    945080     51884       504
11:41:05 AM   3179044   1057364     24.96     29296    166240    783096     16.46    945260     51888       552
11:41:06 AM   3178876   1057532     24.96     29296    166292    787308     16.54    945292     51884       604
11:41:07 AM   3178580   1057828     24.97     29296    166348    791444     16.63    945308     51880       660
11:41:08 AM   3178232   1058176     24.98     29296    166400    787252     16.54    945232     51880       712
11:41:09 AM   3178356   1058052     24.98     29304    166452    791424     16.63    945192     51880       768
11:41:10 AM   3178216   1058192     24.98     29304    166500    791424     16.63    945412     51880       816
11:41:11 AM   3178572   1057836     24.97     29304    166552    787068     16.54    945424     51884       868
11:41:12 AM   3178604   1057804     24.97     29304    166596    787068     16.54    945516     51876       912
11:41:13 AM   3178672   1057736     24.97     29304    166640    782592     16.45    945672     51876       956
11:41:14 AM   3178752   1057656     24.97     29312    166696    782592     16.45    945460     51876      1012
11:41:15 AM   3178300   1058108     24.98     29312    166752    782592     16.45    945776     51880      1068
11:41:16 AM   3178232   1058176     24.98     29312    166808    786784     16.53    945696     51880      1124
11:41:17 AM   3177976   1058432     24.98     29312    166856    782236     16.44    945784     51884      1172
11:41:18 AM   3178344   1058064     24.98     29312    166916    782236     16.44    945968     51888      1232
11:41:19 AM   3178364   1058044     24.98     29320    166976    782236     16.44    945940     51892        60
11:41:20 AM   3178588   1057820     24.97     29320    167024    782236     16.44    945864     51888       148
11:41:21 AM   3178124   1058284     24.98     29320    167092    786372     16.53    946088     51888       216
11:41:22 AM   3178464   1057944     24.97     29320    167152    782224     16.44    946136     51888       276
11:41:23 AM   3178148   1058260     24.98     29320    167228    786416     16.53    946236     51892       352
11:41:24 AM   3177712   1058696     24.99     29328    167288    786136     16.52    946284     51896       412
11:41:25 AM   3177512   1058896     25.00     29328    167360    786136     16.52    946532     51904       488
11:41:26 AM   3177528   1058880     24.99     29328    167420    786032     16.52    946628     51908       548
11:41:27 AM   3177636   1058772     24.99     29328    167484    786032     16.52    946240     51908       612
11:41:28 AM   3176812   1059596     25.01     29328    167540    790176     16.61    946508     51908       668
11:41:29 AM   3177092   1059316     25.01     29336    167604    790128     16.60    946264     51908       732
11:41:30 AM   3177784   1058624     24.99     29336    167652    785864     16.51    946476     51912       784
11:41:31 AM   3177688   1058720     24.99     29336    167708    785864     16.51    946620     51908       840
11:41:32 AM   3177568   1058840     24.99     29336    167776    781500     16.42    946496     51912       908
11:41:33 AM   3177364   1059044     25.00     29336    167824    781180     16.42    946540     51916       956
11:41:34 AM   3177316   1059092     25.00     29348    167876    781180     16.42    946868     51920         8
11:41:35 AM   3177040   1059368     25.01     29348    167944    785444     16.51    946652     51920       164
11:41:36 AM   3176644   1059764     25.02     29348    168004    781164     16.42    946856     51920       224
11:41:37 AM   3176528   1059880     25.02     29348    168068    789448     16.59    946920     51920       288
11:41:38 AM   3176636   1059772     25.02     29348    168116    789448     16.59    946836     51924       336
11:41:39 AM   3176844   1059564     25.01     29356    168176    789448     16.59    946888     51928       408
11:41:40 AM   3176844   1059564     25.01     29356    168240    789448     16.59    946964     51932       468
11:41:41 AM   3176844   1059564     25.01     29356    168292    789448     16.59    947164     51928       520
11:41:42 AM   3176844   1059564     25.01     29356    168356    785060     16.50    947072     51928       584
11:41:43 AM   3176900   1059508     25.01     29356    168420    785060     16.50    947128     51940       648
11:41:44 AM   3176308   1060100     25.02     29364    168456    785028     16.50    947284     51936       692
11:41:45 AM   3176348   1060060     25.02     29364    168532    785028     16.50    947356     51936       764
11:41:46 AM   3176224   1060184     25.03     29364    168600    784864     16.49    947420     51956       832
11:41:47 AM   3176276   1060132     25.02     29364    168656    784864     16.49    947280     51952       888
11:41:48 AM   3176532   1059876     25.02     29364    168696    784852     16.49    947324     51952       928
11:41:49 AM   3176416   1059992     25.02     29376    168760    784852     16.49    947584     51956         4
11:41:50 AM   3176696   1059712     25.01     29376    168808    784676     16.49    947540     51952       144
11:41:51 AM   3176596   1059812     25.02     29376    168872    784676     16.49    947608     51956       208
11:41:52 AM   3176504   1059904     25.02     29376    168924    784676     16.49    947796     51952       260
11:41:53 AM   3176372   1060036     25.02     29376    168988    780176     16.39    947600     51960       324
11:41:54 AM   3176520   1059888     25.02     29384    169036    784328     16.48    947660     51956       384
11:41:55 AM   3176356   1060052     25.02     29384    169116    784328     16.48    947896     51956       460
11:41:56 AM   3176372   1060036     25.02     29384    169168    780072     16.39    947804     51956       512
11:41:57 AM   3176212   1060196     25.03     29384    169228    784208     16.48    947992     51952       572
11:41:58 AM   3175976   1060432     25.03     29384    169284    784208     16.48    948048     51968       628
11:41:59 AM   3175976   1060432     25.03     29392    169344    784208     16.48    948144     51964       696
11:42:00 AM   3176008   1060400     25.03     29392    169400    779876     16.39    948188     51968       744
11:42:01 AM   3176008   1060400     25.03     29392    169452    779876     16.39    948208     51972       796
11:42:02 AM   3176256   1060152     25.02     29392    169504    779876     16.39    948280     51976       848
11:42:03 AM   3176256   1060152     25.02     29392    169552    779876     16.39    948308     51984       896
11:42:04 AM   3175588   1060820     25.04     29400    169576    784048     16.48    948364     51980       120
11:42:05 AM   3175976   1060432     25.03     29400    169628    784032     16.48    948412     51984       140
11:42:06 AM   3175604   1060804     25.04     29400    169664    784032     16.48    948452     51984       176
11:42:07 AM   3175892   1060516     25.03     29400    169704    783956     16.47    948252     51984       216
Average:      3179720   1056688     24.94     29278    166037    784396     16.48    944400     51881       493
