Linux 4.4.0-31-generic (dpi-suricata) 	01/15/2018 	_i686_	(4 CPU)

11:24:39 AM kbmemfree kbmemused  %memused kbbuffers  kbcached  kbcommit   %commit  kbactive   kbinact   kbdirty
11:24:40 AM   3393224    843184     19.90     27572    116608    766932     16.12    736252     51132       452
11:24:41 AM   3392728    843680     19.91     27572    116648    766932     16.12    736352     51112       492
11:24:42 AM   3392340    844068     19.92     27580    116680    766932     16.12    736392     51108         0
11:24:43 AM   3392556    843852     19.92     27580    116724    771144     16.21    736428     51108        68
11:24:44 AM   3392416    843992     19.92     27580    116764    766820     16.11    736468     51108       112
11:24:45 AM   3390952    845456     19.96     27584    116800    771944     16.22    738088     51108       152
11:24:46 AM   3387320    849088     20.04     27584    116856    780360     16.40    739808     51080       212
11:24:47 AM   3387220    849188     20.05     27592    116888    784500     16.49    739880     51080       252
11:24:48 AM   3386544    849864     20.06     27592    116928    784500     16.49    740068     51080       348
11:24:49 AM   3386212    850196     20.07     27592    116976    788668     16.57    740164     51084       396
11:24:50 AM   3386296    850112     20.07     27592    117008    784328     16.48    740172     51084       428
11:24:51 AM   3386452    849956     20.06     27592    117048    784328     16.48    740064     51088       468
11:24:52 AM   3386420    849988     20.06     27600    117080    784328     16.48    740268     51088       508
11:24:53 AM   3386328    850080     20.07     27600    117124    784328     16.48    740300     51092       544
11:24:54 AM   3386436    849972     20.06     27600    117156    784256     16.48    740328     51088       576
11:24:55 AM   3386684    849724     20.06     27600    117208    784256     16.48    740368     51096       628
11:24:56 AM   3386296    850112     20.07     27600    117236    784256     16.48    740416     51088       656
11:24:57 AM   3386564    849844     20.06     27600    117284    784256     16.48    740448     51092       704
11:24:58 AM   3386160    850248     20.07     27608    117340    784256     16.48    740408     51096       760
11:24:59 AM   3386048    850360     20.07     27608    117388    784256     16.48    740468     51092       808
11:25:00 AM   3386088    850320     20.07     27608    117432    788484     16.57    740684     51092       852
11:25:01 AM   3385980    850428     20.07     27608    117480    788484     16.57    740680     51092       900
11:25:02 AM   3385984    850424     20.07     27616    117508    784084     16.48    740548     51092       128
11:25:03 AM   3386164    850244     20.07     27616    117564    784084     16.48    740680     51088       116
11:25:04 AM   3385660    850748     20.08     27616    117616    784084     16.48    740664     51088       184
11:25:05 AM   3386188    850220     20.07     27616    117664    779888     16.39    740620     51092       236
11:25:06 AM   3385744    850664     20.08     27616    117716    784088     16.48    740752     51092       288
11:25:07 AM   3385660    850748     20.08     27624    117768    784088     16.48    741092     51096       348
11:25:08 AM   3385688    850720     20.08     27624    117828    779828     16.39    741176     51096       400
11:25:09 AM   3385620    850788     20.08     27624    117892    784080     16.48    741136     51096       464
11:25:10 AM   3385400    851008     20.09     27624    117940    784080     16.48    741332     51100       512
11:25:11 AM   3385216    851192     20.09     27624    118004    784080     16.48    741152     51104       576
11:25:12 AM   3384828    851580     20.10     27632    118072    783844     16.47    741448     51100       652
11:25:13 AM   3384844    851564     20.10     27632    118132    783844     16.47    741616     51104       708
11:25:14 AM   3384652    851756     20.11     27632    118220    787984     16.56    741744     51120       796
11:25:15 AM   3385176    851232     20.09     27632    118276    779328     16.38    741632     51140       852
11:25:16 AM   3385116    851292     20.09     27632    118328    783464     16.46    741844     51136       904
11:25:17 AM   3384216    852192     20.12     27640    118380    783464     16.46    741824     51140        84
11:25:18 AM   3384056    852352     20.12     27640    118444    783472     16.46    741764     51152        76
11:25:19 AM   3384152    852256     20.12     27640    118496    783472     16.46    741976     51148       156
11:25:20 AM   3384452    851956     20.11     27640    118556    787640     16.55    742200     51152       216
11:25:21 AM   3384052    852356     20.12     27640    118624    787640     16.55    742164     51156       284
11:25:22 AM   3384080    852328     20.12     27648    118660    787640     16.55    742088     51156       328
11:25:23 AM   3383676    852732     20.13     27648    118720    787640     16.55    742156     51156       384
11:25:24 AM   3383632    852776     20.13     27648    118760    783424     16.46    742604     51156       424
11:25:25 AM   3383436    852972     20.13     27648    118812    787632     16.55    742800     51160       476
11:25:26 AM   3383760    852648     20.13     27648    118860    787632     16.55    742688     51160       524
11:25:27 AM   3383784    852624     20.13     27656    118912    787632     16.55    742616     51172       584
11:25:28 AM   3383764    852644     20.13     27656    118956    783172     16.46    742644     51164       620
11:25:29 AM   3383064    853344     20.14     27656    118996    783172     16.46    742880     51164       660
11:25:30 AM   3383724    852684     20.13     27656    119036    783172     16.46    742784     51172       700
11:25:31 AM   3384000    852408     20.12     27656    119068    783172     16.46    742712     51168       732
11:25:32 AM   3383712    852696     20.13     27664    119096    783172     16.46    742908     51168       768
11:25:33 AM   3383380    853028     20.14     27664    119148    783000     16.45    743124     51176        44
11:25:34 AM   3383304    853104     20.14     27664    119176    783000     16.45    743048     51176       100
11:25:35 AM   3383424    852984     20.13     27664    119212    778772     16.37    743100     51180       136
11:25:36 AM   3383124    853284     20.14     27664    119252    782912     16.45    743436     51180       176
11:25:37 AM   3382916    853492     20.15     27664    119284    787060     16.54    743268     51180       208
11:25:38 AM   3382744    853664     20.15     27672    119320    786896     16.54    743356     51180       268
11:25:39 AM   3382868    853540     20.15     27672    119352    782712     16.45    743312     51180       300
11:25:40 AM   3382880    853528     20.15     27672    119404    786888     16.54    743520     51180       356
11:25:41 AM   3382764    853644     20.15     27672    119444    782612     16.45    743392     51184       396
11:25:42 AM   3382484    853924     20.16     27672    119500    782540     16.44    743456     51184       452
11:25:43 AM   3382584    853824     20.15     27680    119556    782540     16.44    743512     51184       508
11:25:44 AM   3383012    853396     20.14     27680    119588    782540     16.44    743544     51188       540
11:25:45 AM   3382576    853832     20.15     27680    119624    786688     16.53    743904     51184       576
11:25:46 AM   3382236    854172     20.16     27680    119664    786544     16.53    743836     51184       616
11:25:47 AM   3381888    854520     20.17     27688    119704    786544     16.53    743956     51188       664
11:25:48 AM   3381684    854724     20.18     27704    119756    790808     16.62    744148     51192        12
11:25:49 AM   3382092    854316     20.17     27704    119788    786584     16.53    744036     51184        84
11:25:50 AM   3381888    854520     20.17     27704    119820    786372     16.53    744068     51188       116
11:25:51 AM   3381564    854844     20.18     27704    119848    786284     16.52    744252     51188       144
11:25:52 AM   3381624    854784     20.18     27712    119876    786284     16.52    744276     51188       180
11:25:53 AM   3381648    854760     20.18     27712    119924    786280     16.52    744204     51188       264
11:25:54 AM   3381880    854528     20.17     27712    119976    790544     16.61    744252     51188       320
11:25:55 AM   3381732    854676     20.17     27712    120012    786276     16.52    744332     51188       356
11:25:56 AM   3382092    854316     20.17     27712    120048    786004     16.52    744352     51188       392
11:25:57 AM   3380700    855708     20.20     27720    120092    781780     16.43    746036     51200       444
11:25:58 AM   3380120    856288     20.21     27720    120160    781780     16.43    746548     51204       508
11:25:59 AM   3377316    859092     20.28     27720    120212    781780     16.43    748864     51192       560
11:26:00 AM   3376276    860132     20.30     27720    120268    785932     16.52    748472     51192       616
11:26:01 AM   3375860    860548     20.31     27720    120324    785744     16.51    751060     51200       672
11:26:02 AM   3375436    860972     20.32     27724    120364    785608     16.51    751152     51196       716
11:26:03 AM   3375468    860940     20.32     27728    120424    781356     16.42    751020     51196       772
11:26:04 AM   3372916    863492     20.38     27728    120476    785592     16.51    754020     51200       824
11:26:05 AM   3372232    864176     20.40     27728    120524    785592     16.51    754868     51200       872
11:26:06 AM   3370960    865448     20.43     27728    120560    781196     16.42    755960     51200       908
11:26:07 AM   3368044    868364     20.50     27736    120592    781196     16.42    759176     51200       948
11:26:08 AM   3366160    870248     20.54     27736    120656    781196     16.42    760784     51200         0
11:26:09 AM   3365176    871232     20.57     27736    120728    785332     16.50    761276     51200       116
11:26:10 AM   3364364    872044     20.58     27736    120792    785332     16.50    761984     51204       184
11:26:11 AM   3364172    872236     20.59     27736    120856    785332     16.50    762140     51216       248
11:26:12 AM   3363896    872512     20.60     27744    120900    785332     16.50    762232     51216       300
11:26:13 AM   3363476    872932     20.61     27744    120964    789472     16.59    762384     51220       400
11:26:14 AM   3362812    873596     20.62     27744    121020    785040     16.50    763636     51224       456
11:26:15 AM   3361920    874488     20.64     27744    121076    785040     16.50    764532     51228       516
11:26:16 AM   3361052    875356     20.66     27744    121136    785040     16.50    765508     51232       576
11:26:17 AM   3359996    876412     20.69     27752    121184    784916     16.49    766248     51228       632
11:26:18 AM   3359840    876568     20.69     27752    121256    789072     16.58    766404     51228       112
11:26:19 AM   3359512    876896     20.70     27752    121308    784720     16.49    767080     51232       100
11:26:20 AM   3358748    877660     20.72     27752    121364    780336     16.40    767972     51228       156
11:26:21 AM   3357804    878604     20.74     27752    121428    784588     16.49    768384     51228       220
11:26:22 AM   3357760    878648     20.74     27752    121496    780444     16.40    768700     51228       292
11:26:23 AM   3358128    878280     20.73     27760    121560    784588     16.49    768748     51236       400
11:26:24 AM   3357208    879200     20.75     27760    121612    784548     16.49    769480     51236       452
11:26:25 AM   3356600    879808     20.77     27760    121660    784548     16.49    770188     51244       500
11:26:26 AM   3355576    880832     20.79     27760    121732    788684     16.57    770968     51252       572
11:26:27 AM   3354832    881576     20.81     27760    121784    784372     16.48    771732     51252       624
11:26:28 AM   3353452    882956     20.84     27768    121836    784044     16.48    772664     51260       676
11:26:29 AM   3352724    883684     20.86     27768    121908    784044     16.48    773480     51256       748
11:26:30 AM   3351476    884932     20.89     27768    121968    788268     16.56    774960     51256       808
11:26:31 AM   3350644    885764     20.91     27768    122032    788056     16.56    775836     51256       872
11:26:32 AM   3350216    886192     20.92     27768    122092    787944     16.56    775852     51256       932
11:26:33 AM   3349764    886644     20.93     27776    122136    783704     16.47    775812     51264         0
11:26:34 AM   3349628    886780     20.93     27776    122180    787856     16.56    776680     51264        92
11:26:35 AM   3348048    888360     20.97     27776    122216    787672     16.55    778660     51268       128
11:26:36 AM   3347748    888660     20.98     27776    122288    787672     16.55    778652     51268       204
11:26:37 AM   3347812    888596     20.98     27776    122332    787672     16.55    778692     51272       248
11:26:38 AM   3347632    888776     20.98     27784    122380    787672     16.55    778904     51268       348
11:26:39 AM   3346236    890172     21.01     27784    122428    787532     16.55    780368     51272       396
11:26:40 AM   3345676    890732     21.03     27784    122480    787532     16.55    780656     51276       448
11:26:41 AM   3345372    891036     21.03     27784    122536    791668     16.64    780856     51284       504
11:26:42 AM   3345576    890832     21.03     27784    122592    787488     16.55    780884     51284       560
11:26:43 AM   3345560    890848     21.03     27792    122652    787156     16.54    780944     51288       620
11:26:44 AM   3345472    890936     21.03     27792    122708    782900     16.45    780848     51288       676
11:26:45 AM   3344928    891480     21.04     27792    122784    782900     16.45    781408     51304       752
11:26:46 AM   3344680    891728     21.05     27792    122840    782900     16.45    781776     51304       808
11:26:47 AM   3344368    892040     21.06     27800    122896    782900     16.45    781976     51304       872
11:26:48 AM   3344092    892316     21.06     27804    122952    782900     16.45    782360     51308       116
11:26:49 AM   3343532    892876     21.08     27804    123012    782900     16.45    782236     51308       100
11:26:50 AM   3343284    893124     21.08     27804    123068    787056     16.54    782356     51312       160
11:26:51 AM   3343284    893124     21.08     27804    123132    787056     16.54    783536     51308       224
11:26:52 AM   3342820    893588     21.09     27804    123196    778588     16.36    783928     51308       288
11:26:53 AM   3342076    894332     21.11     27812    123244    778588     16.36    784088     51312       384
11:26:54 AM   3342200    894208     21.11     27812    123296    778588     16.36    784104     51316       436
11:26:55 AM   3342292    894116     21.11     27812    123352    782728     16.45    784160     51320       492
11:26:56 AM   3342324    894084     21.10     27812    123412    782728     16.45    784236     51320       552
11:26:57 AM   3342276    894132     21.11     27812    123456    782728     16.45    784268     51320       596
11:26:58 AM   3341928    894480     21.11     27820    123496    782728     16.45    784336     51320       640
11:26:59 AM   3342136    894272     21.11     27820    123544    782728     16.45    784308     51288       688
Average:      3371734    864674     20.41     27697    119920    784012     16.48    754799     51190       441
