Linux 4.4.0-31-generic (dpi-suricata) 	01/15/2018 	_i686_	(4 CPU)

12:22:42 PM  CPU    %usr   %nice    %sys %iowait    %irq   %soft  %steal  %guest  %gnice   %idle
12:22:43 PM  all    0.50    0.00    2.74    1.50    0.00    0.00    0.00    0.00    0.00   95.26
12:22:44 PM  all    0.25    0.00    0.75    0.00    0.00    0.00    0.00    0.00    0.00   99.00
12:22:45 PM  all    0.25    0.00    1.01    0.00    0.00    0.00    0.00    0.00    0.00   98.74
12:22:46 PM  all    1.00    0.00    0.75    0.00    0.00    0.00    0.25    0.00    0.00   98.01
12:22:47 PM  all    0.75    0.00    0.25    0.00    0.00    0.00    0.25    0.00    0.00   98.75
12:22:48 PM  all    4.27    0.00    2.01    0.50    0.00    0.00    0.25    0.00    0.00   92.96
12:22:49 PM  all    0.50    0.00    0.25    0.00    0.00    0.25    0.00    0.00    0.00   99.00
12:22:50 PM  all    0.25    0.00    1.00    0.00    0.00    0.00    0.25    0.00    0.00   98.51
12:22:51 PM  all    0.25    0.00    0.50    0.00    0.00    0.00    0.00    0.00    0.00   99.25
12:22:52 PM  all    0.00    0.00    0.75    0.00    0.00    0.00    0.25    0.00    0.00   99.00
12:22:53 PM  all    0.50    0.00    0.75    0.00    0.00    0.00    0.00    0.00    0.00   98.74
12:22:54 PM  all    0.50    0.00    1.00    0.25    0.00    0.00    0.25    0.00    0.00   98.00
12:22:55 PM  all    0.25    0.00    0.50    0.00    0.00    0.00    0.00    0.00    0.00   99.24
12:22:56 PM  all    0.25    0.00    0.50    0.00    0.00    0.00    0.00    0.00    0.00   99.25
12:22:57 PM  all    0.25    0.00    0.75    0.00    0.00    0.00    0.25    0.00    0.00   98.75
12:22:58 PM  all    1.00    0.00    1.00    0.00    0.00    0.00    0.50    0.00    0.00   97.49
12:22:59 PM  all    2.02    0.00    1.01    0.50    0.00    0.76    1.51    0.00    0.00   94.21
12:23:00 PM  all    3.79    0.00    1.26    0.00    0.00    1.01    1.77    0.00    0.00   92.17
12:23:01 PM  all    1.77    0.00    0.76    0.00    0.00    1.01    4.30    0.00    0.00   92.15
12:23:02 PM  all    4.56    0.00    2.03    0.00    0.00    1.52    5.06    0.00    0.00   86.84
12:23:03 PM  all    2.78    0.00    0.51    0.00    0.00    1.77    1.01    0.00    0.00   93.92
12:23:04 PM  all    3.57    0.00    0.26    2.04    0.00    0.77    1.79    0.00    0.00   91.58
12:23:05 PM  all    3.53    0.00    1.76    0.00    0.00    1.01    4.03    0.00    0.00   89.67
12:23:06 PM  all    3.00    0.00    0.75    0.00    0.00    0.75    3.75    0.00    0.00   91.75
12:23:07 PM  all    3.02    0.00    0.75    0.00    0.00    1.76    1.76    0.00    0.00   92.71
12:23:08 PM  all    3.06    0.00    2.30    0.00    0.00    1.53    4.59    0.00    0.00   88.52
12:23:09 PM  all    3.04    0.00    1.01    3.54    0.00    2.03    3.54    0.00    0.00   86.84
12:23:10 PM  all    3.78    0.00    2.27    0.00    0.00    1.51    6.05    0.00    0.00   86.40
12:23:11 PM  all    2.26    0.00    2.01    0.00    0.00    1.51    4.52    0.00    0.00   89.70
12:23:12 PM  all    4.79    0.00    1.76    0.00    0.00    2.52    6.55    0.00    0.00   84.38
12:23:13 PM  all    3.82    0.00    0.51    0.00    0.00    1.53    3.82    0.00    0.00   90.33
12:23:14 PM  all    3.79    0.00    0.76    0.25    0.00    2.02    5.30    0.00    0.00   87.88
12:23:15 PM  all    3.26    0.00    1.50    0.00    0.00    1.50    7.27    0.00    0.00   86.47
12:23:16 PM  all    2.74    0.00    1.00    0.00    0.00    1.74    3.23    0.00    0.00   91.29
12:23:17 PM  all    2.30    0.00    0.77    0.00    0.00    0.26    1.53    0.00    0.00   95.14
12:23:18 PM  all    3.05    0.00    1.02    0.00    0.00    1.27    2.54    0.00    0.00   92.13
12:23:19 PM  all    5.12    0.00    1.53    4.09    0.00    3.07    3.07    0.00    0.00   83.12
12:23:20 PM  all    6.67    0.00    1.28    0.00    0.00    3.33    3.59    0.00    0.00   85.13
12:23:21 PM  all    5.34    0.00    1.27    0.00    0.00    2.54    1.53    0.00    0.00   89.31
12:23:22 PM  all    3.31    0.00    1.02    0.00    0.00    0.76    2.29    0.00    0.00   92.62
12:23:23 PM  all    2.58    0.00    1.03    0.00    0.00    1.81    3.62    0.00    0.00   90.96
12:23:24 PM  all    3.52    0.00    0.50    1.26    0.00    2.01    3.52    0.00    0.00   89.20
12:23:25 PM  all    4.55    0.00    1.26    0.00    0.00    2.53    2.53    0.00    0.00   89.14
12:23:26 PM  all    4.03    0.00    0.76    0.00    0.00    1.51    3.78    0.00    0.00   89.92
12:23:27 PM  all    4.79    0.00    1.26    0.00    0.00    2.27    3.02    0.00    0.00   88.66
12:23:28 PM  all    4.31    0.00    0.76    0.00    0.00    2.03    4.06    0.00    0.00   88.83
12:23:29 PM  all    3.27    0.00    1.51    0.00    0.00    1.01    4.53    0.00    0.00   89.67
12:23:30 PM  all    4.52    0.00    2.01    0.00    0.00    2.76    5.03    0.00    0.00   85.68
12:23:31 PM  all    3.57    0.00    1.53    0.00    0.00    1.28    3.57    0.00    0.00   90.05
12:23:32 PM  all    2.77    0.00    1.51    0.00    0.00    1.76    2.27    0.00    0.00   91.69
12:23:33 PM  all    2.77    0.00    1.26    0.00    0.00    1.51    4.03    0.00    0.00   90.43
12:23:34 PM  all    2.26    0.00    1.51    0.75    0.00    1.01    5.03    0.00    0.00   89.45
12:23:35 PM  all    2.77    0.00    1.51    0.00    0.00    1.01    4.79    0.00    0.00   89.92
12:23:36 PM  all    3.77    0.00    1.01    0.00    0.00    1.51    4.52    0.00    0.00   89.20
12:23:37 PM  all    3.74    0.00    1.50    0.00    0.00    1.75    3.74    0.00    0.00   89.28
12:23:38 PM  all    4.81    0.00    1.52    0.00    0.00    2.03    3.29    0.00    0.00   88.35
12:23:39 PM  all    4.06    0.00    0.76    2.03    0.00    1.78    2.03    0.00    0.00   89.34
12:23:40 PM  all    3.27    0.00    2.02    0.00    0.00    0.76    2.52    0.00    0.00   91.44
12:23:41 PM  all    1.79    0.00    1.28    0.00    0.00    1.02    2.04    0.00    0.00   93.88
12:23:42 PM  all    2.03    0.00    1.27    0.00    0.00    1.02    3.05    0.00    0.00   92.64
12:23:43 PM  all    4.87    0.00    1.54    0.00    0.00    1.79    3.59    0.00    0.00   88.21
12:23:44 PM  all    4.53    0.00    1.01    0.50    0.00    2.02    3.78    0.00    0.00   88.16
12:23:45 PM  all    3.27    0.00    1.01    0.00    0.00    2.27    1.51    0.00    0.00   91.94
12:23:46 PM  all    4.31    0.00    0.76    0.00    0.00    2.28    2.03    0.00    0.00   90.61
12:23:47 PM  all    5.82    0.00    1.01    0.00    0.00    1.77    2.28    0.00    0.00   89.11
12:23:48 PM  all    2.30    0.00    0.77    0.00    0.00    1.53    1.79    0.00    0.00   93.62
12:23:49 PM  all    3.26    0.00    1.25    0.50    0.00    2.51    2.01    0.00    0.00   90.48
12:23:50 PM  all    4.79    0.00    1.01    0.00    0.00    2.27    2.02    0.00    0.00   89.92
12:23:51 PM  all    3.50    0.00    2.00    0.00    0.00    2.75    2.00    0.00    0.00   89.75
12:23:52 PM  all    5.79    0.00    1.76    0.00    0.00    4.79    3.78    0.00    0.00   83.88
12:23:53 PM  all    2.79    0.00    1.02    0.00    0.00    0.76    2.03    0.00    0.00   93.40
12:23:54 PM  all    3.87    0.00    1.55    3.09    0.00    3.09    3.09    0.00    0.00   85.31
12:23:55 PM  all    4.37    0.00    1.29    0.00    0.00    1.54    2.57    0.00    0.00   90.23
12:23:56 PM  all    5.30    0.00    1.26    0.00    0.00    2.27    2.78    0.00    0.00   88.38
12:23:57 PM  all    5.12    0.00    1.28    0.00    0.00    1.53    5.88    0.00    0.00   86.19
12:23:58 PM  all    4.29    0.00    1.26    0.00    0.00    1.01    2.27    0.00    0.00   91.16
12:23:59 PM  all    5.29    0.00    0.76    0.50    0.00    2.02    2.02    0.00    0.00   89.42
12:24:00 PM  all    5.38    0.00    2.05    0.00    0.00    1.28    4.62    0.00    0.00   86.67
12:24:01 PM  all    5.37    0.00    1.28    0.00    0.00    2.81    2.56    0.00    0.00   87.98
12:24:02 PM  all    3.77    0.00    1.26    0.00    0.00    2.26    1.76    0.00    0.00   90.95
12:24:03 PM  all    5.32    0.00    1.01    0.00    0.00    2.53    2.78    0.00    0.00   88.35
12:24:04 PM  all    3.08    0.00    0.77    0.51    0.00    1.79    3.08    0.00    0.00   90.77
12:24:05 PM  all    3.85    0.00    1.03    0.00    0.00    2.05    2.05    0.00    0.00   91.03
12:24:06 PM  all    4.91    0.00    0.78    0.00    0.00    1.55    3.62    0.00    0.00   89.15
12:24:07 PM  all    3.02    0.00    1.01    0.00    0.00    1.76    1.51    0.00    0.00   92.70
12:24:08 PM  all    3.04    0.00    1.01    0.00    0.00    1.27    2.53    0.00    0.00   92.15
12:24:09 PM  all    4.36    0.00    0.51    0.77    0.00    1.54    3.59    0.00    0.00   89.23
12:24:10 PM  all    4.85    0.00    1.28    0.00    0.00    1.79    2.81    0.00    0.00   89.29
12:24:11 PM  all    3.54    0.00    1.26    0.00    0.00    1.52    2.53    0.00    0.00   91.16
12:24:12 PM  all    4.81    0.00    1.52    0.00    0.00    2.03    6.08    0.00    0.00   85.57
12:24:13 PM  all    3.77    0.00    0.75    0.00    0.00    1.76    1.51    0.00    0.00   92.21
12:24:14 PM  all    2.76    0.00    1.50    2.01    0.00    2.51    1.50    0.00    0.00   89.72
12:24:15 PM  all    2.81    0.00    0.51    0.00    0.00    1.28    1.02    0.00    0.00   94.39
12:24:16 PM  all    4.57    0.00    0.76    0.00    0.00    1.52    1.02    0.00    0.00   92.13
12:24:17 PM  all    2.78    0.00    1.01    0.00    0.00    0.76    3.03    0.00    0.00   92.42
12:24:18 PM  all    4.86    0.00    1.79    0.00    0.00    2.05    3.58    0.00    0.00   87.72
12:24:19 PM  all    2.04    0.00    1.02    1.02    0.00    1.02    1.53    0.00    0.00   93.38
12:24:20 PM  all    4.80    0.00    0.76    0.00    0.00    2.78    2.02    0.00    0.00   89.65
12:24:21 PM  all    5.28    0.00    1.26    0.00    0.00    2.76    2.01    0.00    0.00   88.69
12:24:22 PM  all    3.23    0.00    1.49    0.00    0.00    1.74    2.24    0.00    0.00   91.29
12:24:23 PM  all    3.02    0.00    1.51    0.00    0.00    1.26    2.77    0.00    0.00   91.44
12:24:24 PM  all    3.81    0.00    0.76    0.51    0.00    1.78    2.03    0.00    0.00   91.12
12:24:25 PM  all    3.54    0.00    0.76    0.00    0.00    1.77    1.77    0.00    0.00   92.15
12:24:26 PM  all    3.78    0.00    1.01    0.00    0.00    3.02    1.76    0.00    0.00   90.43
12:24:27 PM  all    2.51    0.00    1.26    0.00    0.00    2.01    1.76    0.00    0.00   92.46
12:24:28 PM  all    2.51    0.00    1.50    0.00    0.00    2.01    2.26    0.00    0.00   91.73
12:24:29 PM  all    4.08    0.00    1.53    3.32    0.00    1.02    3.06    0.00    0.00   86.99
12:24:30 PM  all    3.54    0.00    0.51    0.00    0.00    2.03    1.27    0.00    0.00   92.66
12:24:31 PM  all    2.77    0.00    1.76    0.00    0.00    1.51    2.27    0.00    0.00   91.69
12:24:32 PM  all    1.52    0.00    1.01    0.00    0.00    1.01    2.02    0.00    0.00   94.44
12:24:33 PM  all    5.08    0.00    1.78    0.00    0.00    3.05    2.54    0.00    0.00   87.56
12:24:34 PM  all    4.05    0.00    1.01    0.51    0.00    0.76    3.04    0.00    0.00   90.63
12:24:35 PM  all    3.05    0.00    0.76    0.00    0.00    1.78    1.27    0.00    0.00   93.15
12:24:36 PM  all    4.85    0.00    1.28    0.00    0.00    2.30    3.57    0.00    0.00   88.01
12:24:37 PM  all    3.04    0.00    0.76    0.00    0.00    1.01    1.27    0.00    0.00   93.92
12:24:38 PM  all    2.75    0.00    1.25    0.00    0.00    1.75    1.50    0.00    0.00   92.75
12:24:39 PM  all    2.03    0.00    0.76    2.03    0.00    0.51    1.01    0.00    0.00   93.67
12:24:40 PM  all    3.00    0.00    1.00    0.00    0.00    2.00    2.00    0.00    0.00   92.00
12:24:41 PM  all    3.55    0.00    1.52    0.00    0.00    1.78    2.79    0.00    0.00   90.36
12:24:42 PM  all    6.15    0.00    1.03    0.00    0.00    1.54    3.85    0.00    0.00   87.44
12:24:43 PM  all    4.07    0.00    1.02    0.00    0.00    1.78    2.29    0.00    0.00   90.84
12:24:44 PM  all    3.77    0.00    1.51    0.50    0.00    3.02    2.76    0.00    0.00   88.44
12:24:45 PM  all    2.04    0.00    0.51    0.00    0.00    1.02    1.53    0.00    0.00   94.91
12:24:46 PM  all    4.82    0.00    1.02    0.00    0.00    2.54    2.54    0.00    0.00   89.09
12:24:47 PM  all    3.28    0.00    1.01    0.00    0.00    1.52    1.77    0.00    0.00   92.42
12:24:48 PM  all    3.80    0.00    1.01    0.00    0.00    1.52    1.77    0.00    0.00   91.90
12:24:49 PM  all    2.29    0.00    1.02    0.25    0.00    1.02    2.04    0.00    0.00   93.38
12:24:50 PM  all    3.80    0.00    1.27    0.00    0.00    3.04    2.03    0.00    0.00   89.87
12:24:51 PM  all    4.57    0.00    0.76    0.00    0.00    2.54    2.28    0.00    0.00   89.85
12:24:52 PM  all    3.56    0.00    1.02    0.00    0.00    1.27    1.53    0.00    0.00   92.62
12:24:53 PM  all    3.11    0.00    1.04    0.00    0.00    0.52    2.33    0.00    0.00   93.01
12:24:54 PM  all    3.86    0.00    1.80    0.26    0.00    1.29    3.86    0.00    0.00   88.95
12:24:55 PM  all    2.76    0.00    1.25    0.00    0.00    1.00    1.75    0.00    0.00   93.23
12:24:56 PM  all    4.53    0.00    0.50    0.00    0.00    2.52    2.27    0.00    0.00   90.18
12:24:57 PM  all    4.57    0.00    1.02    0.00    0.00    2.03    1.52    0.00    0.00   90.86
12:24:58 PM  all    3.04    0.00    0.51    0.00    0.00    1.77    1.27    0.00    0.00   93.42
12:24:59 PM  all    0.50    0.00    0.75    3.00    0.00    0.25    0.25    0.00    0.00   95.25
12:25:00 PM  all    0.75    0.00    0.75    0.00    0.00    0.00    0.00    0.00    0.00   98.50
12:25:01 PM  all    0.50    0.00    0.75    0.00    0.00    0.00    0.00    0.00    0.00   98.75
12:25:02 PM  all    0.25    0.00    1.25    0.00    0.00    0.00    0.25    0.00    0.00   98.25
Average:     all    3.27    0.00    1.13    0.26    0.00    1.51    2.42    0.00    0.00   91.42
