Linux 4.4.0-31-generic (ids-suricata) 	01/15/2018 	_i686_	(1 CPU)

12:35:26 PM kbmemfree kbmemused  %memused kbbuffers  kbcached  kbcommit   %commit  kbactive   kbinact   kbdirty
12:35:27 PM    477416   1585272     76.85     52532    509612    985504     38.13    689596    826192       600
12:35:28 PM    477628   1585060     76.84     52532    509648    985504     38.13    689624    826176       636
12:35:29 PM    477580   1585108     76.85     52532    509664    985504     38.13    689628    826172       652
12:35:30 PM    477752   1584936     76.84     52540    509680    985504     38.13    689664    826172       300
12:35:31 PM    477752   1584936     76.84     52540    509708    985504     38.13    689700    826172       340
12:35:32 PM    475736   1586952     76.94     52540    509744    985504     38.13    691844    826176       376
12:35:33 PM    472992   1589696     77.07     52540    509840    985504     38.13    695000    826176       472
12:35:34 PM    468652   1594036     77.28     52540    509848    985504     38.13    699440    826172       480
12:35:35 PM    465460   1597228     77.43     52564    509876    985504     38.13    702592    826172       468
12:35:36 PM    462576   1600112     77.57     52564    510012    985504     38.13    705304    826172       576
12:35:37 PM    458980   1603708     77.75     52564    510072    985504     38.13    708508    826172       636
12:35:38 PM    456020   1606668     77.89     52564    510068    985504     38.13    711908    826172       632
12:35:39 PM    451464   1611224     78.11     52564    510176    985504     38.13    716196    826176       744
12:35:40 PM    448208   1614480     78.27     52568    510232    985504     38.13    719428    826172       752
12:35:41 PM    445128   1617560     78.42     52568    510296    985504     38.13    722500    826172       864
12:35:42 PM    440312   1622376     78.65     52568    510360    985504     38.13    727280    826176       928
12:35:43 PM    435648   1627040     78.88     52568    510388    985504     38.13    732164    826184       956
12:35:44 PM    431400   1631288     79.09     52568    510452    985504     38.13    736184    826184      1020
12:35:45 PM    425820   1636868     79.36     52576    510556    985504     38.13    741800    826176      1132
12:35:46 PM    420280   1642408     79.62     52576    510640    985504     38.13    747368    826172      1212
12:35:47 PM    415180   1647508     79.87     52576    510720    985504     38.13    752304    826172      1292
12:35:48 PM    411192   1651496     80.07     52576    510776    985504     38.13    756240    826176      1348
12:35:49 PM    406612   1656076     80.29     52576    510836    985504     38.13    761408    826176      1408
12:35:50 PM    402488   1660200     80.49     52584    510892    985504     38.13    765212    826176      1472
12:35:51 PM    400156   1662532     80.60     52584    510916    985504     38.13    767340    826176      1488
12:35:52 PM    394800   1667888     80.86     52584    511020    985504     38.13    772768    826176      1592
12:35:53 PM    388676   1674012     81.16     52584    511144    985504     38.13    779148    826216      1716
12:35:54 PM    384304   1678384     81.37     52584    511176    985504     38.13    783444    826212      1748
12:35:55 PM    379096   1683592     81.62     52592    511276    985504     38.13    788388    826212      1804
12:35:56 PM    374356   1688332     81.85     52592    511352    985504     38.13    793216    826220      1908
12:35:57 PM    370412   1692276     82.04     52592    511436    985504     38.13    797040    826212      1992
12:35:58 PM    363276   1699412     82.39     52592    511512    985504     38.13    803956    826220      2068
12:35:59 PM    358564   1704124     82.62     52592    511608    985504     38.13    808752    826216      2164
12:36:00 PM    352360   1710328     82.92     52596    511668    985504     38.13    815496    826212       208
12:36:01 PM    345276   1717412     83.26     52596    511756    985504     38.13    822516    826212       328
12:36:02 PM    338612   1724076     83.58     52596    511824    985504     38.13    829228    826212       404
12:36:03 PM    334612   1728076     83.78     52596    511840    985504     38.13    833148    826208       420
12:36:04 PM    327576   1735112     84.12     52596    511940    985504     38.13    839872    826208       520
12:36:05 PM    321144   1741544     84.43     52600    511940    985504     38.13    846356    826208       420
12:36:06 PM    313348   1749340     84.81     52600    512076    985504     38.13    854192    826208       536
12:36:07 PM    307628   1755060     85.09     52600    512144    985504     38.13    859696    826204       608
12:36:08 PM    303788   1758900     85.27     52600    512152    985504     38.13    863488    826208       616
12:36:09 PM    298084   1764604     85.55     52600    512216    985504     38.13    869020    826204       680
12:36:10 PM    294588   1768100     85.72     52608    512260    985504     38.13    873128    826204       732
12:36:11 PM    292092   1770596     85.84     52608    512320    985504     38.13    875420    826208       748
12:36:12 PM    288016   1774672     86.04     52608    512356    985504     38.13    879592    826208       800
12:36:13 PM    281064   1781624     86.37     52608    512472    985504     38.13    886080    826208       916
12:36:14 PM    275832   1786856     86.63     52608    512500    985504     38.13    891588    826216       944
12:36:15 PM    270252   1792436     86.90     52616    512616    985504     38.13    896964    826208      1068
12:36:16 PM    265036   1797652     87.15     52616    512636    985504     38.13    902032    826204      1084
12:36:17 PM    258860   1803828     87.45     52616    512752    985504     38.13    908364    826204      1200
12:36:18 PM    252120   1810568     87.78     52616    512844    985504     38.13    914828    826208      1292
12:36:19 PM    246940   1815748     88.03     52616    512912    985504     38.13    920652    826204      1360
12:36:20 PM    241848   1820840     88.28     52624    512968    985504     38.13    925716    826208      1424
12:36:21 PM    235524   1827164     88.58     52624    512996    985504     38.13    932188    826212      1444
12:36:22 PM    232828   1829860     88.71     52624    513060    985504     38.13    934840    826204      1508
12:36:23 PM    225976   1836712     89.04     52624    513112    985504     38.13    941708    826204      1560
12:36:24 PM    222908   1839780     89.19     52624    513188    985504     38.13    944424    826204      1636
12:36:25 PM    216336   1846352     89.51     52632    513280    985504     38.13    950748    826212      1736
12:36:26 PM    211220   1851468     89.76     52632    513348    985504     38.13    955832    826204      1796
12:36:27 PM    205176   1857512     90.05     52632    513432    985504     38.13    962084    826204      1880
12:36:28 PM    197736   1864952     90.41     52632    513500    985504     38.13    969716    826208      1948
12:36:29 PM    192652   1870036     90.66     52632    513524    985504     38.13    974476    826204      1972
12:36:30 PM    187816   1874872     90.89     52632    513648    985504     38.13    979592    826204       580
12:36:31 PM    184220   1878468     91.07     52632    513660    985504     38.13    983212    826200       632
12:36:32 PM    178764   1883924     91.33     52632    513764    985504     38.13    988592    826200       736
12:36:33 PM    175120   1887568     91.51     52632    513780    985504     38.13    991868    826200       752
12:36:34 PM    173400   1889288     91.59     52632    513888    985504     38.13    993496    826200       860
12:36:35 PM    170704   1891984     91.72     52640    513968    985504     38.13    995980    826204       392
12:36:36 PM    168348   1894340     91.84     52640    514060    985504     38.13    998692    826208       500
12:36:37 PM    165248   1897440     91.99     52640    514168    985504     38.13   1002068    826200       612
12:36:38 PM    160408   1902280     92.22     52640    514232    985504     38.13   1006480    826204       676
12:36:39 PM    157548   1905140     92.36     52640    514252    985504     38.13   1009564    826208       696
12:36:40 PM    155448   1907240     92.46     52640    514380    985504     38.13   1011384    826200       772
12:36:41 PM    155324   1907364     92.47     52640    514480    985504     38.13   1011552    826200       892
12:36:42 PM    148100   1914588     92.82     52640    514564    985504     38.13   1018800    826200       976
12:36:43 PM    145124   1917564     92.96     52640    514652    985504     38.13   1021568    826208      1064
12:36:44 PM    145032   1917656     92.97     52640    514744    985504     38.13   1021660    826200      1156
12:36:45 PM    141684   1921004     93.13     52644    514860    985504     38.13   1025216    826204      1224
12:36:46 PM    138304   1924384     93.29     52644    514912    985504     38.13   1028332    826208      1332
12:36:47 PM    138212   1924476     93.30     52644    515012    985504     38.13   1028424    826204      1392
12:36:48 PM    138208   1924480     93.30     52644    515108    985504     38.13   1028516    826200      1488
12:36:49 PM    138068   1924620     93.31     52644    515192    985504     38.13   1028668    826200      1572
12:36:50 PM    137908   1924780     93.31     52652    515292    985504     38.13   1028812    826208      1684
12:36:51 PM    136928   1925760     93.36     52652    515372    985504     38.13   1030008    826204      1756
12:36:52 PM    136280   1926408     93.39     52652    515436    985504     38.13   1030616    826200      1820
12:36:53 PM    136068   1926620     93.40     52652    515496    985504     38.13   1030644    826200      1880
12:36:54 PM    135852   1926836     93.41     52652    515556    985504     38.13   1030828    826208      1940
12:36:55 PM    135728   1926960     93.42     52660    515688    985504     38.13   1031088    826200      2080
12:36:56 PM    132256   1930432     93.59     52660    515736    985504     38.13   1034528    826200      2124
12:36:57 PM    128908   1933780     93.75     52660    515864    985504     38.13   1037920    826204      2252
12:36:58 PM    128372   1934316     93.78     52660    515908    985504     38.13   1038072    826204      2296
12:36:59 PM    128376   1934312     93.78     52660    516012    985504     38.13   1038252    826200      2400
12:37:00 PM    122052   1940636     94.08     52664    516148    985504     38.13   1044612    826204       528
12:37:01 PM    120440   1942248     94.16     52664    516252    985504     38.13   1046284    826200       652
12:37:02 PM    120100   1942588     94.18     52664    516364    985504     38.13   1046352    826196       772
12:37:03 PM    119976   1942712     94.18     52664    516468    985504     38.13   1046488    826204       876
12:37:04 PM    119852   1942836     94.19     52664    516508    985504     38.13   1046592    826196       916
12:37:05 PM    119356   1943332     94.21     52668    516640    985504     38.13   1047076    826200      1052
12:37:06 PM    119232   1943456     94.22     52668    516776    985504     38.13   1047196    826200      1184
12:37:07 PM    119200   1943488     94.22     52668    516820    985504     38.13   1047272    826196      1228
12:37:08 PM    123784   1938904     94.00     52668    512808    985504     38.13   1042040    827440      1312
12:37:09 PM    123660   1939028     94.00     52668    512896    985504     38.13   1042124    827416      1400
12:37:10 PM    123524   1939164     94.01     52676    512968    985504     38.13   1042248    827416       912
12:37:11 PM    123372   1939316     94.02     52676    513064    985504     38.13   1042292    827416      1072
12:37:12 PM    122972   1939716     94.04     52676    513132    985504     38.13   1042396    827416      1104
12:37:13 PM    122792   1939896     94.05     52676    513212    985504     38.13   1042448    827420      1184
12:37:14 PM    122916   1939772     94.04     52676    513280    985504     38.13   1042556    827420      1252
12:37:15 PM    122792   1939896     94.05     52684    513376    985504     38.13   1042580    827420      1304
12:37:16 PM    122792   1939896     94.05     52684    513456    985504     38.13   1042704    827416      1392
12:37:17 PM    121796   1940892     94.10     52684    513600    985504     38.13   1043388    827428      1540
12:37:18 PM    122080   1940608     94.08     52684    513716    985504     38.13   1043512    827428      1656
12:37:19 PM    122080   1940608     94.08     52684    513788    985504     38.13   1043592    827432      1728
12:37:20 PM    121924   1940764     94.09     52692    513900    985504     38.13   1043720    827432      1816
12:37:21 PM    121460   1941228     94.11     52692    514004    985504     38.13   1043812    827440      1928
12:37:22 PM    121368   1941320     94.12     52692    514100    985504     38.13   1043916    827432      2024
12:37:23 PM    121180   1941508     94.13     52692    514168    985504     38.13   1043988    827428      2092
12:37:24 PM    119840   1942848     94.19     52692    514264    985504     38.13   1045468    827428      2188
12:37:25 PM    118196   1944492     94.27     52700    514352    985504     38.13   1047308    827428      2284
12:37:26 PM    115096   1947592     94.42     52700    514452    985504     38.13   1050524    827428      2376
12:37:27 PM    114800   1947888     94.43     52700    514564    985504     38.13   1050632    827432      2488
12:37:28 PM    122996   1939692     94.04     52700    506380    985504     38.13   1041196    828692      2584
12:37:29 PM    122872   1939816     94.04     52700    506460    985504     38.13   1041272    828692      2664
12:37:30 PM    122780   1939908     94.05     52708    506544    985504     38.13   1041372    828688       464
12:37:31 PM    122656   1940032     94.05     52708    506620    985504     38.13   1041452    828688       544
12:37:32 PM    122624   1940064     94.06     52708    506672    985504     38.13   1041500    828696       596
12:37:33 PM    122624   1940064     94.06     52708    506708    985504     38.13   1041536    828688       632
12:37:34 PM    122532   1940156     94.06     52708    506756    985504     38.13   1041584    828696       680
12:37:35 PM    122500   1940188     94.06     52716    506788    985504     38.13   1041636    828692       720
12:37:36 PM    122500   1940188     94.06     52716    506844    985504     38.13   1041688    828692       768
12:37:37 PM    122532   1940156     94.06     52716    506900    985504     38.13   1041748    828692       824
12:37:38 PM    120308   1942380     94.17     52716    498888    985504     38.13   1039348    833816       856
12:37:39 PM    120308   1942380     94.17     52716    498912    985504     38.13   1039380    833816       880
12:37:40 PM    120184   1942504     94.17     52724    498948    985504     38.13   1039424    833816       924
12:37:41 PM    119640   1943048     94.20     52724    498992    985504     38.13   1039500    833816       960
12:37:42 PM    119564   1943124     94.20     52724    499060    985504     38.13   1039532    833816      1028
12:37:43 PM    119408   1943280     94.21     52724    499128    985504     38.13   1039612    833824      1096
12:37:44 PM    119316   1943372     94.22     52724    499156    985504     38.13   1039784    833820      1124
12:37:45 PM    119424   1943264     94.21     52732    499184    985504     38.13   1039604    833820       600
12:37:46 PM    119680   1943008     94.20     52732    499232    985504     38.13   1039560    833816       672
Average:       232430   1830258     88.73     52636    511644    985504     38.13    933833    827041      1178
