Linux 4.4.0-31-generic (dpi-suricata) 	12/08/2017 	_i686_	(1 CPU)

05:33:25 PM kbmemfree kbmemused  %memused kbbuffers  kbcached  kbcommit   %commit  kbactive   kbinact   kbdirty
05:33:26 PM    457532   1605156     77.82     71852    683144    984108     38.07    748172    792872        48
05:33:27 PM    457408   1605280     77.82     71852    683168    984108     38.07    748220    792856        72
05:33:28 PM    457316   1605372     77.83     71852    683200    984108     38.07    748244    792856       108
05:33:29 PM    457284   1605404     77.83     71860    683212    984108     38.07    748280    792852       232
05:33:30 PM    457316   1605372     77.83     71860    683248    984108     38.07    748316    792852       272
05:33:31 PM    456324   1606364     77.88     71860    683276    984108     38.07    749372    792852       300
05:33:32 PM    454960   1607728     77.94     71860    683320    984108     38.07    750800    792852       344
05:33:33 PM    453472   1609216     78.02     71860    683356    984108     38.07    752408    792852       380
05:33:34 PM    451456   1611232     78.11     71868    683384    984108     38.07    754380    792852       416
05:33:35 PM    449968   1612720     78.19     71868    683432    984108     38.07    755696    792852       460
05:33:36 PM    448016   1614672     78.28     71868    683472    984108     38.07    757648    792852       500
05:33:37 PM    446032   1616656     78.38     71868    683508    984108     38.07    759808    792852       536
05:33:38 PM    443924   1618764     78.48     71868    683552    984108     38.07    761904    792856       580
05:33:39 PM    442312   1620376     78.56     71872    683584    984108     38.07    763420    792856       616
05:33:40 PM    440420   1622268     78.65     71872    683624    984108     38.07    765320    792856       652
05:33:41 PM    438224   1624464     78.75     71872    683656    984108     38.07    767476    792856       684
05:33:42 PM    435496   1627192     78.89     71872    683700    984108     38.07    770208    792860       728
05:33:43 PM    433636   1629052     78.98     71872    683740    984108     38.07    772300    792852       768
05:33:44 PM    431280   1631408     79.09     71880    683768    984108     38.07    774892    792852       804
05:33:45 PM    428104   1634584     79.25     71880    683808    984108     38.07    777560    792852       836
05:33:46 PM    425880   1636808     79.35     71880    683848    984108     38.07    779600    792860       876
05:33:47 PM    423144   1639544     79.49     71880    683884    984108     38.07    782512    792860       912
05:33:48 PM    420968   1641720     79.59     71880    683904    984108     38.07    784768    792856       932
05:33:49 PM    418124   1644564     79.73     71888    683936    984108     38.07    787608    792856       972
05:33:50 PM    415240   1647448     79.87     71888    683988    984108     38.07    790828    792856      1016
05:33:51 PM    413720   1648968     79.94     71888    684028    984108     38.07    792004    792852      1056
05:33:52 PM    412388   1650300     80.01     71888    684056    984108     38.07    793500    792852      1084
05:33:53 PM    412108   1650580     80.02     71888    684088    984108     38.07    793752    792852      1116
05:33:54 PM    410404   1652284     80.10     71896    684112    984108     38.07    795324    792856      1148
05:33:55 PM    409940   1652748     80.13     71896    684144    984108     38.07    795684    792852       608
05:33:56 PM    409132   1653556     80.17     71896    684168    984108     38.07    796476    792856       636
05:33:57 PM    407088   1655600     80.26     71896    684212    984108     38.07    798616    792852       680
05:33:58 PM    406676   1656012     80.28     71896    684256    984108     38.07    799264    792856       724
05:33:59 PM    404480   1658208     80.39     71904    684280    984108     38.07    801420    792852       756
05:34:00 PM    403580   1659108     80.43     71904    684320    984108     38.07    801980    792856       120
05:34:01 PM    402420   1660268     80.49     71904    684368    984108     38.07    802736    792860       160
05:34:02 PM    402320   1660368     80.50     71904    684392    984108     38.07    802864    792856       192
05:34:03 PM    402352   1660336     80.49     71904    684412    984108     38.07    802932    792856       212
05:34:04 PM    401972   1660716     80.51     71912    684428    984108     38.07    803236    792856       236
05:34:05 PM    401988   1660700     80.51     71912    684452    984108     38.07    803124    792856       284
05:34:06 PM    401916   1660772     80.51     71912    684476    984108     38.07    803232    792852       312
05:34:07 PM    401824   1660864     80.52     71912    684500    984108     38.07    803340    792860       336
05:34:08 PM    401112   1661576     80.55     71912    684528    984108     38.07    804108    792860       364
05:34:09 PM    400848   1661840     80.57     71916    684544    984108     38.07    804340    792856       384
05:34:10 PM    400736   1661952     80.57     71916    684568    984108     38.07    804412    792856       408
05:34:11 PM    400424   1662264     80.59     71916    684592    984108     38.07    804576    792856       432
05:34:12 PM    400456   1662232     80.59     71916    684608    984108     38.07    804608    792856       448
05:34:13 PM    400172   1662516     80.60     71916    684636    984108     38.07    805308    792852       476
05:34:14 PM    400212   1662476     80.60     71920    684656    984108     38.07    805224    792852       500
05:34:15 PM    399932   1662756     80.61     71920    684680    984108     38.07    805276    792852       520
05:34:16 PM    399500   1663188     80.63     71920    684708    984108     38.07    805928    792856       548
05:34:17 PM    399344   1663344     80.64     71920    684720    984108     38.07    805916    792856       560
05:34:18 PM    399096   1663592     80.65     71920    684752    984108     38.07    806052    792860       592
05:34:19 PM    399004   1663684     80.66     71924    684772    984108     38.07    806160    792856       616
05:34:20 PM    399064   1663624     80.65     71924    684804    984108     38.07    806236    792852       644
05:34:21 PM    398816   1663872     80.67     71924    684820    984108     38.07    806580    792856       660
05:34:22 PM    398508   1664180     80.68     71924    684840    984108     38.07    806780    792856       680
05:34:23 PM    398196   1664492     80.70     71924    684856    984108     38.07    806844    792852       696
05:34:24 PM    398012   1664676     80.70     71928    684872    984108     38.07    806888    792852       716
05:34:25 PM    397920   1664768     80.71     71928    684896    984108     38.07    807164    792852       736
05:34:26 PM    397948   1664740     80.71     71928    684916    984108     38.07    807300    792852       756
05:34:27 PM    397608   1665080     80.72     71928    684936    984108     38.07    807472    792852       776
05:34:28 PM    397452   1665236     80.73     71928    684960    984108     38.07    807468    792852       800
05:34:29 PM    397388   1665300     80.73     71936    684972    984108     38.07    807544    792852       820
05:34:30 PM    397100   1665588     80.75     71936    685004    984108     38.07    807984    792856       548
05:34:31 PM    396952   1665736     80.76     71936    685028    984108     38.07    807928    792856       576
05:34:32 PM    396828   1665860     80.76     71936    685056    984108     38.07    807984    792856       608
05:34:33 PM    396884   1665804     80.76     71936    685072    984108     38.07    808128    792856       624
05:34:34 PM    396720   1665968     80.77     71944    685088    984108     38.07    808224    792856       648
05:34:35 PM    396628   1666060     80.77     71944    685112    984108     38.07    808280    792852        64
05:34:36 PM    396628   1666060     80.77     71944    685136    984108     38.07    808332    792852        72
05:34:37 PM    396472   1666216     80.78     71944    685152    984108     38.07    808348    792852       112
05:34:38 PM    396316   1666372     80.79     71944    685196    984108     38.07    808432    792864       160
05:34:39 PM    396312   1666376     80.79     71952    685204    984108     38.07    808660    792856       176
05:34:40 PM    396364   1666324     80.78     71952    685236    984108     38.07    808644    792860       232
05:34:41 PM    396192   1666496     80.79     71952    685252    984108     38.07    808536    792860       248
05:34:42 PM    396128   1666560     80.80     71952    685288    984108     38.07    808592    792856       284
05:34:43 PM    396104   1666584     80.80     71952    685308    984108     38.07    808524    792856       304
05:34:44 PM    396056   1666632     80.80     71956    685340    984108     38.07    808736    792852       340
05:34:45 PM    396072   1666616     80.80     71956    685384    984108     38.07    808604    792860       380
05:34:46 PM    396112   1666576     80.80     71956    685416    984108     38.07    808584    792856       412
05:34:47 PM    396112   1666576     80.80     71956    685436    984108     38.07    808612    792856       432
05:34:48 PM    396144   1666544     80.79     71956    685468    984108     38.07    808704    792860       464
05:34:49 PM    395932   1666756     80.81     71960    685496    984108     38.07    808924    792860       496
05:34:50 PM    396012   1666676     80.80     71960    685532    984108     38.07    809332    792852       528
05:34:51 PM    395492   1667196     80.83     71960    685564    984108     38.07    809612    792852       560
05:34:52 PM    395400   1667288     80.83     71960    685676    984108     38.07    809776    792856       672
05:34:53 PM    395276   1667412     80.84     71960    685716    984108     38.07    809828    792856       712
05:34:54 PM    394252   1668436     80.89     71964    685824    984108     38.07    810964    792856       824
05:34:55 PM    393476   1669212     80.92     71964    685940    984108     38.07    811464    792860        56
05:34:56 PM    393500   1669188     80.92     71964    686024    984108     38.07    811592    792860       120
05:34:57 PM    393540   1669148     80.92     71964    686076    984108     38.07    811732    792860       180
05:34:58 PM    393104   1669584     80.94     71964    686124    984108     38.07    812028    792852       232
05:34:59 PM    391648   1671040     81.01     71968    686220    984108     38.07    813072    792852       384
05:35:00 PM    391424   1671264     81.02     71968    686304    984108     38.07    813288    792852       452
05:35:01 PM    390776   1671912     81.06     71968    686396    984108     38.07    813700    792856       544
05:35:02 PM    390696   1671992     81.06     71968    686536    984108     38.07    813932    792852       692
05:35:03 PM    390564   1672124     81.07     71968    686604    984108     38.07    814104    792852       760
05:35:04 PM    390184   1672504     81.08     71972    686712    984108     38.07    814704    792852       872
05:35:05 PM    389820   1672868     81.10     71972    686820    984108     38.07    814824    792856      1004
05:35:06 PM    389316   1673372     81.13     71972    686940    984108     38.07    815488    792860      1124
05:35:07 PM    388820   1673868     81.15     71972    687020    984108     38.07    815724    792852      1204
05:35:08 PM    388136   1674552     81.18     71972    687116    984108     38.07    816152    792852      1300
05:35:09 PM    387932   1674756     81.19     71980    687252    984108     38.07    816556    792852      1444
05:35:10 PM    387796   1674892     81.20     71980    687368    984108     38.07    816572    792852      1552
05:35:11 PM    387516   1675172     81.21     71980    687412    984108     38.07    816768    792852      1596
05:35:12 PM    387268   1675420     81.23     71980    687520    984108     38.07    816936    792852      1704
05:35:13 PM    387168   1675520     81.23     71980    687596    984108     38.07    817100    792856      1780
05:35:14 PM    387072   1675616     81.23     71988    687740    984108     38.07    817276    792860      1924
05:35:15 PM    386584   1676104     81.26     71988    687804    984108     38.07    817804    792860      1988
05:35:16 PM    384452   1678236     81.36     71988    687964    984108     38.07    820108    792860      2148
05:35:17 PM    382096   1680592     81.48     71988    688048    984108     38.07    822472    792856      2232
05:35:18 PM    380144   1682544     81.57     71988    688176    984108     38.07    824488    792852      2360
05:35:19 PM    377540   1685148     81.70     71992    688264    984108     38.07    827000    792852      2448
05:35:20 PM    374780   1687908     81.83     71992    688392    984108     38.07    829724    792852      2576
05:35:21 PM    372704   1689984     81.93     71992    688500    984108     38.07    831948    792856      2684
05:35:22 PM    370936   1691752     82.02     71992    688608    984108     38.07    833580    792856      2792
05:35:23 PM    369232   1693456     82.10     71992    688712    984108     38.07    835300    792860      2896
05:35:24 PM    367496   1695192     82.18     71996    688820    984108     38.07    836932    792856      3004
05:35:25 PM    365232   1697456     82.29     71996    688916    984108     38.07    839028    792852      3096
05:35:26 PM    361544   1701144     82.47     71996    689020    984108     38.07    842900    792852      3204
05:35:27 PM    358412   1704276     82.62     71996    689132    984108     38.07    846136    792852      3316
05:35:28 PM    355220   1707468     82.78     71996    689244    984108     38.07    849372    792860      3428
05:35:29 PM    352492   1710196     82.91     72000    689336    984108     38.07    852124    792856      3520
05:35:30 PM    349020   1713668     83.08     72000    689448    984108     38.07    855220    792860        72
05:35:31 PM    348896   1713792     83.09     72000    689504    984108     38.07    855280    792856       140
05:35:32 PM    348772   1713916     83.09     72000    689652    984108     38.07    855432    792852       292
05:35:33 PM    348616   1714072     83.10     72000    689748    984108     38.07    855532    792856       388
05:35:34 PM    348400   1714288     83.11     72004    689844    984108     38.07    855628    792852       484
05:35:35 PM    348368   1714320     83.11     72004    689904    984108     38.07    855704    792856       568
05:35:36 PM    348368   1714320     83.11     72004    690036    984108     38.07    855840    792852       700
05:35:37 PM    348252   1714436     83.12     72004    690132    984108     38.07    855948    792852       796
05:35:38 PM    348236   1714452     83.12     72004    690188    984108     38.07    855972    792852       852
05:35:39 PM    347904   1714784     83.13     72008    690328    984108     38.07    856172    792852      1004
05:35:40 PM    347864   1714824     83.14     72008    690424    984108     38.07    856248    792852      1100
05:35:41 PM    347856   1714832     83.14     72008    690520    984108     38.07    856320    792852      1196
05:35:42 PM    347872   1714816     83.14     72008    690616    984108     38.07    856536    792852      1292
05:35:43 PM    347780   1714908     83.14     72008    690716    984108     38.07    856512    792856      1392
05:35:44 PM    347632   1715056     83.15     72012    690812    984108     38.07    856516    792856      1488
05:35:45 PM    347936   1714752     83.13     72012    690916    984108     38.07    856268    792856      1592
Average:       396891   1665797     80.76     71939    685903    984108     38.07    808120    792855       866
