Linux 4.4.0-31-generic (dpi-suricata) 	12/08/2017 	_i686_	(1 CPU)

02:52:16 PM kbmemfree kbmemused  %memused kbbuffers  kbcached  kbcommit   %commit  kbactive   kbinact   kbdirty
02:52:17 PM    459356   1603332     77.73     90768    444872   1236448     47.83   1436704    104520       720
02:52:18 PM    458984   1603704     77.75     90768    444960   1236448     47.83   1436836    104500       812
02:52:19 PM    459108   1603580     77.74     90768    445040   1236448     47.83   1436936    104496       892
02:52:20 PM    458984   1603704     77.75     90768    445128   1236448     47.83   1436992    104496       980
02:52:21 PM    717944   1344744     65.19     90776    445256    992612     38.40   1182196    104496      1168
02:52:22 PM    718092   1344596     65.19     90776    445332    992612     38.40   1182544    104460      1244
02:52:23 PM    716636   1346052     65.26     90776    445408    992612     38.40   1183988    104468      1320
02:52:24 PM    715300   1347388     65.32     90776    445476    992612     38.40   1185224    104464      1388
02:52:25 PM    714216   1348472     65.37     90776    445560    992612     38.40   1186412    104464      1472
02:52:26 PM    713008   1349680     65.43     90780    445616    992612     38.40   1187604    104464      1532
02:52:27 PM    712172   1350516     65.47     90780    445708    992612     38.40   1188684    104464      1620
02:52:28 PM    710776   1351912     65.54     90780    445776    992612     38.40   1190036    104464      1688
02:52:29 PM    709724   1352964     65.59     90780    445860    992612     38.40   1191060    104468      1772
02:52:30 PM    708204   1354484     65.67     90780    445932    992612     38.40   1192692    104464      1844
02:52:31 PM    707244   1355444     65.71     90788    446024    992612     38.40   1193576    104464      1944
02:52:32 PM    706248   1356440     65.76     90788    446120    992612     38.40   1194504    104468      2032
02:52:33 PM    705752   1356936     65.78     90788    446208    992612     38.40   1195048    104472      2120
02:52:34 PM    705068   1357620     65.82     90788    446288    992612     38.40   1195464    104464      2200
02:52:35 PM    704232   1358456     65.86     90788    446364    992612     38.40   1196180    104464      2272
02:52:36 PM    704204   1358484     65.86     90788    446460    992612     38.40   1196340    104464      2368
02:52:37 PM    703620   1359068     65.89     90788    446568    992612     38.40   1196960    104480      2476
02:52:38 PM    702996   1359692     65.92     90788    446652    992612     38.40   1197228    104476      2560
02:52:39 PM    702008   1360680     65.97     90788    446732    992612     38.40   1198204    104480      2640
02:52:40 PM    701636   1361052     65.98     90788    446828    992612     38.40   1198688    104508      2736
02:52:41 PM    701200   1361488     66.01     90788    446824    992612     38.40   1199076    104504      2732
02:52:42 PM    700620   1362068     66.03     90788    446856    992612     38.40   1199892    104504      2764
02:52:43 PM    699672   1363016     66.08     90788    446880    992612     38.40   1200804    104508      2788
02:52:44 PM    699464   1363224     66.09     90788    446904    992612     38.40   1200776    104504       604
02:52:45 PM    699184   1363504     66.10     90788    446928    992612     38.40   1201248    104504       644
02:52:46 PM    698720   1363968     66.13     90796    446968    992612     38.40   1201752    104512       692
02:52:47 PM    697944   1364744     66.16     90796    447004    992612     38.40   1202528    104508       728
02:52:48 PM    697668   1365020     66.18     90796    447048    992612     38.40   1202944    104508       772
02:52:49 PM    697296   1365392     66.19     90796    447080    992612     38.40   1203264    104504        84
02:52:50 PM    696676   1366012     66.22     90796    447108    992612     38.40   1203848    104504       132
02:52:51 PM    696208   1366480     66.25     90804    447132    992612     38.40   1203964    104504       236
02:52:52 PM    696148   1366540     66.25     90804    447164    992612     38.40   1204180    104508       248
02:52:53 PM    695748   1366940     66.27     90804    447184    992612     38.40   1204736    104504       268
02:52:54 PM    695284   1367404     66.29     90804    447208    992612     38.40   1204980    104504       292
02:52:55 PM    695072   1367616     66.30     90804    447228    992612     38.40   1205444    104504       312
02:52:56 PM    694668   1368020     66.32     90808    447244    992612     38.40   1205672    104508       332
02:52:57 PM    694360   1368328     66.34     90808    447268    992612     38.40   1206084    104504       352
02:52:58 PM    693056   1369632     66.40     90808    447296    992612     38.40   1207276    104504       380
02:52:59 PM    692872   1369816     66.41     90808    447324    992612     38.40   1207536    104504       408
02:53:00 PM    692436   1370252     66.43     90808    447356    992612     38.40   1207948    104504       440
02:53:01 PM    691808   1370880     66.46     90808    447384    992612     38.40   1208656    104508       468
02:53:02 PM    691568   1371120     66.47     90808    447404    992612     38.40   1208944    104504       488
02:53:03 PM    691288   1371400     66.49     90808    447432    992612     38.40   1209044    104504       516
02:53:04 PM    691164   1371524     66.49     90808    447452    992612     38.40   1209512    104504       536
02:53:05 PM    690792   1371896     66.51     90808    447488    992612     38.40   1209820    104512       572
02:53:06 PM    690232   1372456     66.54     90816    447504    992612     38.40   1210200    104508       596
02:53:07 PM    690020   1372668     66.55     90816    447544    992612     38.40   1210608    104508       628
02:53:08 PM    689460   1373228     66.57     90816    447560    992612     38.40   1211140    104508       644
02:53:09 PM    688500   1374188     66.62     90816    447584    992612     38.40   1212292    104508       668
02:53:10 PM    687876   1374812     66.65     90816    447608    992612     38.40   1212692    104504       692
02:53:11 PM    687260   1375428     66.68     90820    447628    992612     38.40   1213456    104504       716
02:53:12 PM    686208   1376480     66.73     90820    447660    992612     38.40   1214476    104504       744
02:53:13 PM    685932   1376756     66.75     90820    447688    992612     38.40   1215056    104504       772
02:53:14 PM    685152   1377536     66.78     90820    447716    992612     38.40   1215572    104504       800
02:53:15 PM    684844   1377844     66.80     90820    447744    992612     38.40   1215904    104504       828
02:53:16 PM    684564   1378124     66.81     90828    447752    992612     38.40   1215976    104504       844
02:53:17 PM    683848   1378840     66.85     90828    447792    992612     38.40   1216456    104508       876
02:53:18 PM    683512   1379176     66.86     90828    447812    992612     38.40   1217108    104504       896
02:53:19 PM    682580   1380108     66.91     90828    447840    992612     38.40   1217892    104508       552
02:53:20 PM    682272   1380416     66.92     90828    447868    992612     38.40   1218360    104504       584
02:53:21 PM    681300   1381388     66.97     90836    447896    992612     38.40   1219200    104508       620
02:53:22 PM    680936   1381752     66.99     90836    447932    992612     38.40   1219764    104508       652
02:53:23 PM    680292   1382396     67.02     90836    447960    992612     38.40   1220696    104504       680
02:53:24 PM    679580   1383108     67.05     90836    447984    992612     38.40   1221300    104504        36
02:53:25 PM    679236   1383452     67.07     90836    448016    992612     38.40   1221372    104504       120
02:53:26 PM    679332   1383356     67.07     90840    448040    992612     38.40   1221404    104504       148
02:53:27 PM    679020   1383668     67.08     90840    448076    992612     38.40   1221788    104504       216
02:53:28 PM    678928   1383760     67.09     90840    448104    992612     38.40   1222044    104504       244
02:53:29 PM    678588   1384100     67.10     90840    448144    992612     38.40   1222472    104508       284
02:53:30 PM    678308   1384380     67.12     90840    448172    992612     38.40   1222496    104504       312
02:53:31 PM    678212   1384476     67.12     90844    448196    992612     38.40   1222568    104504       340
02:53:32 PM    678028   1384660     67.13     90844    448220    992612     38.40   1222868    104504       360
02:53:33 PM    677500   1385188     67.15     90844    448252    992612     38.40   1223232    104504       392
02:53:34 PM    677316   1385372     67.16     90844    448296    992612     38.40   1223452    104508       436
02:53:35 PM    677036   1385652     67.18     90844    448332    992612     38.40   1223708    104508       472
02:53:36 PM    676604   1386084     67.20     90852    448356    992612     38.40   1224428    104504       504
02:53:37 PM    676200   1386488     67.22     90852    448404    992612     38.40   1224840    104512       548
02:53:38 PM    675920   1386768     67.23     90852    448440    992612     38.40   1224992    104504       584
02:53:39 PM    675672   1387016     67.24     90852    448472    992612     38.40   1225316    104504       616
02:53:40 PM    675112   1387576     67.27     90852    448516    992612     38.40   1225912    104512       660
02:53:41 PM    674676   1388012     67.29     90860    448544    992612     38.40   1226264    104504       696
02:53:42 PM    674508   1388180     67.30     90860    448592    992612     38.40   1226660    104504       736
02:53:43 PM    674308   1388380     67.31     90860    448624    992612     38.40   1226608    104504       768
02:53:44 PM    674276   1388412     67.31     90860    448656    992612     38.40   1226816    104504         0
02:53:45 PM    674248   1388440     67.31     90860    448692    992612     38.40   1226900    104504        60
02:53:46 PM    673472   1389216     67.35     90864    448720    992612     38.40   1227724    104504        92
02:53:47 PM    672884   1389804     67.38     90864    448780    992612     38.40   1228404    104508       180
02:53:48 PM    672384   1390304     67.40     90864    448820    992612     38.40   1228884    104504       224
02:53:49 PM    671856   1390832     67.43     90864    448860    992612     38.40   1229216    104504       264
02:53:50 PM    671952   1390736     67.42     90864    448900    992612     38.40   1229352    104504       304
02:53:51 PM    671612   1391076     67.44     90872    448932    992612     38.40   1229708    104504       344
02:53:52 PM    671112   1391576     67.46     90872    448988    992612     38.40   1229884    104504       392
02:53:53 PM    670740   1391948     67.48     90872    449024    992612     38.40   1230328    104504       428
02:53:54 PM    670308   1392380     67.50     90872    449120    992612     38.40   1230676    104508       524
02:53:55 PM    669996   1392692     67.52     90872    449116    992612     38.40   1230952    104508       520
02:53:56 PM    670124   1392564     67.51     90880    449144    992612     38.40   1230972    104508       556
02:53:57 PM    670032   1392656     67.52     90880    449180    992612     38.40   1231096    104508       588
02:53:58 PM    669716   1392972     67.53     90880    449220    992612     38.40   1231284    104504       628
02:53:59 PM    669408   1393280     67.55     90880    449252    992612     38.40   1231612    104504       660
02:54:00 PM    669504   1393184     67.54     90880    449280    992612     38.40   1231676    104504       688
02:54:01 PM    669140   1393548     67.56     90884    449324    992612     38.40   1232160    104504       736
02:54:02 PM    668912   1393776     67.57     90884    449360    992612     38.40   1232360    104504       768
02:54:03 PM    668168   1394520     67.61     90884    449392    992612     38.40   1233120    104508       800
02:54:04 PM    667868   1394820     67.62     90884    449440    992612     38.40   1233388    104504       848
02:54:05 PM    667280   1395408     67.65     90884    449476    992612     38.40   1234248    104504       884
02:54:06 PM    666660   1396028     67.68     90888    449520    992612     38.40   1234668    104508       932
02:54:07 PM    666100   1396588     67.71     90888    449556    992612     38.40   1235196    104504       964
02:54:08 PM    665572   1397116     67.73     90888    449600    992612     38.40   1235672    104504      1008
02:54:09 PM    665172   1397516     67.75     90888    449688    992612     38.40   1235948    104508      1096
02:54:10 PM    665048   1397640     67.76     90888    449696    992612     38.40   1236032    104504      1104
02:54:11 PM    665016   1397672     67.76     90896    449732    992612     38.40   1236164    104504      1148
02:54:12 PM    664860   1397828     67.77     90896    449796    992612     38.40   1236296    104504      1204
02:54:13 PM    664736   1397952     67.77     90896    449836    992612     38.40   1236316    104504      1244
02:54:14 PM    664300   1398388     67.79     90896    449876    992612     38.40   1236676    104504       552
02:54:15 PM    664180   1398508     67.80     90896    449936    992612     38.40   1236944    104504       596
02:54:16 PM    663840   1398848     67.82     90900    449980    992612     38.40   1237404    104516       644
02:54:17 PM    663156   1399532     67.85     90900    450036    992612     38.40   1238168    104520       696
02:54:18 PM    662380   1400308     67.89     90900    450084    992612     38.40   1238624    104516       744
02:54:19 PM    662192   1400496     67.90     90900    450112    992612     38.40   1238796    104516       168
02:54:20 PM    661936   1400752     67.91     90900    450148    992612     38.40   1239228    104516       208
02:54:21 PM    661888   1400800     67.91     90904    450168    992612     38.40   1239428    104516       232
02:54:22 PM    661640   1401048     67.92     90904    450220    992612     38.40   1239720    104524       280
02:54:23 PM    661392   1401296     67.94     90904    450240    992612     38.40   1239760    104516       328
02:54:24 PM    661392   1401296     67.94     90904    450280    992612     38.40   1239804    104516       372
02:54:25 PM    661268   1401420     67.94     90904    450312    992612     38.40   1239832    104520       404
02:54:26 PM    661236   1401452     67.94     90912    450340    992612     38.40   1239868    104520       440
02:54:27 PM    661268   1401420     67.94     90912    450372    992612     38.40   1239904    104520       472
02:54:28 PM    661112   1401576     67.95     90912    450392    992612     38.40   1239928    104516       492
02:54:29 PM    661020   1401668     67.95     90912    450420    992612     38.40   1239952    104520       520
02:54:30 PM    661112   1401576     67.95     90912    450452    992612     38.40   1239988    104520       552
02:54:31 PM    661112   1401576     67.95     90916    450472    992612     38.40   1240020    104516       576
02:54:32 PM    661144   1401544     67.95     90916    450508    992612     38.40   1240056    104516       608
02:54:33 PM    661144   1401544     67.95     90916    450532    992612     38.40   1240076    104516       632
02:54:34 PM    661112   1401576     67.95     90916    450564    992612     38.40   1240104    104516       664
02:54:35 PM    661144   1401544     67.95     90916    450592    992612     38.40   1240044    104520       692
02:54:36 PM    661116   1401572     67.95     90916    450620    992612     38.40   1239988    104516       720
Average:       675611   1387077     67.25     90841    448128    999579     38.67   1225085    104502       797
