Linux 4.4.0-31-generic (dpi-suricata) 	12/08/2017 	_i686_	(1 CPU)

05:25:51 PM kbmemfree kbmemused  %memused kbbuffers  kbcached  kbcommit   %commit  kbactive   kbinact   kbdirty
05:25:52 PM    436224   1626464     78.85     81228    702984    984108     38.07    781360    781408       464
05:25:53 PM    436132   1626556     78.86     81228    703008    984108     38.07    781400    781392       488
05:25:54 PM    435444   1627244     78.89     81228    703024    984108     38.07    781460    781388       504
05:25:55 PM    435496   1627192     78.89     81228    703048    984108     38.07    781452    781388       528
05:25:56 PM    435464   1627224     78.89     81232    703076    984108     38.07    781480    781388       608
05:25:57 PM    434968   1627720     78.91     81232    703116    984108     38.07    782464    781388       648
05:25:58 PM    433108   1629580     79.00     81232    703164    984108     38.07    784272    781388       696
05:25:59 PM    431372   1631316     79.09     81232    703200    984108     38.07    786060    781392       732
05:26:00 PM    429420   1633268     79.18     81232    703236    984108     38.07    787904    781392       768
05:26:01 PM    427776   1634912     79.26     81236    703272    984108     38.07    789600    781388       804
05:26:02 PM    426072   1636616     79.34     81236    703312    984108     38.07    791332    781388       844
05:26:03 PM    424088   1638600     79.44     81236    703344    984108     38.07    793216    781388         0
05:26:04 PM    421720   1640968     79.55     81236    703388    984108     38.07    795144    781388        96
05:26:05 PM    420416   1642272     79.62     81236    703424    984108     38.07    797064    781388       132
05:26:06 PM    418540   1644148     79.71     81240    703468    984108     38.07    798696    781396       216
05:26:07 PM    416960   1645728     79.79     81240    703512    984108     38.07    800384    781400       260
05:26:08 PM    414756   1647932     79.89     81240    703548    984108     38.07    802788    781392       296
05:26:09 PM    412232   1650456     80.01     81240    703576    984108     38.07    805040    781392       324
05:26:10 PM    409640   1653048     80.14     81240    703608    984108     38.07    807624    781392       356
05:26:11 PM    407656   1655032     80.24     81244    703644    984108     38.07    809792    781388       396
05:26:12 PM    404888   1657800     80.37     81244    703680    984108     38.07    812436    781392       432
05:26:13 PM    402976   1659712     80.46     81244    703708    984108     38.07    814460    781396       460
05:26:14 PM    400084   1662604     80.60     81244    703740    984108     38.07    817092    781392       492
05:26:15 PM    398332   1664356     80.69     81244    703776    984108     38.07    818852    781392       528
05:26:16 PM    395876   1666812     80.81     81252    703816    984108     38.07    821256    781396       572
05:26:18 PM    395356   1667332     80.83     81252    703848    984108     38.07    821876    781392       604
05:26:19 PM    394480   1668208     80.88     81252    703868    984108     38.07    822688    781392       624
05:26:20 PM    393620   1669068     80.92     81252    703896    984108     38.07    823856    781388       652
05:26:21 PM    392164   1670524     80.99     81260    703928    984108     38.07    825112    781388       692
05:26:22 PM    390924   1671764     81.05     81260    703960    984108     38.07    826232    781388       716
05:26:23 PM    389808   1672880     81.10     81260    703988    984108     38.07    827400    781392       744
05:26:24 PM    388312   1674376     81.17     81260    704028    984108     38.07    829108    781388       784
05:26:25 PM    387512   1675176     81.21     81260    704060    984108     38.07    829916    781392       816
05:26:26 PM    385340   1677348     81.32     81268    704100    984108     38.07    831828    781388       864
05:26:27 PM    384300   1678388     81.37     81268    704144    984108     38.07    832836    781388       900
05:26:28 PM    383404   1679284     81.41     81268    704184    984108     38.07    833456    781396       940
05:26:29 PM    383204   1679484     81.42     81268    704208    984108     38.07    833992    781400       964
05:26:30 PM    382600   1680088     81.45     81268    704232    984108     38.07    834348    781396       988
05:26:31 PM    382344   1680344     81.46     81276    704244    984108     38.07    834612    781392      1008
05:26:32 PM    382064   1680624     81.48     81276    704268    984108     38.07    834824    781392      1028
05:26:33 PM    382088   1680600     81.48     81276    704292    984108     38.07    835020    781392      1052
05:26:34 PM    381716   1680972     81.49     81276    704312    984108     38.07    835156    781396       136
05:26:35 PM    381288   1681400     81.51     81276    704336    984108     38.07    835728    781388       140
05:26:36 PM    381312   1681376     81.51     81280    704360    984108     38.07    835676    781392       176
05:26:37 PM    381032   1681656     81.53     81280    704388    984108     38.07    835700    781392       200
05:26:38 PM    378340   1684348     81.66     81280    704412    984108     38.07    835940    781392       224
05:26:39 PM    380420   1682268     81.56     81280    704436    984108     38.07    835884    781392       132
05:26:40 PM    380396   1682292     81.56     81280    704452    984108     38.07    836124    781392       180
05:26:41 PM    380436   1682252     81.56     81280    704476    984108     38.07    836168    781396       208
05:26:42 PM    380280   1682408     81.56     81288    704492    984108     38.07    836448    781396       240
05:26:43 PM    380064   1682624     81.57     81288    704520    984108     38.07    836552    781392       268
05:26:44 PM    380192   1682496     81.57     81288    704540    984108     38.07    836524    781396       288
05:26:45 PM    380216   1682472     81.57     81288    704568    984108     38.07    836612    781396       316
05:26:46 PM    379944   1682744     81.58     81288    704588    984108     38.07    836592    781396       336
05:26:47 PM    379976   1682712     81.58     81296    704608    984108     38.07    836936    781396       364
05:26:48 PM    377432   1685256     81.70     81296    704624    984108     38.07    837012    781392       380
05:26:49 PM    379016   1683672     81.63     81296    704648    984108     38.07    837584    781392       404
05:26:50 PM    378964   1683724     81.63     81296    704664    984108     38.07    837720    781392       420
05:26:51 PM    378600   1684088     81.65     81296    704692    984108     38.07    838116    781388       448
05:26:52 PM    378104   1684584     81.67     81300    704708    984108     38.07    838460    781392       464
05:26:53 PM    377948   1684740     81.68     81300    704728    984108     38.07    838508    781388       484
05:26:54 PM    377924   1684764     81.68     81300    704744    984108     38.07    838528    781388       500
05:26:55 PM    377724   1684964     81.69     81300    704764    984108     38.07    838736    781388       520
05:26:56 PM    377660   1685028     81.69     81300    704784    984108     38.07    838948    781388       540
05:26:57 PM    377484   1685204     81.70     81304    704812    984108     38.07    839216    781392       568
05:26:58 PM    376988   1685700     81.72     81304    704840    984108     38.07    839260    781396       596
05:26:59 PM    376732   1685956     81.74     81304    704864    984108     38.07    839576    781392        16
05:27:00 PM    376800   1685888     81.73     81304    704888    984108     38.07    839668    781392        44
05:27:01 PM    376872   1685816     81.73     81304    704908    984108     38.07    839720    781392        80
05:27:02 PM    376592   1686096     81.74     81308    704928    984108     38.07    839768    781392       132
05:27:03 PM    376376   1686312     81.75     81308    704948    984108     38.07    839832    781392       152
05:27:04 PM    375940   1686748     81.77     81308    704968    984108     38.07    840252    781392       172
05:27:05 PM    375948   1686740     81.77     81308    705008    984108     38.07    840324    781396       216
05:27:06 PM    375968   1686720     81.77     81308    705032    984108     38.07    840340    781396       240
05:27:07 PM    375688   1687000     81.79     81312    705056    984108     38.07    840788    781396       264
05:27:08 PM    375256   1687432     81.81     81312    705076    984108     38.07    841320    781396       284
05:27:09 PM    372860   1689828     81.92     81312    705112    984108     38.07    843372    781392       320
05:27:10 PM    372056   1690632     81.96     81312    705140    984108     38.07    844208    781400       348
05:27:11 PM    371744   1690944     81.98     81316    705176    984108     38.07    844660    781392       388
05:27:12 PM    371372   1691316     82.00     81316    705220    984108     38.07    844876    781392       436
05:27:13 PM    371280   1691408     82.00     81316    705236    984108     38.07    845088    781388       452
05:27:14 PM    371000   1691688     82.01     81316    705284    984108     38.07    845184    781392       500
05:27:15 PM    370820   1691868     82.02     81316    705320    984108     38.07    845448    781392       536
05:27:16 PM    370660   1692028     82.03     81324    705348    984108     38.07    845756    781396       572
05:27:17 PM    370404   1692284     82.04     81324    705372    984108     38.07    845996    781396       588
05:27:18 PM    369976   1692712     82.06     81324    705484    984108     38.07    846416    781392       700
05:27:19 PM    369352   1693336     82.09     81324    705548    984108     38.07    846672    781392       764
05:27:20 PM    369252   1693436     82.10     81324    705572    984108     38.07    847040    781388       788
05:27:21 PM    369292   1693396     82.10     81328    705648    984108     38.07    847040    781388       868
05:27:22 PM    368856   1693832     82.12     81332    705764    984108     38.07    847376    781396       980
05:27:23 PM    368504   1694184     82.13     81332    705856    984108     38.07    847588    781396      1072
05:27:24 PM    368292   1694396     82.15     81332    705876    984108     38.07    847756    781396      1092
05:27:25 PM    368276   1694412     82.15     81332    705976    984108     38.07    848084    781392      1192
05:27:26 PM    368300   1694388     82.14     81340    706072    984108     38.07    847936    781392      1296
05:27:27 PM    368136   1694552     82.15     81340    706092    984108     38.07    848100    781388      1308
05:27:28 PM    367856   1694832     82.17     81340    706208    984108     38.07    848292    781388      1424
05:27:29 PM    367632   1695056     82.18     81340    706324    984108     38.07    848596    781388      1540
05:27:30 PM    367296   1695392     82.19     81340    706420    984108     38.07    848864    781392      1592
05:27:31 PM    367116   1695572     82.20     81348    706504    984108     38.07    849212    781388      1696
05:27:32 PM    366920   1695768     82.21     81348    706616    984108     38.07    849132    781392      1800
05:27:33 PM    366732   1695956     82.22     81348    706716    984108     38.07    849576    781388      1900
05:27:34 PM    366360   1696328     82.24     81348    706816    984108     38.07    849696    781388         0
05:27:35 PM    365908   1696780     82.26     81348    706896    984108     38.07    850212    781388       172
05:27:36 PM    365920   1696768     82.26     81352    707008    984108     38.07    850384    781388       240
05:27:37 PM    365812   1696876     82.27     81356    707108    984108     38.07    850340    781392       376
05:27:38 PM    365748   1696940     82.27     81356    707212    984108     38.07    850516    781392       480
05:27:39 PM    365236   1697452     82.29     81356    707336    984108     38.07    850552    781392       604
05:27:40 PM    364992   1697696     82.31     81356    707404    984108     38.07    851008    781392       672
05:27:41 PM    364908   1697780     82.31     81364    707476    984108     38.07    851088    781392       752
05:27:42 PM    363016   1699672     82.40     81364    707596    984108     38.07    853060    781396       868
05:27:43 PM    360568   1702120     82.52     81364    707744    984108     38.07    855480    781388      1016
05:27:44 PM    357872   1704816     82.65     81364    707812    984108     38.07    858160    781392      1084
05:27:45 PM    355640   1707048     82.76     81364    707932    984108     38.07    860192    781392      1204
05:27:46 PM    353376   1709312     82.87     81372    708072    984108     38.07    862540    781392      1352
05:27:47 PM    351176   1711512     82.97     81372    708148    984108     38.07    865344    781396      1420
05:27:48 PM    349316   1713372     83.07     81372    708248    984108     38.07    867116    781392      1520
05:27:49 PM    346800   1715888     83.19     81372    708344    984108     38.07    869316    781388      1616
05:27:50 PM    345028   1717660     83.27     81372    708440    984108     38.07    870788    781392      1712
05:27:51 PM    343732   1718956     83.34     81380    708544    984108     38.07    872564    781388      1824
05:27:52 PM    340508   1722180     83.49     81380    708652    984108     38.07    875560    781392      1924
05:27:53 PM    336416   1726272     83.69     81380    708760    984108     38.07    879648    781392      2032
05:27:54 PM    333440   1729248     83.83     81380    708872    984108     38.07    882504    781392      2144
05:27:55 PM    330308   1732380     83.99     81380    708972    984108     38.07    885668    781396      2244
05:27:56 PM    327356   1735332     84.13     81388    709096    984108     38.07    888892    781388      2324
05:27:57 PM    323604   1739084     84.31     81388    709164    984108     38.07    892164    781388      2436
05:27:58 PM    323644   1739044     84.31     81388    709276    984108     38.07    892264    781396      2548
05:27:59 PM    323076   1739612     84.34     81388    709360    984108     38.07    892408    781388      2632
05:28:00 PM    323028   1739660     84.34     81388    709472    984108     38.07    892432    781392      2744
05:28:01 PM    323052   1739636     84.34     81396    709500    984108     38.07    892564    781400      2780
05:28:02 PM    322904   1739784     84.35     81396    709692    984108     38.07    892640    781392      2964
05:28:03 PM    322812   1739876     84.35     81396    709772    984108     38.07    892780    781396      3044
05:28:04 PM    322760   1739928     84.35     81412    709908    984108     38.07    892912    781388      3144
05:28:05 PM    322672   1740016     84.36     81412    709968    984108     38.07    893028    781388      3208
05:28:06 PM    322564   1740124     84.36     81416    710068    984108     38.07    893072    781388      3312
05:28:07 PM    322596   1740092     84.36     81416    710168    984108     38.07    893208    781388      3424
05:28:08 PM    322432   1740256     84.37     81416    710268    984108     38.07    893304    781388      3524
05:28:09 PM    311268   1751420     84.91     81416    710360    984108     38.07    904152    781388         8
05:28:10 PM    311224   1751464     84.91     81416    710464    984108     38.07    904252    781392       120
05:28:11 PM    311332   1751356     84.91     81420    710476    984108     38.07    904160    781392       144
05:28:12 PM    311428   1751260     84.90     81420    710600    984108     38.07    904344    781392       300
Average:       374476   1688212     81.85     81312    705707    984108     38.07    842014    781392       880
