Linux 4.4.0-31-generic (fw-suricata) 	12/08/2017 	_i686_	(1 CPU)

05:45:58 PM kbmemfree kbmemused  %memused kbbuffers  kbcached  kbcommit   %commit  kbactive   kbinact   kbdirty
05:45:59 PM    626760   1435928     69.61    110240   1053116    744916     28.82   1257792    114844      1920
05:46:00 PM    626528   1436160     69.63    110240   1053172    744916     28.82   1257884    114824      1976
05:46:01 PM    626544   1436144     69.62    110240   1053236    744916     28.82   1257956    114820      2040
05:46:02 PM    626404   1436284     69.63    110244   1053296    744916     28.82   1258008    114824      2144
05:46:03 PM    626420   1436268     69.63    110260   1053340    744916     28.82   1258064    114824       176
05:46:04 PM    626404   1436284     69.63    110260   1053408    744916     28.82   1258144    114820       184
05:46:05 PM    626296   1436392     69.64    110260   1053468    744916     28.82   1258204    114820       244
05:46:06 PM    626156   1436532     69.64    110260   1053520    744916     28.82   1258256    114820       300
05:46:07 PM    626140   1436548     69.64    110268   1053584    744916     28.82   1258336    114820       416
05:46:08 PM    626188   1436500     69.64    110268   1053640    744916     28.82   1258400    114820       512
05:46:09 PM    626016   1436672     69.65    110268   1053704    744916     28.82   1258456    114820       576
05:46:10 PM    626064   1436624     69.65    110268   1053756    744916     28.82   1258524    114820       628
05:46:11 PM    626016   1436672     69.65    110268   1053816    744916     28.82   1258568    114820       688
05:46:12 PM    625940   1436748     69.65    110268   1053872    744916     28.82   1258612    114820       756
05:46:13 PM    625892   1436796     69.66    110268   1053936    744916     28.82   1258676    114824       820
05:46:14 PM    625816   1436872     69.66    110268   1054004    744916     28.82   1258740    114828       888
05:46:15 PM    625768   1436920     69.66    110268   1054064    744916     28.82   1258828    114816       948
05:46:16 PM    625692   1436996     69.67    110268   1054120    744916     28.82   1258880    114816      1004
05:46:17 PM    625676   1437012     69.67    110272   1054180    744916     28.82   1258928    114816      1064
05:46:18 PM    625660   1437028     69.67    110272   1054236    744916     28.82   1259008    114816      1120
05:46:19 PM    625676   1437012     69.67    110272   1054292    744916     28.82   1259048    114816      1168
05:46:20 PM    625552   1437136     69.67    110272   1054348    744916     28.82   1259108    114816      1224
05:46:21 PM    625404   1437284     69.68    110272   1054408    744916     28.82   1259176    114816      1284
05:46:22 PM    625284   1437404     69.69    110276   1054472    744916     28.82   1259244    114824      1360
05:46:23 PM    625148   1437540     69.69    110276   1054532    744916     28.82   1259288    114824      1420
05:46:24 PM    625024   1437664     69.70    110276   1054588    744916     28.82   1259336    114824      1472
05:46:25 PM    624916   1437772     69.70    110276   1054632    744916     28.82   1259412    114820      1516
05:46:26 PM    625036   1437652     69.70    110276   1054688    744916     28.82   1259496    114820      1572
05:46:27 PM    624900   1437788     69.70    110280   1054748    744916     28.82   1259512    114820      1632
05:46:28 PM    624808   1437880     69.71    110280   1054808    744916     28.82   1259556    114820      1692
05:46:29 PM    624652   1438036     69.72    110280   1054872    744916     28.82   1259656    114820      1744
05:46:30 PM    624772   1437916     69.71    110280   1054936    744916     28.82   1259728    114828      1808
05:46:31 PM    624652   1438036     69.72    110280   1055008    744916     28.82   1259828    114820      1880
05:46:32 PM    624560   1438128     69.72    110284   1055060    744916     28.82   1259860    114820      1932
05:46:33 PM    624536   1438152     69.72    110284   1055128    744916     28.82   1259924    114820      1512
05:46:34 PM    624552   1438136     69.72    110284   1055184    744916     28.82   1259976    114824      1520
05:46:35 PM    624536   1438152     69.72    110284   1055244    744916     28.82   1260040    114820      1604
05:46:36 PM    624304   1438384     69.73    110284   1055300    744916     28.82   1260104    114820      1660
05:46:37 PM    624288   1438400     69.73    110288   1055360    744916     28.82   1260164    114824      1720
05:46:38 PM    624328   1438360     69.73    110288   1055412    744916     28.82   1260208    114820       180
05:46:39 PM    624280   1438408     69.73    110288   1055472    744916     28.82   1260256    114820       164
05:46:40 PM    624148   1438540     69.74    110288   1055532    744916     28.82   1260336    114824       224
05:46:41 PM    624040   1438648     69.75    110288   1055588    744916     28.82   1260420    114820       280
05:46:42 PM    624080   1438608     69.74    110292   1055652    744916     28.82   1260484    114820       424
05:46:43 PM    624032   1438656     69.75    110292   1055708    744916     28.82   1260532    114816       484
05:46:44 PM    623900   1438788     69.75    110292   1055768    744916     28.82   1260588    114816       544
05:46:45 PM    623948   1438740     69.75    110292   1055892    744916     28.82   1260648    114816       668
05:46:46 PM    623832   1438856     69.76    110292   1055900    744916     28.82   1260704    114824       676
05:46:47 PM    623700   1438988     69.76    110296   1055956    744916     28.82   1260784    114816       736
05:46:48 PM    623708   1438980     69.76    110296   1056012    744916     28.82   1260836    114816       792
05:46:49 PM    623544   1439144     69.77    110296   1056072    744916     28.82   1260924    114816       852
05:46:50 PM    623544   1439144     69.77    110296   1056136    744916     28.82   1260936    114824       916
05:46:51 PM    623304   1439384     69.78    110296   1056192    744916     28.82   1261016    114820       972
05:46:52 PM    623272   1439416     69.78    110296   1056248    744916     28.82   1261080    114820      1028
05:46:53 PM    623296   1439392     69.78    110296   1056308    744916     28.82   1261152    114820      1088
05:46:54 PM    623312   1439376     69.78    110296   1056364    744916     28.82   1261188    114820      1144
05:46:55 PM    623172   1439516     69.79    110296   1056424    744916     28.82   1261248    114820      1204
05:46:56 PM    623024   1439664     69.80    110296   1056484    744916     28.82   1261276    114820      1264
05:46:57 PM    623080   1439608     69.79    110304   1056552    744916     28.82   1261392    114828      1332
05:46:58 PM    623032   1439656     69.80    110304   1056608    744916     28.82   1261436    114824      1388
05:46:59 PM    622956   1439732     69.80    110304   1056664    744916     28.82   1261500    114824      1444
05:47:00 PM    622908   1439780     69.80    110304   1056724    744916     28.82   1261552    114828      1504
05:47:01 PM    622676   1440012     69.81    110304   1056788    744916     28.82   1261640    114832      1568
05:47:02 PM    622800   1439888     69.81    110304   1056852    744916     28.82   1261708    114820      1632
05:47:03 PM    622552   1440136     69.82    110304   1056912    744916     28.82   1261764    114820      1692
05:47:04 PM    622576   1440112     69.82    110304   1056968    744916     28.82   1261816    114820      1748
05:47:05 PM    622508   1440180     69.82    110304   1057032    744916     28.82   1261864    114820      1812
05:47:06 PM    622404   1440284     69.83    110304   1057084    744916     28.82   1261904    114820      1864
05:47:07 PM    622180   1440508     69.84    110312   1057152    744916     28.82   1262000    114828      1932
05:47:08 PM    622164   1440524     69.84    110312   1057204    744916     28.82   1262052    114824      1432
05:47:09 PM    622276   1440412     69.83    110312   1057268    744916     28.82   1262120    114828      1540
05:47:10 PM    622164   1440524     69.84    110312   1057324    744916     28.82   1262168    114824      1568
05:47:11 PM    622088   1440600     69.84    110312   1057396    744916     28.82   1262252    114824      1640
05:47:12 PM    622096   1440592     69.84    110316   1057448    744916     28.82   1262312    114820      1700
05:47:13 PM    622048   1440640     69.84    110316   1057508    744916     28.82   1262372    114820       168
05:47:14 PM    621916   1440772     69.85    110316   1057560    744916     28.82   1262412    114820       164
05:47:15 PM    621800   1440888     69.85    110316   1057620    744916     28.82   1262484    114820       224
05:47:16 PM    621848   1440840     69.85    110316   1057684    744916     28.82   1262544    114828       288
05:47:17 PM    621812   1440876     69.85    110324   1057748    744916     28.82   1262668    114828       420
05:47:18 PM    621708   1440980     69.86    110324   1057812    744916     28.82   1262724    114820       492
05:47:19 PM    621528   1441160     69.87    110324   1057868    744916     28.82   1262760    114816       548
05:47:20 PM    621584   1441104     69.87    110324   1057924    744916     28.82   1262832    114816       604
05:47:21 PM    621428   1441260     69.87    110324   1057984    744916     28.82   1262896    114816       664
05:47:22 PM    621296   1441392     69.88    110328   1058048    744916     28.82   1262936    114820       732
05:47:23 PM    621320   1441368     69.88    110328   1058104    744916     28.82   1263004    114816       788
05:47:24 PM    621180   1441508     69.88    110328   1058164    744916     28.82   1263016    114816       848
05:47:25 PM    621188   1441500     69.88    110328   1058224    744916     28.82   1263104    114824       908
05:47:26 PM    621228   1441460     69.88    110328   1058284    744916     28.82   1263164    114824       968
05:47:27 PM    621056   1441632     69.89    110332   1058340    744916     28.82   1263232    114820      1024
05:47:28 PM    621088   1441600     69.89    110332   1058400    744916     28.82   1263256    114820      1084
05:47:29 PM    621056   1441632     69.89    110332   1058452    744916     28.82   1263344    114820      1136
05:47:30 PM    620948   1441740     69.90    110332   1058512    744916     28.82   1263412    114820      1196
05:47:31 PM    620932   1441756     69.90    110332   1058628    744916     28.82   1263460    114820      1312
05:47:32 PM    620832   1441856     69.90    110336   1058648    744916     28.82   1263552    114828      1332
05:47:33 PM    620840   1441848     69.90    110336   1058708    744916     28.82   1263568    114828      1392
05:47:34 PM    620692   1441996     69.91    110336   1058776    744916     28.82   1263676    114824      1460
05:47:35 PM    620568   1442120     69.91    110336   1058828    744916     28.82   1263732    114824      1512
05:47:36 PM    620592   1442096     69.91    110336   1058888    744916     28.82   1263800    114820      1572
05:47:37 PM    620468   1442220     69.92    110340   1058944    744916     28.82   1263844    114820      1628
05:47:38 PM    620452   1442236     69.92    110340   1059008    744916     28.82   1263900    114824      1692
05:47:39 PM    620320   1442368     69.93    110340   1059064    744916     28.82   1263940    114820      1280
05:47:40 PM    620276   1442412     69.93    110340   1059124    744916     28.82   1264060    114820      1356
05:47:41 PM    620204   1442484     69.93    110340   1059176    744916     28.82   1264076    114820      1408
05:47:42 PM    620096   1442592     69.94    110340   1059240    744916     28.82   1264156    114824      1476
05:47:43 PM    620072   1442616     69.94    110340   1059296    744916     28.82   1264216    114824      1532
05:47:44 PM    619964   1442724     69.94    110340   1059356    744916     28.82   1264288    114824      1604
05:47:45 PM    620012   1442676     69.94    110340   1059408    744916     28.82   1264320    114824      1616
05:47:46 PM    619840   1442848     69.95    110340   1059476    744916     28.82   1264392    114820      1684
05:47:47 PM    619824   1442864     69.95    110344   1059532    744916     28.82   1264452    114824      1744
05:47:48 PM    619716   1442972     69.96    110344   1059600    744916     28.82   1264532    114828      1812
05:47:49 PM    619788   1442900     69.95    110344   1059660    744916     28.82   1264576    114820       228
05:47:50 PM    619732   1442956     69.96    110344   1059720    744916     28.82   1264652    114820       292
05:47:51 PM    619692   1442996     69.96    110344   1059776    744916     28.82   1264712    114820       348
05:47:52 PM    619568   1443120     69.96    110352   1059836    744916     28.82   1264756    114824       464
05:47:53 PM    619600   1443088     69.96    110352   1059900    744916     28.82   1264856    114820       552
05:47:54 PM    619312   1443376     69.98    110352   1059956    744916     28.82   1264904    114816       608
05:47:55 PM    619336   1443352     69.97    110352   1060012    744916     28.82   1264960    114816       664
05:47:56 PM    619284   1443404     69.98    110352   1060068    744916     28.82   1265000    114816       720
05:47:57 PM    619320   1443368     69.98    110356   1060124    744916     28.82   1265096    114816       784
05:47:58 PM    619088   1443600     69.99    110356   1060184    744916     28.82   1265136    114820       844
05:47:59 PM    619072   1443616     69.99    110356   1060244    744916     28.82   1265200    114816       904
05:48:00 PM    618956   1443732     69.99    110356   1060304    744916     28.82   1265260    114820       964
05:48:01 PM    618948   1443740     69.99    110356   1060360    744916     28.82   1265340    114820      1020
05:48:02 PM    618816   1443872     70.00    110360   1060420    744916     28.82   1265376    114824      1080
05:48:03 PM    618708   1443980     70.00    110360   1060480    744916     28.82   1265440    114820      1140
05:48:04 PM    618680   1444008     70.01    110360   1060548    744916     28.82   1265492    114824      1208
05:48:05 PM    618808   1443880     70.00    110360   1060608    744916     28.82   1265576    114820      1268
05:48:06 PM    618616   1444072     70.01    110360   1060676    744916     28.82   1265668    114828      1336
05:48:07 PM    618584   1444104     70.01    110364   1060740    744916     28.82   1265796    114820      1400
05:48:08 PM    618484   1444204     70.02    110364   1060796    744916     28.82   1265812    114820      1456
05:48:09 PM    618452   1444236     70.02    110364   1060856    744916     28.82   1265860    114820      1516
05:48:10 PM    618328   1444360     70.02    110364   1060916    744916     28.82   1265884    114824      1576
05:48:11 PM    618296   1444392     70.02    110364   1060972    744916     28.82   1265932    114824      1632
05:48:12 PM    618280   1444408     70.03    110368   1061028    744916     28.82   1266068    114820      1688
05:48:13 PM    618344   1444344     70.02    110368   1061080    744916     28.82   1266056    114820      1740
05:48:14 PM    618236   1444452     70.03    110368   1061148    744916     28.82   1266120    114824      1284
05:48:15 PM    618096   1444592     70.03    110368   1061208    744916     28.82   1266188    114824      1360
05:48:16 PM    617988   1444700     70.04    110368   1061268    744916     28.82   1266244    114820      1420
05:48:17 PM    618096   1444592     70.03    110372   1061320    744916     28.82   1266228    114820      1476
05:48:18 PM    618192   1444496     70.03    110372   1061384    744916     28.82   1266200    114820      1540
Average:       622302   1440386     69.83    110312   1057241    744916     28.82   1262095    114821      1141
