Linux 4.4.0-31-generic (dpi-suricata) 	12/08/2017 	_i686_	(1 CPU)

02:57:18 PM kbmemfree kbmemused  %memused kbbuffers  kbcached  kbcommit   %commit  kbactive   kbinact   kbdirty
02:57:19 PM    438860   1623828     78.72     91080    459240   1237088     47.86   1456808    104548       884
02:57:20 PM    438620   1624068     78.74     91080    459284   1237088     47.86   1456932    104532       928
02:57:21 PM    438620   1624068     78.74     91080    459380   1237088     47.86   1456972    104532      1024
02:57:22 PM    438496   1624192     78.74     91080    459460   1237088     47.86   1457080    104532      1104
02:57:23 PM    703064   1359624     65.92     91088    459512    993248     38.42   1196708    104532      1216
02:57:24 PM    702240   1360448     65.96     91088    459580    993248     38.42   1197580    104528      1280
02:57:25 PM    701100   1361588     66.01     91088    459640    993248     38.42   1199220    104528      1340
02:57:26 PM    699396   1363292     66.09     91088    459732    993248     38.42   1201208    104532      1432
02:57:27 PM    697380   1365308     66.19     91088    459800    993248     38.42   1203040    104528      1500
02:57:28 PM    695800   1366888     66.27     91096    459860    993248     38.42   1204628    104528      1568
02:57:29 PM    693940   1368748     66.36     91096    459928    993248     38.42   1206356    104528      1628
02:57:30 PM    692080   1370608     66.45     91096    460004    993248     38.42   1208160    104528      1704
02:57:31 PM    690684   1372004     66.52     91096    460072    993248     38.42   1209608    104532      1772
02:57:32 PM    689104   1373584     66.59     91096    460148    993248     38.42   1211184    104528      1848
02:57:33 PM    687988   1374700     66.65     91100    460244    993248     38.42   1212500    104528      1948
02:57:34 PM    685692   1376996     66.76     91100    460332    993248     38.42   1214672    104528      2032
02:57:35 PM    682212   1380476     66.93     91100    460440    993248     38.42   1217720    104536      2140
02:57:36 PM    680160   1382528     67.03     91100    460532    993248     38.42   1220120    104528      2228
02:57:37 PM    677680   1385008     67.15     91100    460628    993248     38.42   1222712    104528      2324
02:57:38 PM    675292   1387396     67.26     91104    460708    993248     38.42   1225132    104528      2408
02:57:39 PM    673184   1389504     67.36     91104    460804    993248     38.42   1227196    104532      2500
02:57:40 PM    670364   1392324     67.50     91104    460896    993248     38.42   1229912    104524      2592
02:57:41 PM    667884   1394804     67.62     91104    460968    993248     38.42   1232468    104524      2640
02:57:42 PM    666024   1396664     67.71     91104    460988    993248     38.42   1234192    104528      2660
02:57:43 PM    664536   1398152     67.78     91112    461020    993248     38.42   1235828    104532      2700
02:57:44 PM    663380   1399308     67.84     91112    461052    993248     38.42   1236924    104528      2732
02:57:45 PM    662852   1399836     67.86     91112    461076    993248     38.42   1237456    104528       444
02:57:46 PM    662164   1400524     67.90     91112    461096    993248     38.42   1237496    104528       436
02:57:47 PM    662212   1400476     67.90     91112    461116    993248     38.42   1237528    104528       464
02:57:48 PM    662032   1400656     67.90     91120    461144    993248     38.42   1237992    104532       552
02:57:49 PM    661288   1401400     67.94     91120    461204    993248     38.42   1238564    104532       592
02:57:50 PM    660784   1401904     67.96     91120    461232    993248     38.42   1239308    104528       120
02:57:51 PM    660608   1402080     67.97     91120    461232    993248     38.42   1239588    104528       140
02:57:52 PM    659484   1403204     68.03     91120    461272    993248     38.42   1240884    104532       200
02:57:53 PM    659176   1403512     68.04     91124    461292    993248     38.42   1241200    104528       224
02:57:54 PM    658648   1404040     68.07     91124    461320    993248     38.42   1241708    104532       252
02:57:55 PM    658564   1404124     68.07     91124    461356    993248     38.42   1241716    104528       288
02:57:56 PM    657508   1405180     68.12     91124    461388    993248     38.42   1242556    104528       320
02:57:57 PM    657052   1405636     68.15     91124    461416    993248     38.42   1242868    104528       348
02:57:58 PM    657060   1405628     68.15     91128    461440    993248     38.42   1242896    104528       376
02:57:59 PM    656996   1405692     68.15     91128    461448    993248     38.42   1243088    104528       388
02:58:00 PM    656532   1406156     68.17     91128    461480    993248     38.42   1243476    104532       420
02:58:01 PM    656408   1406280     68.18     91128    461492    993248     38.42   1243820    104528       432
02:58:02 PM    656168   1406520     68.19     91128    461532    993248     38.42   1243896    104528       472
02:58:03 PM    656012   1406676     68.20     91136    461544    993248     38.42   1244144    104528       492
02:58:04 PM    655672   1407016     68.21     91136    461608    993248     38.42   1244448    104528       548
02:58:05 PM    655168   1407520     68.24     91136    461632    993248     38.42   1245128    104528       572
02:58:06 PM    655052   1407636     68.24     91136    461656    993248     38.42   1245284    104528       596
02:58:07 PM    654524   1408164     68.27     91136    461676    993248     38.42   1245312    104532       616
02:58:08 PM    654168   1408520     68.29     91140    461688    993248     38.42   1246356    104524       632
02:58:09 PM    653672   1409016     68.31     91140    461724    993248     38.42   1246572    104528       664
02:58:10 PM    653424   1409264     68.32     91140    461748    993248     38.42   1246888    104532       688
02:58:11 PM    652804   1409884     68.35     91140    461772    993248     38.42   1247288    104528       712
02:58:12 PM    652580   1410108     68.36     91140    461792    993248     38.42   1247604    104532       732
02:58:13 PM    652160   1410528     68.38     91144    461812    993248     38.42   1248176    104528       756
02:58:14 PM    652152   1410536     68.38     91144    461828    993248     38.42   1248192    104532       768
02:58:15 PM    652092   1410596     68.39     91144    461856    993248     38.42   1248272    104528         0
02:58:16 PM    651936   1410752     68.39     91144    461872    993248     38.42   1248412    104532        60
02:58:17 PM    651564   1411124     68.41     91144    461908    993248     38.42   1248872    104532       100
02:58:18 PM    651056   1411632     68.44     91148    461928    993248     38.42   1249144    104528       124
02:58:19 PM    650964   1411724     68.44     91148    461956    993248     38.42   1249192    104532       184
02:58:20 PM    650876   1411812     68.45     91148    461968    993248     38.42   1249532    104528       196
02:58:21 PM    650892   1411796     68.44     91148    461988    993248     38.42   1249336    104528       216
02:58:22 PM    650808   1411880     68.45     91148    462016    993248     38.42   1249604    104532       244
02:58:23 PM    650064   1412624     68.48     91148    462048    993248     38.42   1250096    104528       276
02:58:24 PM    649600   1413088     68.51     91148    462064    993248     38.42   1250812    104528       292
02:58:25 PM    649320   1413368     68.52     91148    462100    993248     38.42   1250864    104528       328
02:58:26 PM    649228   1413460     68.53     91148    462120    993248     38.42   1251160    104532       348
02:58:27 PM    648304   1414384     68.57     91148    462144    993248     38.42   1252248    104528       372
02:58:28 PM    647996   1414692     68.58     91156    462160    993248     38.42   1252188    104532       396
02:58:29 PM    647964   1414724     68.59     91156    462192    993248     38.42   1252224    104528       420
02:58:30 PM    647964   1414724     68.59     91156    462220    993248     38.42   1252388    104532       448
02:58:31 PM    647808   1414880     68.59     91156    462252    993248     38.42   1252576    104536       480
02:58:32 PM    647344   1415344     68.62     91156    462276    993248     38.42   1252896    104528       504
02:58:33 PM    646568   1416120     68.65     91156    462292    993248     38.42   1253572    104528       520
02:58:34 PM    646624   1416064     68.65     91156    462316    993248     38.42   1253560    104532       544
02:58:35 PM    646352   1416336     68.66     91156    462344    993248     38.42   1254044    104532       572
02:58:36 PM    646136   1416552     68.68     91156    462388    993248     38.42   1254112    104532       616
02:58:37 PM    645980   1416708     68.68     91156    462416    993248     38.42   1254172    104528       644
02:58:38 PM    643868   1418820     68.79     91164    462444    993248     38.42   1256268    104532       680
02:58:39 PM    643868   1418820     68.79     91164    462492    993248     38.42   1256332    104528       720
02:58:40 PM    643868   1418820     68.79     91164    462540    993248     38.42   1256400    104528       768
02:58:41 PM    643652   1419036     68.80     91164    462568    993248     38.42   1256588    104528       796
02:58:42 PM    643256   1419432     68.81     91164    462592    993248     38.42   1257236    104532       820
02:58:43 PM    643092   1419596     68.82     91168    462640    993248     38.42   1257088    104528       872
02:58:44 PM    643000   1419688     68.83     91168    462704    993248     38.42   1257276    104532       936
02:58:45 PM    642784   1419904     68.84     91168    462788    993248     38.42   1257752    104528       584
02:58:46 PM    642536   1420152     68.85     91168    462836    993248     38.42   1257872    104532       632
02:58:47 PM    642412   1420276     68.86     91168    462996    993248     38.42   1258052    104528       792
02:58:48 PM    641600   1421088     68.89     91168    463088    993248     38.42   1258472    104528       884
02:58:49 PM    641344   1421344     68.91     91168    463148    993248     38.42   1259092    104528       944
02:58:50 PM    641192   1421496     68.91     91168    463252    993248     38.42   1259324    104528        84
02:58:51 PM    641044   1421644     68.92     91168    463352    993248     38.42   1259320    104532       216
02:58:52 PM    640764   1421924     68.94     91168    463436    993248     38.42   1259488    104528       300
02:58:53 PM    640516   1422172     68.95     91172    463484    993248     38.42   1259708    104524       356
02:58:54 PM    640260   1422428     68.96     91172    463628    993248     38.42   1259972    104532       532
02:58:55 PM    639856   1422832     68.98     91172    463720    993248     38.42   1260216    104532       624
02:58:56 PM    639540   1423148     68.99     91172    463772    993248     38.42   1260708    104528       676
02:58:57 PM    639384   1423304     69.00     91172    463876    993248     38.42   1260868    104528       780
02:58:58 PM    638884   1423804     69.03     91176    463968    993248     38.42   1261432    104528       876
02:58:59 PM    638512   1424176     69.04     91176    464068    993248     38.42   1261680    104532       972
02:59:00 PM    638232   1424456     69.06     91176    464120    993248     38.42   1261744    104528      1024
02:59:01 PM    637924   1424764     69.07     91176    464260    993248     38.42   1262176    104532      1164
02:59:02 PM    637800   1424888     69.08     91176    464320    993248     38.42   1262388    104528      1224
02:59:03 PM    637164   1425524     69.11     91184    464440    993248     38.42   1263060    104528      1352
02:59:04 PM    636860   1425828     69.12     91184    464508    993248     38.42   1263380    104532      1412
02:59:05 PM    636528   1426160     69.14     91184    464592    993248     38.42   1263628    104528      1496
02:59:06 PM    636280   1426408     69.15     91184    464692    993248     38.42   1263764    104528      1596
02:59:07 PM    636032   1426656     69.16     91184    464816    993248     38.42   1263912    104528      1720
02:59:08 PM    635532   1427156     69.19     91184    464904    993248     38.42   1264152    104532      1808
02:59:09 PM    635160   1427528     69.21     91184    464992    993248     38.42   1264796    104528      1900
02:59:10 PM    634136   1428552     69.26     91184    465124    993248     38.42   1265716    104528      2032
02:59:11 PM    633756   1428932     69.28     91184    465240    993248     38.42   1266156    104528      2148
02:59:12 PM    632152   1430536     69.35     91184    465348    993248     38.42   1268180    104528      2256
02:59:13 PM    630108   1432580     69.45     91192    465424    993248     38.42   1270040    104528      2340
02:59:14 PM    628472   1434216     69.53     91192    465540    993248     38.42   1271544    104528      2448
02:59:15 PM    626116   1436572     69.65     91192    465648    993248     38.42   1273904    104532      2556
02:59:16 PM    624380   1438308     69.73     91192    465760    993248     38.42   1275712    104528      2668
02:59:17 PM    622292   1440396     69.83     91192    465872    993248     38.42   1277360    104532      2780
02:59:18 PM    621192   1441496     69.88     91200    465956    993248     38.42   1278884    104532      2872
02:59:19 PM    619952   1442736     69.94     91200    466052    993248     38.42   1280704    104532      2960
02:59:20 PM    617720   1444968     70.05     91200    466180    993248     38.42   1282324    104532      2600
02:59:21 PM    616324   1446364     70.12     91200    466252    993248     38.42   1283672    104532      2656
02:59:22 PM    614836   1447852     70.19     91200    466332    993248     38.42   1285140    104528      2736
02:59:23 PM    613008   1449680     70.28     91204    466460    993248     38.42   1286944    104532      2868
02:59:24 PM    612760   1449928     70.29     91204    466564    993248     38.42   1287064    104532      2968
02:59:25 PM    612636   1450052     70.30     91204    466652    993248     38.42   1287148    104532       116
02:59:26 PM    612512   1450176     70.31     91204    466744    993248     38.42   1287236    104532       208
02:59:27 PM    612124   1450564     70.32     91204    466832    993248     38.42   1287368    104528       296
02:59:28 PM    612040   1450648     70.33     91204    466924    993248     38.42   1287432    104528       388
02:59:29 PM    612164   1450524     70.32     91204    466972    993248     38.42   1287476    104528       472
02:59:30 PM    612040   1450648     70.33     91204    467064    993248     38.42   1287572    104528       568
02:59:31 PM    611948   1450740     70.33     91204    467192    993248     38.42   1287700    104532       696
02:59:32 PM    611948   1450740     70.33     91204    467280    993248     38.42   1287784    104528       784
02:59:33 PM    611792   1450896     70.34     91212    467360    993248     38.42   1287876    104528       872
02:59:34 PM    611668   1451020     70.35     91212    467464    993248     38.42   1287976    104532       972
02:59:35 PM    611452   1451236     70.36     91212    467552    993248     38.42   1288072    104528      1060
02:59:36 PM    611544   1451144     70.35     91212    467600    993248     38.42   1288120    104528      1108
02:59:37 PM    600740   1461948     70.88     91212    467684    993248     38.42   1298900    104532      1192
02:59:38 PM    600876   1461812     70.87     91216    467776    993248     38.42   1298864    104528      1288
Average:       641640   1421048     68.89     91151    462864   1000215     38.69   1258376    104530      1062
