Linux 4.4.0-31-generic (ids-suricata) 	12/08/2017 	_i686_	(1 CPU)

02:42:00 PM kbmemfree kbmemused  %memused kbbuffers  kbcached  kbcommit   %commit  kbactive   kbinact   kbdirty
02:42:01 PM    914552   1148136     55.66     91096    389944    746100     28.86    976492    118036       388
02:42:02 PM    914788   1147900     55.65     91096    390040    746100     28.86    976324    118012       492
02:42:03 PM    914864   1147824     55.65     91096    390040    746100     28.86    976336    118008       492
02:42:04 PM    914708   1147980     55.65     91096    390052    746100     28.86    976348    118008       504
02:42:05 PM    914832   1147856     55.65     91100    390156    746100     28.86    976476    118008       664
02:42:06 PM    914864   1147824     55.65     91100    390164    746100     28.86    976500    118008       684
02:42:07 PM    909552   1153136     55.90     91100    390264    758200     29.33    979768    118012       780
02:42:08 PM    909180   1153508     55.92     91100    390260    758200     29.33    979836    118016       788
02:42:09 PM    909180   1153508     55.92     91100    390312    758200     29.33    979852    118016       840
02:42:10 PM    909056   1153632     55.93     91104    390404    758200     29.33    979916    118016       936
02:42:11 PM    909056   1153632     55.93     91104    390412    758200     29.33    979952    118016       960
02:42:12 PM    908900   1153788     55.94     91104    390460    758200     29.33    980068    118016      1008
02:42:13 PM    908932   1153756     55.93     91104    390512    758200     29.33    980120    118016      1060
02:42:14 PM    908808   1153880     55.94     91104    390628    758200     29.33    980136    118016      1152
02:42:15 PM    908684   1154004     55.95     91112    390616    758200     29.33    980196    118016      1152
02:42:16 PM    908636   1154052     55.95     91112    390728    758200     29.33    980304    118016      1264
02:42:17 PM    908560   1154128     55.95     91112    390804    758200     29.33    980348    118024      1340
02:42:18 PM    908672   1154016     55.95     91112    390892    758200     29.33    980476    118016      1428
02:42:19 PM    908560   1154128     55.95     91112    390956    758200     29.33    980556    118016      1492
02:42:20 PM    908436   1154252     55.96     91120    391012    758200     29.33    980592    118016      1556
02:42:21 PM    908436   1154252     55.96     91120    391080    758200     29.33    980708    118016      1616
02:42:22 PM    908280   1154408     55.97     91120    391152    758200     29.33    980752    118016      1688
02:42:23 PM    908188   1154500     55.97     91120    391208    758200     29.33    980864    118016      1744
02:42:24 PM    908188   1154500     55.97     91120    391272    758200     29.33    980896    118016      1808
02:42:25 PM    908188   1154500     55.97     91120    391364    758200     29.33    981020    118016      1900
02:42:26 PM    908064   1154624     55.98     91124    391456    758200     29.33    981136    118016      1992
02:42:27 PM    907940   1154748     55.98     91124    391568    758200     29.33    981252    118020      2104
02:42:28 PM    907816   1154872     55.99     91124    391596    758200     29.33    981324    118016       668
02:42:29 PM    907692   1154996     55.99     91124    391776    758200     29.33    981540    118016       748
02:42:30 PM    907568   1155120     56.00     91124    391868    758200     29.33    981680    118020       844
02:42:31 PM    907256   1155432     56.02     91128    391988    758200     29.33    981780    118016       964
02:42:32 PM    907196   1155492     56.02     91128    392092    758200     29.33    981956    118020      1076
02:42:33 PM    907072   1155616     56.02     91128    392176    758200     29.33    982036    118016       516
02:42:34 PM    906948   1155740     56.03     91128    392308    758200     29.33    982180    118016       640
02:42:35 PM    906760   1155928     56.04     91128    392384    758200     29.33    982296    118020       736
02:42:36 PM    906576   1156112     56.05     91132    392396    758200     29.33    982372    118020       800
02:42:37 PM    906420   1156268     56.06     91132    392508    758200     29.33    982512    118020       880
02:42:38 PM    906388   1156300     56.06     91132    392500    758200     29.33    982528    118016       872
02:42:39 PM    906328   1156360     56.06     91132    392544    758200     29.33    982624    118016       900
02:42:40 PM    906180   1156508     56.07     91140    392564    758200     29.33    983028    118020       928
02:42:41 PM    906140   1156548     56.07     91140    392680    758200     29.33    982856    118016      1036
02:42:42 PM    906080   1156608     56.07     91140    392664    758200     29.33    982924    118020      1028
02:42:43 PM    906016   1156672     56.08     91140    392692    758200     29.33    983064    118016      1056
02:42:44 PM    905956   1156732     56.08     91140    392720    758200     29.33    983072    118016      1084
02:42:45 PM    905768   1156920     56.09     91140    392756    758200     29.33    983156    118016      1120
02:42:46 PM    905676   1157012     56.09     91140    392776    758200     29.33    983232    118016      1140
02:42:47 PM    905512   1157176     56.10     91140    392812    758200     29.33    983412    118016      1176
02:42:48 PM    905452   1157236     56.10     91140    392840    758200     29.33    983500    118016      1204
02:42:49 PM    905356   1157332     56.11     91140    392868    758200     29.33    983556    118024      1208
02:42:50 PM    905264   1157424     56.11     91140    392904    758200     29.33    983692    118016      1244
02:42:51 PM    905140   1157548     56.12     91148    392912    758200     29.33    983760    118016      1260
02:42:52 PM    905180   1157508     56.12     91148    392972    758200     29.33    984096    118016      1324
02:42:53 PM    905140   1157548     56.12     91148    392972    758200     29.33    983876    118016      1324
02:42:54 PM    905048   1157640     56.12     91148    393024    758200     29.33    983992    118016      1380
02:42:55 PM    905016   1157672     56.12     91148    393052    758200     29.33    984032    118016      1408
02:42:56 PM    905048   1157640     56.12     91152    393068    758200     29.33    984104    118016      1428
02:42:57 PM    904964   1157724     56.13     91152    393088    758200     29.33    984076    118016      1448
02:42:58 PM    904932   1157756     56.13     91152    393108    758200     29.33    984156    118016         4
02:42:59 PM    904932   1157756     56.13     91152    393128    758200     29.33    984224    118016        64
02:43:00 PM    904776   1157912     56.14     91152    393156    758200     29.33    984288    118020       104
02:43:01 PM    904800   1157888     56.13     91156    393184    758200     29.33    984380    118020       180
02:43:02 PM    904684   1158004     56.14     91156    393204    758200     29.33    984356    118016       200
02:43:03 PM    904684   1158004     56.14     91156    393232    758200     29.33    984424    118020       228
02:43:04 PM    904552   1158136     56.15     91156    393244    758200     29.33    984592    118016       240
02:43:05 PM    904396   1158292     56.15     91156    393264    758200     29.33    984656    118016       260
02:43:06 PM    904336   1158352     56.16     91164    393304    758200     29.33    984732    118020       300
02:43:07 PM    904148   1158540     56.17     91164    393336    758200     29.33    984772    118016       332
02:43:08 PM    904180   1158508     56.16     91164    393352    758200     29.33    984784    118016       348
02:43:09 PM    904172   1158516     56.17     91164    393380    758200     29.33    984920    118016       376
02:43:10 PM    904140   1158548     56.17     91164    393392    758200     29.33    985016    118016       388
02:43:11 PM    904180   1158508     56.16     91172    393420    758200     29.33    984972    118016       416
02:43:12 PM    904012   1158676     56.17     91172    393436    758200     29.33    985004    118016       432
02:43:13 PM    904048   1158640     56.17     91172    393464    758200     29.33    985112    118020       460
02:43:14 PM    903900   1158788     56.18     91172    393488    758200     29.33    985040    118016       484
02:43:15 PM    903932   1158756     56.18     91172    393524    758200     29.33    985096    118016       520
02:43:16 PM    903964   1158724     56.18     91176    393548    758200     29.33    985120    118020       544
02:43:17 PM    903932   1158756     56.18     91176    393568    758200     29.33    985152    118016       564
02:43:18 PM    903932   1158756     56.18     91176    393592    758200     29.33    985192    118020       588
02:43:19 PM    903964   1158724     56.18     91176    393616    758200     29.33    985220    118016       612
02:43:20 PM    903956   1158732     56.18     91176    393656    758200     29.33    985380    118016       652
02:43:21 PM    903652   1159036     56.19     91184    393676    758200     29.33    985632    118016       676
02:43:22 PM    903700   1158988     56.19     91184    393704    758200     29.33    985496    118016       704
02:43:23 PM    903536   1159152     56.20     91184    393752    758200     29.33    985608    118020         8
02:43:24 PM    903380   1159308     56.20     91184    393788    758200     29.33    985664    118020        76
02:43:25 PM    903380   1159308     56.20     91184    393808    758200     29.33    985700    118020       100
02:43:26 PM    903288   1159400     56.21     91192    393852    758200     29.33    985760    118016       188
02:43:27 PM    903164   1159524     56.21     91192    393876    758200     29.33    985784    118016       212
02:43:28 PM    903156   1159532     56.21     91192    393900    758200     29.33    985892    118016       236
02:43:29 PM    903124   1159564     56.22     91192    393924    758200     29.33    985924    118016       260
02:43:30 PM    903072   1159616     56.22     91192    393956    758200     29.33    985864    118016       296
02:43:31 PM    903000   1159688     56.22     91196    393980    758200     29.33    985996    118016       320
02:43:32 PM    903140   1159548     56.22     91196    394004    758200     29.33    985812    118020       344
02:43:33 PM    903336   1159352     56.21     91196    394024    758200     29.33    985744    118016       364
02:43:34 PM    903272   1159416     56.21     91196    394048    758200     29.33    985776    118016       388
02:43:35 PM    903304   1159384     56.21     91196    394068    758200     29.33    985804    118016       408
02:43:36 PM    903336   1159352     56.21     91196    394096    758200     29.33    985832    118016       436
02:43:37 PM    903272   1159416     56.21     91196    394128    758200     29.33    985864    118016       468
02:43:38 PM    903280   1159408     56.21     91196    394160    758200     29.33    985812    118016       500
02:43:39 PM    903272   1159416     56.21     91196    394208    758200     29.33    985896    118016       548
02:43:40 PM    903220   1159468     56.21     91196    394260    758200     29.33    985876    118016       600
02:43:41 PM    903188   1159500     56.21     91204    394356    758200     29.33    985980    118024       696
02:43:42 PM    903064   1159624     56.22     91204    394420    758200     29.33    986076    118016       760
02:43:43 PM    903196   1159492     56.21     91204    394444    758200     29.33    986008    118016       784
02:43:44 PM    903104   1159584     56.22     91204    394548    758200     29.33    986116    118016       888
02:43:45 PM    903072   1159616     56.22     91204    394576    758200     29.33    986144    118016       916
02:43:46 PM    903104   1159584     56.22     91204    394624    758200     29.33    986200    118016       964
02:43:47 PM    902824   1159864     56.23     91204    394720    758200     29.33    986292    118016      1060
02:43:48 PM    902792   1159896     56.23     91204    394784    758200     29.33    986364    118016      1124
02:43:49 PM    902732   1159956     56.24     91204    394844    758200     29.33    986420    118016      1184
02:43:50 PM    902732   1159956     56.24     91204    394912    758200     29.33    986516    118020      1252
02:43:51 PM    902724   1159964     56.24     91212    394960    758200     29.33    986592    118016      1308
02:43:52 PM    902576   1160112     56.24     91212    395040    758200     29.33    986624    118016      1380
02:43:53 PM    902576   1160112     56.24     91212    395108    758200     29.33    986688    118016      1448
02:43:54 PM    902420   1160268     56.25     91212    395124    758200     29.33    986720    118016      1456
02:43:55 PM    902296   1160392     56.26     91212    395220    758200     29.33    986816    118016      1556
02:43:56 PM    902236   1160452     56.26     91216    395280    758200     29.33    986880    118016      1620
02:43:57 PM    902236   1160452     56.26     91216    395332    758200     29.33    986932    118016      1668
02:43:58 PM    902228   1160460     56.26     91216    395396    758200     29.33    987084    118020      1732
02:43:59 PM    901948   1160740     56.27     91216    395428    758200     29.33    987148    118020        80
02:44:00 PM    901964   1160724     56.27     91216    395480    758200     29.33    987188    118016       148
02:44:01 PM    901956   1160732     56.27     91216    395548    758200     29.33    987344    118016       216
02:44:02 PM    901948   1160740     56.27     91220    395652    758200     29.33    987320    118016       348
02:44:03 PM    901700   1160988     56.29     91220    395740    758200     29.33    987444    118016       436
02:44:04 PM    901568   1161120     56.29     91220    395772    758200     29.33    987552    118020       444
02:44:05 PM    901444   1161244     56.30     91220    395892    758200     29.33    987680    118016       564
02:44:06 PM    901196   1161492     56.31     91220    395948    758200     29.33    987736    118020       620
02:44:07 PM    901196   1161492     56.31     91220    396012    758200     29.33    987800    118016       696
02:44:08 PM    901112   1161576     56.31     91220    396088    758200     29.33    987784    118016       776
02:44:09 PM    901080   1161608     56.32     91220    396148    758200     29.33    987848    118016       836
02:44:10 PM    900956   1161732     56.32     91220    396212    758200     29.33    987908    118020       900
02:44:11 PM    900956   1161732     56.32     91220    396272    758200     29.33    987972    118016       960
02:44:12 PM    900956   1161732     56.32     91224    396340    758200     29.33    988048    118016      1028
02:44:13 PM    900740   1161948     56.33     91224    396404    758200     29.33    988108    118016      1092
02:44:14 PM    900716   1161972     56.33     91224    396480    758200     29.33    988096    118020      1168
02:44:15 PM    900592   1162096     56.34     91224    396552    758200     29.33    988168    118024      1240
02:44:16 PM    900624   1162064     56.34     91224    396620    758200     29.33    988244    118016      1308
02:44:17 PM    900468   1162220     56.34     91228    396676    758200     29.33    988304    118016      1364
02:44:18 PM    900468   1162220     56.34     91228    396708    758200     29.33    988344    118016      1396
02:44:19 PM    900588   1162100     56.34     91228    396740    758200     29.33    988280    118016      1428
02:44:20 PM    900476   1162212     56.34     91228    396788    758200     29.33    988324    118016      1476
Average:       904937   1157751     56.13     91167    393395    757681     29.31    984221    118017       850
