Linux 4.4.0-31-generic (dpi-suricata) 	12/08/2017 	_i686_	(1 CPU)

03:07:23 PM kbmemfree kbmemused  %memused kbbuffers  kbcached  kbcommit   %commit  kbactive   kbinact   kbdirty
03:07:24 PM    391268   1671420     81.03     91692    492728   1236448     47.83   1503844    104584      2244
03:07:25 PM    391128   1671560     81.04     91692    492820   1236448     47.83   1504020    104572      2336
03:07:26 PM    668332   1394356     67.60     91692    492916    992612     38.40   1230676    104564      2432
03:07:27 PM    668756   1393932     67.58     91696    493008    992612     38.40   1230504    104560      2532
03:07:28 PM    668756   1393932     67.58     91696    493076    992612     38.40   1230580    104564      2640
03:07:29 PM    668352   1394336     67.60     91696    493136    992612     38.40   1231260    104560      2700
03:07:30 PM    667236   1395452     67.65     91696    493212    992612     38.40   1232356    104560      2776
03:07:31 PM    665624   1397064     67.73     91696    493292    992612     38.40   1233972    104560      2856
03:07:32 PM    664508   1398180     67.78     91700    493356    992612     38.40   1235264    104560       356
03:07:33 PM    663144   1399544     67.85     91700    493432    992612     38.40   1236476    104560       384
03:07:34 PM    662432   1400256     67.89     91700    493512    992612     38.40   1237176    104564       496
03:07:35 PM    661316   1401372     67.94     91700    493584    992612     38.40   1238304    104560       568
03:07:36 PM    660160   1402528     68.00     91700    493656    992612     38.40   1239556    104564       640
03:07:37 PM    658928   1403760     68.05     91708    493732    992612     38.40   1240648    104560       724
03:07:38 PM    657812   1404876     68.11     91708    493848    992612     38.40   1241964    104560       836
03:07:39 PM    656912   1405776     68.15     91708    493936    992612     38.40   1242680    104556       924
03:07:40 PM    656384   1406304     68.18     91708    494024    992612     38.40   1243280    104564      1012
03:07:41 PM    656044   1406644     68.19     91708    494108    992612     38.40   1243348    104556      1096
03:07:42 PM    655516   1407172     68.22     91708    494176    992612     38.40   1243912    104556      1164
03:07:43 PM    655112   1407576     68.24     91708    494272    992612     38.40   1244392    104560      1260
03:07:44 PM    654648   1408040     68.26     91708    494376    992612     38.40   1244692    104572      1364
03:07:45 PM    654152   1408536     68.29     91708    494512    992612     38.40   1245148    104616      1500
03:07:46 PM    653872   1408816     68.30     91708    494576    992612     38.40   1245328    104616      1564
03:07:47 PM    653392   1409296     68.32     91720    494560    992612     38.40   1246032    104616      1496
03:07:48 PM    653092   1409596     68.34     91720    494652    992612     38.40   1246588    104616      1580
03:07:49 PM    652844   1409844     68.35     91720    494660    992612     38.40   1246764    104616      1588
03:07:50 PM    652532   1410156     68.36     91720    494684    992612     38.40   1247036    104616      1612
03:07:51 PM    651704   1410984     68.41     91720    494700    992612     38.40   1247380    104616      1628
03:07:52 PM    651672   1411016     68.41     91724    494732    992612     38.40   1247528    104620      1664
03:07:53 PM    651392   1411296     68.42     91724    494760    992612     38.40   1248108    104620      1664
03:07:54 PM    651080   1411608     68.44     91724    494788    992612     38.40   1248204    104624      1692
03:07:55 PM    650648   1412040     68.46     91724    494812    992612     38.40   1248828    104620      1716
03:07:56 PM    650212   1412476     68.48     91724    494848    992612     38.40   1249128    104624      1752
03:07:57 PM    649772   1412916     68.50     91728    494880    992612     38.40   1249636    104620      1236
03:07:58 PM    649620   1413068     68.51     91728    494912    992612     38.40   1249876    104620      1296
03:07:59 PM    649188   1413500     68.53     91728    494944    992612     38.40   1250544    104624      1348
03:08:00 PM    648416   1414272     68.56     91728    494968    992612     38.40   1251284    104620      1372
03:08:01 PM    647404   1415284     68.61     91728    494996    992612     38.40   1252084    104620      1400
03:08:02 PM    646596   1416092     68.65     91736    495020    992612     38.40   1252436    104620      1432
03:08:03 PM    646476   1416212     68.66     91736    495056    992612     38.40   1252856    104624      1460
03:08:04 PM    646196   1416492     68.67     91736    495084    992612     38.40   1253224    104620      1488
03:08:05 PM    645452   1417236     68.71     91736    495112    992612     38.40   1253828    104624      1516
03:08:06 PM    644796   1417892     68.74     91736    495140    992612     38.40   1254544    104620      1544
03:08:07 PM    644068   1418620     68.78     91740    495156    992612     38.40   1255508    104616       228
03:08:08 PM    643844   1418844     68.79     91740    495184    992612     38.40   1255840    104616       244
03:08:09 PM    643128   1419560     68.82     91740    495204    992612     38.40   1256452    104620       264
03:08:10 PM    642976   1419712     68.83     91740    495232    992612     38.40   1256760    104620       296
03:08:11 PM    642448   1420240     68.85     91740    495304    992612     38.40   1257196    104656       368
03:08:12 PM    641420   1421268     68.90     91748    495320    992612     38.40   1257780    104656       392
03:08:13 PM    641312   1421376     68.91     91748    495364    992612     38.40   1258140    104664       432
03:08:14 PM    640912   1421776     68.93     91748    495400    992612     38.40   1258728    104656       468
03:08:15 PM    640320   1422368     68.96     91748    495428    992612     38.40   1259288    104656       496
03:08:16 PM    639796   1422892     68.98     91748    495456    992612     38.40   1259916    104656       524
03:08:17 PM    639300   1423388     69.01     91752    495480    992612     38.40   1260460    104656       552
03:08:18 PM    638960   1423728     69.02     91752    495512    992612     38.40   1260664    104660       580
03:08:19 PM    638248   1424440     69.06     91752    495532    992612     38.40   1261364    104656       600
03:08:20 PM    637316   1425372     69.10     91752    495564    992612     38.40   1262104    104656       632
03:08:21 PM    637132   1425556     69.11     91752    495588    992612     38.40   1262360    104656       656
03:08:22 PM    636884   1425804     69.12     91756    495628    992612     38.40   1262728    104656       700
03:08:23 PM    635908   1426780     69.17     91756    495652    992612     38.40   1263376    104656       720
03:08:24 PM    634916   1427772     69.22     91756    495684    992612     38.40   1264512    104660       752
03:08:25 PM    634668   1428020     69.23     91756    495700    992612     38.40   1264864    104656       768
03:08:26 PM    634080   1428608     69.26     91756    495728    992612     38.40   1265384    104656       796
03:08:27 PM    633840   1428848     69.27     91760    495756    992612     38.40   1265876    104656       828
03:08:28 PM    633392   1429296     69.29     91760    495788    992612     38.40   1266792    104660       856
03:08:29 PM    633212   1429476     69.30     91760    495812    992612     38.40   1267096    104656       880
03:08:30 PM    632776   1429912     69.32     91760    495836    992612     38.40   1267352    104656       904
03:08:31 PM    632312   1430376     69.35     91760    495868    992612     38.40   1267840    104656       936
03:08:32 PM    632036   1430652     69.36     91760    495904    992612     38.40   1268124    104656        48
03:08:33 PM    631788   1430900     69.37     91760    495936    992612     38.40   1268284    104656        88
03:08:34 PM    630744   1431944     69.42     91760    495972    992612     38.40   1268788    104652       132
03:08:35 PM    630652   1432036     69.43     91760    495996    992612     38.40   1269080    104652       156
03:08:36 PM    630400   1432288     69.44     91760    496028    992612     38.40   1269552    104656       188
03:08:37 PM    630036   1432652     69.46     91764    496048    992612     38.40   1270000    104652       212
03:08:38 PM    629384   1433304     69.49     91764    496092    992612     38.40   1270484    104656       252
03:08:39 PM    629012   1433676     69.51     91764    496116    992612     38.40   1270816    104656       276
03:08:40 PM    628544   1434144     69.53     91764    496152    992612     38.40   1271220    104660       312
03:08:41 PM    628140   1434548     69.55     91764    496192    992612     38.40   1271540    104660       352
03:08:42 PM    628048   1434640     69.55     91768    496224    992612     38.40   1271804    104656       388
03:08:43 PM    627492   1435196     69.58     91768    496268    992612     38.40   1272432    104660       432
03:08:44 PM    627308   1435380     69.59     91768    496304    992612     38.40   1272564    104660       468
03:08:45 PM    626816   1435872     69.61     91768    496348    992612     38.40   1272724    104656       512
03:08:46 PM    626608   1436080     69.62     91768    496384    992612     38.40   1273292    104656       548
03:08:47 PM    626152   1436536     69.64     91772    496420    992612     38.40   1273980    104660       588
03:08:48 PM    626024   1436664     69.65     91772    496460    992612     38.40   1274092    104656       624
03:08:49 PM    625744   1436944     69.66     91772    496500    992612     38.40   1274240    104656       664
03:08:50 PM    625684   1437004     69.67     91772    496532    992612     38.40   1274608    104656       696
03:08:51 PM    625496   1437192     69.68     91772    496568    992612     38.40   1274796    104656       732
03:08:52 PM    625124   1437564     69.69     91780    496596    992612     38.40   1275324    104656       768
03:08:53 PM    624224   1438464     69.74     91780    496644    992612     38.40   1276260    104660       808
03:08:54 PM    623728   1438960     69.76     91780    496684    992612     38.40   1276704    104660       848
03:08:55 PM    623072   1439616     69.79     91780    496720    992612     38.40   1277104    104656       884
03:08:56 PM    622704   1439984     69.81     91780    496764    992612     38.40   1277740    104656       928
03:08:57 PM    621836   1440852     69.85     91780    496804    992612     38.40   1278660    104656       968
03:08:58 PM    621092   1441596     69.89     91780    496836    992612     38.40   1279224    104656      1000
03:08:59 PM    620784   1441904     69.90     91780    496932    992612     38.40   1279576    104656      1096
03:09:00 PM    620284   1442404     69.93     91780    496920    992612     38.40   1279772    104656      1084
03:09:01 PM    620004   1442684     69.94     91780    497024    992612     38.40   1280044    104660      1188
03:09:02 PM    619572   1443116     69.96     91788    497000    992612     38.40   1280416    104660       608
03:09:03 PM    619108   1443580     69.99     91788    497108    992612     38.40   1280944    104656       648
03:09:04 PM    618424   1444264     70.02     91788    497092    992612     38.40   1281640    104660       632
03:09:05 PM    617928   1444760     70.04     91788    497196    992612     38.40   1282272    104656       736
03:09:06 PM    617496   1445192     70.06     91788    497176    992612     38.40   1282700    104656       716
03:09:07 PM    617224   1445464     70.08     91792    497200    992612     38.40   1283132    104656       140
03:09:08 PM    616892   1445796     70.09     91792    497240    992612     38.40   1283468    104656       204
03:09:09 PM    616720   1445968     70.10     91792    497332    992612     38.40   1283708    104656       288
03:09:10 PM    616444   1446244     70.11     91792    497312    992612     38.40   1283984    104656       272
03:09:11 PM    616040   1446648     70.13     91792    497344    992612     38.40   1284356    104656       304
03:09:12 PM    615388   1447300     70.17     91800    497412    992612     38.40   1284872    104656       380
03:09:13 PM    615076   1447612     70.18     91800    497480    992612     38.40   1285332    104656       440
03:09:14 PM    614800   1447888     70.19     91800    497528    992612     38.40   1285572    104660       492
03:09:15 PM    612192   1450496     70.32     91800    497580    992612     38.40   1287652    104656       544
03:09:16 PM    612188   1450500     70.32     91800    497616    992612     38.40   1287996    104656       580
03:09:17 PM    611604   1451084     70.35     91800    497676    992612     38.40   1288520    104656       640
03:09:18 PM    611100   1451588     70.37     91800    497732    992612     38.40   1289000    104656       696
03:09:19 PM    610828   1451860     70.39     91800    497796    992612     38.40   1289324    104656       760
03:09:20 PM    610644   1452044     70.40     91800    497844    992612     38.40   1289828    104660       808
03:09:21 PM    609992   1452696     70.43     91800    497824    992612     38.40   1290392    104660       788
03:09:22 PM    609244   1453444     70.46     91808    497920    992612     38.40   1290820    104656       892
03:09:23 PM    609060   1453628     70.47     91808    497960    992612     38.40   1291164    104660       924
03:09:24 PM    608564   1454124     70.50     91808    497996    992612     38.40   1291408    104656       960
03:09:25 PM    608440   1454248     70.50     91808    498032    992612     38.40   1291556    104656       996
03:09:26 PM    608160   1454528     70.52     91808    498064    992612     38.40   1291684    104656      1028
03:09:27 PM    607632   1455056     70.54     91812    498104    992612     38.40   1292368    104656      1068
03:09:28 PM    607640   1455048     70.54     91812    498136    992612     38.40   1292764    104660      1100
03:09:29 PM    607360   1455328     70.55     91812    498164    992612     38.40   1292824    104656      1128
03:09:30 PM    607244   1455444     70.56     91812    498196    992612     38.40   1292980    104660      1160
03:09:31 PM    607168   1455520     70.56     91812    498220    992612     38.40   1292876    104656      1184
03:09:32 PM    607168   1455520     70.56     91816    498248    992612     38.40   1292904    104660      1216
03:09:33 PM    607168   1455520     70.56     91816    498288    992612     38.40   1292948    104660      1252
03:09:34 PM    607168   1455520     70.56     91816    498312    992612     38.40   1292972    104660      1276
03:09:35 PM    607012   1455676     70.57     91816    498340    992612     38.40   1293004    104656      1304
03:09:36 PM    606836   1455852     70.58     91816    498364    992612     38.40   1293032    104656      1328
03:09:37 PM    606820   1455868     70.58     91824    498392    992612     38.40   1293068    104656       576
03:09:38 PM    606852   1455836     70.58     91824    498428    992612     38.40   1293104    104660       612
03:09:39 PM    606820   1455868     70.58     91824    498456    992612     38.40   1293140    104656       640
03:09:40 PM    606820   1455868     70.58     91824    498488    992612     38.40   1293172    104656       672
03:09:41 PM    606852   1455836     70.58     91824    498512    992612     38.40   1293192    104656       696
03:09:42 PM    606928   1455760     70.58     91832    498532    992612     38.40   1293144    104660        72
03:09:43 PM    607108   1455580     70.57     91832    498572    992612     38.40   1293080    104660       172
Average:       628991   1433697     69.51     91760    496010    996095     38.53   1270777    104636       914
