Linux 4.4.0-31-generic (fw-suricata) 	12/08/2017 	_i686_	(1 CPU)

04:35:29 PM kbmemfree kbmemused  %memused kbbuffers  kbcached  kbcommit   %commit  kbactive   kbinact   kbdirty
04:35:30 PM    884332   1178356     57.13    106252    803852    744916     28.82   1004668    114684       652
04:35:31 PM    884208   1178480     57.13    106252    803916    744916     28.82   1004760    114668       732
04:35:32 PM    884052   1178636     57.14    106252    804032    744916     28.82   1004820    114664       832
04:35:33 PM    883976   1178712     57.14    106252    804040    744916     28.82   1004880    114672       844
04:35:34 PM    883836   1178852     57.15    106252    804100    744916     28.82   1004940    114672       904
04:35:35 PM    883820   1178868     57.15    106256    804148    744916     28.82   1004992    114668       956
04:35:36 PM    883712   1178976     57.16    106256    804216    744916     28.82   1005060    114668      1036
04:35:37 PM    883696   1178992     57.16    106256    804272    744916     28.82   1005120    114668      1080
04:35:38 PM    883588   1179100     57.16    106256    804332    744916     28.82   1005188    114668      1140
04:35:39 PM    883604   1179084     57.16    106256    804388    744916     28.82   1005236    114668      1196
04:35:40 PM    883556   1179132     57.16    106260    804444    744916     28.82   1005296    114668      1308
04:35:41 PM    883604   1179084     57.16    106260    804504    744916     28.82   1005368    114668      1324
04:35:42 PM    883432   1179256     57.17    106260    804564    744916     28.82   1005420    114668      1384
04:35:43 PM    883356   1179332     57.17    106260    804620    744916     28.82   1005472    114668      1440
04:35:44 PM    883308   1179380     57.18    106260    804676    744916     28.82   1005524    114668      1496
04:35:45 PM    883324   1179364     57.18    106268    804740    744916     28.82   1005588    114676      1568
04:35:46 PM    883216   1179472     57.18    106268    804804    744916     28.82   1005668    114668      1624
04:35:47 PM    883232   1179456     57.18    106268    804868    744916     28.82   1005736    114672      1680
04:35:48 PM    883092   1179596     57.19    106268    804928    744916     28.82   1005784    114672      1740
04:35:49 PM    883076   1179612     57.19    106268    804984    744916     28.82   1005852    114672      1796
04:35:50 PM    882952   1179736     57.19    106272    805044    744916     28.82   1005916    114676      1860
04:35:51 PM    882936   1179752     57.19    106276    805100    744916     28.82   1005980    114668        40
04:35:52 PM    882844   1179844     57.20    106276    805160    744916     28.82   1006056    114668       116
04:35:53 PM    882844   1179844     57.20    106276    805220    744916     28.82   1006124    114668       184
04:35:54 PM    882672   1180016     57.21    106276    805284    744916     28.82   1006164    114672       252
04:35:55 PM    882596   1180092     57.21    106280    805336    744916     28.82   1006224    114668       360
04:35:56 PM    882580   1180108     57.21    106280    805396    744916     28.82   1006304    114668       440
04:35:57 PM    882612   1180076     57.21    106280    805452    744916     28.82   1006340    114668       496
04:35:58 PM    882472   1180216     57.22    106280    805512    744916     28.82   1006384    114668       556
04:35:59 PM    882340   1180348     57.22    106280    805568    744916     28.82   1006460    114668       612
04:36:00 PM    882224   1180464     57.23    106284    805620    744916     28.82   1006524    114668       668
04:36:01 PM    882176   1180512     57.23    106284    805688    744916     28.82   1006572    114672       736
04:36:02 PM    882100   1180588     57.24    106284    805760    744916     28.82   1006664    114668       808
04:36:03 PM    882068   1180620     57.24    106284    805812    744916     28.82   1006720    114664       860
04:36:04 PM    882084   1180604     57.24    106284    805880    744916     28.82   1006788    114664       928
04:36:05 PM    881944   1180744     57.24    106288    805936    744916     28.82   1006836    114668       988
04:36:06 PM    881828   1180860     57.25    106288    806004    744916     28.82   1006912    114664      1052
04:36:07 PM    881820   1180868     57.25    106288    806056    744916     28.82   1006968    114664      1104
04:36:08 PM    881828   1180860     57.25    106288    806120    744916     28.82   1007036    114668      1168
04:36:09 PM    881688   1181000     57.26    106288    806176    744916     28.82   1007076    114668      1224
04:36:10 PM    881572   1181116     57.26    106296    806232    744916     28.82   1007148    114672      1288
04:36:11 PM    881564   1181124     57.26    106296    806296    744916     28.82   1007188    114676      1344
04:36:12 PM    881580   1181108     57.26    106296    806356    744916     28.82   1007296    114672      1404
04:36:13 PM    881496   1181192     57.26    106296    806408    744916     28.82   1007328    114672      1456
04:36:14 PM    881480   1181208     57.27    106296    806472    744916     28.82   1007388    114672      1520
04:36:15 PM    881372   1181316     57.27    106304    806576    744916     28.82   1007516    114668      1580
04:36:16 PM    881176   1181512     57.28    106304    806656    744916     28.82   1007492    114668      1704
04:36:17 PM    881232   1181456     57.28    106304    806660    744916     28.82   1007576    114676      1708
04:36:18 PM    881052   1181636     57.29    106304    806720    744916     28.82   1007652    114668      1768
04:36:19 PM    880932   1181756     57.29    106304    806776    744916     28.82   1007744    114668      1824
04:36:20 PM    880984   1181704     57.29    106312    806832    744916     28.82   1007756    114668      1888
04:36:21 PM    880852   1181836     57.30    106312    806892    744916     28.82   1007840    114668      1940
04:36:22 PM    880744   1181944     57.30    106312    806960    744916     28.82   1007904    114668      2004
04:36:23 PM    880840   1181848     57.30    106312    807012    744916     28.82   1007988    114668      2056
04:36:24 PM    880836   1181852     57.30    106312    807072    744916     28.82   1007992    114672      2116
04:36:25 PM    880564   1182124     57.31    106320    807120    744916     28.82   1008076    114668      2172
04:36:26 PM    880620   1182068     57.31    106320    807184    744916     28.82   1008136    114668        76
04:36:27 PM    880612   1182076     57.31    106320    807244    744916     28.82   1008208    114668       104
04:36:28 PM    880588   1182100     57.31    106320    807300    744916     28.82   1008264    114668       184
04:36:29 PM    880440   1182248     57.32    106320    807360    744916     28.82   1008320    114668       248
04:36:30 PM    880340   1182348     57.32    106328    807412    744916     28.82   1008388    114664       360
04:36:31 PM    880156   1182532     57.33    106328    807476    744916     28.82   1008472    114664       432
04:36:32 PM    880348   1182340     57.32    106328    807604    744916     28.82   1008532    114672       560
04:36:33 PM    880240   1182448     57.33    106328    807612    744916     28.82   1008588    114664       568
04:36:34 PM    880092   1182596     57.33    106328    807668    744916     28.82   1008648    114664       624
04:36:35 PM    879992   1182696     57.34    106336    807716    744916     28.82   1008724    114664       680
04:36:36 PM    880116   1182572     57.33    106336    807792    744916     28.82   1008796    114672       752
04:36:37 PM    879960   1182728     57.34    106336    807848    744916     28.82   1008832    114672       808
04:36:38 PM    879844   1182844     57.34    106336    807908    744916     28.82   1008884    114676       868
04:36:39 PM    879712   1182976     57.35    106336    807968    744916     28.82   1008952    114672       928
04:36:40 PM    879712   1182976     57.35    106344    808016    744916     28.82   1008992    114672       984
04:36:41 PM    879620   1183068     57.36    106344    808084    744916     28.82   1009072    114672      1044
04:36:42 PM    879628   1183060     57.36    106344    808144    744916     28.82   1009132    114676      1104
04:36:43 PM    879580   1183108     57.36    106344    808204    744916     28.82   1009212    114668      1164
04:36:44 PM    879512   1183176     57.36    106344    808260    744916     28.82   1009244    114668      1220
04:36:45 PM    879464   1183224     57.36    106352    808308    744916     28.82   1009308    114668      1276
04:36:46 PM    879348   1183340     57.37    106352    808380    744916     28.82   1009380    114668      1340
04:36:47 PM    879216   1183472     57.38    106352    808452    744916     28.82   1009452    114680      1412
04:36:48 PM    879248   1183440     57.37    106352    808512    744916     28.82   1009496    114676      1472
04:36:49 PM    879092   1183596     57.38    106352    808572    744916     28.82   1009576    114672      1532
04:36:50 PM    879108   1183580     57.38    106356    808632    744916     28.82   1009656    114672      1596
04:36:51 PM    878984   1183704     57.39    106356    808696    744916     28.82   1009728    114676      1656
04:36:52 PM    878852   1183836     57.39    106356    808756    744916     28.82   1009776    114668      1716
04:36:53 PM    878836   1183852     57.39    106356    808816    744916     28.82   1009836    114672      1776
04:36:54 PM    878720   1183968     57.40    106356    808872    744916     28.82   1009868    114668      1832
04:36:55 PM    878856   1183832     57.39    106364    808920    744916     28.82   1009972    114668      1888
04:36:56 PM    878596   1184092     57.41    106364    808984    744916     28.82   1010012    114668      1944
04:36:57 PM    878636   1184052     57.40    106364    809044    744916     28.82   1010072    114664      1980
04:36:58 PM    878472   1184216     57.41    106364    809104    744916     28.82   1010112    114668      2044
04:36:59 PM    878600   1184088     57.41    106364    809160    744916     28.82   1010220    114668      2100
04:37:00 PM    878480   1184208     57.41    106364    809216    744916     28.82   1010252    114668      2156
04:37:01 PM    878472   1184216     57.41    106364    809276    744916     28.82   1010312    114664        72
04:37:02 PM    878272   1184416     57.42    106364    809388    744916     28.82   1010404    114664       184
04:37:03 PM    878364   1184324     57.42    106364    809404    744916     28.82   1010460    114672       264
04:37:04 PM    878264   1184424     57.42    106364    809472    744916     28.82   1010508    114676       272
04:37:05 PM    878092   1184596     57.43    106372    809524    744916     28.82   1010572    114668       384
04:37:06 PM    878040   1184648     57.43    106372    809588    744916     28.82   1010664    114668       448
04:37:07 PM    878132   1184556     57.43    106372    809644    744916     28.82   1010716    114668       504
04:37:08 PM    877860   1184828     57.44    106372    809704    744916     28.82   1010760    114668       564
04:37:09 PM    877844   1184844     57.44    106372    809760    744916     28.82   1010812    114668       620
04:37:10 PM    877724   1184964     57.45    106380    809808    744916     28.82   1010872    114668       676
04:37:11 PM    877628   1185060     57.45    106380    809884    744916     28.82   1010968    114672       748
04:37:12 PM    877644   1185044     57.45    106380    809936    744916     28.82   1010964    114668       800
04:37:13 PM    877528   1185160     57.46    106380    810000    744916     28.82   1011064    114668       864
04:37:14 PM    877492   1185196     57.46    106380    810052    744916     28.82   1011120    114668       916
04:37:15 PM    877464   1185224     57.46    106384    810112    744916     28.82   1011200    114672       980
04:37:16 PM    877396   1185292     57.46    106384    810172    744916     28.82   1011240    114668      1036
04:37:17 PM    877348   1185340     57.47    106384    810232    744916     28.82   1011304    114668      1096
04:37:18 PM    877364   1185324     57.47    106384    810296    744916     28.82   1011440    114672      1160
04:37:19 PM    877216   1185472     57.47    106384    810360    744916     28.82   1011512    114672      1224
04:37:20 PM    877116   1185572     57.48    106384    810420    744916     28.82   1011580    114668      1284
04:37:21 PM    877092   1185596     57.48    106384    810488    744916     28.82   1011616    114668      1352
04:37:22 PM    877108   1185580     57.48    106384    810540    744916     28.82   1011740    114668      1404
04:37:23 PM    876976   1185712     57.48    106384    810600    744916     28.82   1011764    114668      1464
04:37:24 PM    876868   1185820     57.49    106384    810656    744916     28.82   1011832    114668      1520
04:37:25 PM    876892   1185796     57.49    106388    810720    744916     28.82   1011896    114668      1588
04:37:26 PM    876704   1185984     57.50    106388    810776    744916     28.82   1011980    114668      1640
04:37:27 PM    876604   1186084     57.50    106388    810836    744916     28.82   1011980    114668      1696
04:37:28 PM    876628   1186060     57.50    106388    810892    744916     28.82   1011996    114668      1752
04:37:29 PM    876644   1186044     57.50    106388    810960    744916     28.82   1012068    114672      1820
04:37:30 PM    876620   1186068     57.50    106392    811008    744916     28.82   1012120    114668      1872
04:37:31 PM    876520   1186168     57.51    106392    811072    744916     28.82   1012168    114668      1936
04:37:32 PM    876380   1186308     57.51    106392    811124    744916     28.82   1012224    114664      1940
04:37:33 PM    876388   1186300     57.51    106392    811188    744916     28.82   1012292    114668      2004
04:37:34 PM    876340   1186348     57.51    106392    811248    744916     28.82   1012328    114668      2064
04:37:35 PM    876280   1186408     57.52    106400    811300    744916     28.82   1012400    114668      2124
04:37:36 PM    876124   1186564     57.53    106400    811372    744916     28.82   1012484    114664       104
04:37:37 PM    876156   1186532     57.52    106400    811436    744916     28.82   1012552    114668       148
04:37:38 PM    876156   1186532     57.52    106400    811492    744916     28.82   1012580    114668       204
04:37:39 PM    876024   1186664     57.53    106400    811552    744916     28.82   1012656    114668       268
04:37:40 PM    876000   1186688     57.53    106404    811612    744916     28.82   1012764    114668       384
04:37:41 PM    875992   1186696     57.53    106404    811672    744916     28.82   1012836    114668       444
04:37:42 PM    876040   1186648     57.53    106404    811728    744916     28.82   1012876    114668       500
04:37:43 PM    875860   1186828     57.54    106404    811788    744916     28.82   1012948    114672       560
04:37:44 PM    875712   1186976     57.55    106404    811844    744916     28.82   1012964    114668       616
04:37:45 PM    875696   1186992     57.55    106408    811900    744916     28.82   1013064    114668       676
04:37:46 PM    875636   1187052     57.55    106408    811972    744916     28.82   1013092    114676       748
04:37:47 PM    875652   1187036     57.55    106408    812028    744916     28.82   1013148    114672       804
04:37:48 PM    875512   1187176     57.55    106408    812084    744916     28.82   1013124    114668       860
04:37:49 PM    875536   1187152     57.55    106408    812144    744916     28.82   1013088    114668       920
Average:       879771   1182917     57.35    106334    807999    744916     28.82   1008989    114669      1106
