Linux 4.4.0-31-generic (fw-suricata) 	12/08/2017 	_i686_	(1 CPU)

06:01:04 PM  CPU    %usr   %nice    %sys %iowait    %irq   %soft  %steal  %guest  %gnice   %idle
06:01:05 PM  all    1.01    0.00   11.11    0.00    0.00    0.00    0.00    0.00    0.00   87.88
06:01:06 PM  all    1.00    0.00    6.00    0.00    0.00    0.00    0.00    0.00    0.00   93.00
06:01:07 PM  all    1.01    0.00    4.04    1.01    0.00    0.00    1.01    0.00    0.00   92.93
06:01:08 PM  all    1.02    0.00    4.08    0.00    0.00    0.00    0.00    0.00    0.00   94.90
06:01:09 PM  all    1.01    0.00    4.04    0.00    0.00    0.00    0.00    0.00    0.00   94.95
06:01:10 PM  all    1.00    0.00    4.00    0.00    0.00    0.00    0.00    0.00    0.00   95.00
06:01:11 PM  all    0.00    0.00    2.02    0.00    0.00    0.00    1.01    0.00    0.00   96.97
06:01:12 PM  all    2.02    0.00    2.02    1.01    0.00    0.00    0.00    0.00    0.00   94.95
06:01:13 PM  all    1.01    0.00    3.03    0.00    0.00    0.00    0.00    0.00    0.00   95.96
06:01:14 PM  all    0.00    0.00    3.00    0.00    0.00    0.00    1.00    0.00    0.00   96.00
06:01:15 PM  all    1.02    0.00    2.04    0.00    0.00    0.00    0.00    0.00    0.00   96.94
06:01:16 PM  all    1.00    0.00    3.00    0.00    0.00    0.00    1.00    0.00    0.00   95.00
06:01:17 PM  all    0.00    0.00    3.03    8.08    0.00    0.00    0.00    0.00    0.00   88.89
06:01:18 PM  all    2.02    0.00    2.02    0.00    0.00    0.00    0.00    0.00    0.00   95.96
06:01:19 PM  all    1.01    0.00    2.02    0.00    0.00    0.00    0.00    0.00    0.00   96.97
06:01:20 PM  all    1.01    0.00    2.02    0.00    0.00    0.00    1.01    0.00    0.00   95.96
06:01:21 PM  all    1.00    0.00    4.00    0.00    0.00    0.00    0.00    0.00    0.00   95.00
06:01:22 PM  all    1.00    0.00    3.00    9.00    0.00    0.00    1.00    0.00    0.00   86.00
06:01:23 PM  all    1.01    0.00    3.03    0.00    0.00    0.00    0.00    0.00    0.00   95.96
06:01:24 PM  all    0.00    0.00    3.03    0.00    0.00    0.00    1.01    0.00    0.00   95.96
06:01:25 PM  all    2.00    0.00    2.00    0.00    0.00    0.00    1.00    0.00    0.00   95.00
06:01:26 PM  all    0.99    0.00    3.96    0.00    0.00    0.00    0.99    0.00    0.00   94.06
06:01:27 PM  all    1.01    0.00    2.02    2.02    0.00    0.00    0.00    0.00    0.00   94.95
06:01:28 PM  all    0.00    0.00    3.00    0.00    0.00    0.00    1.00    0.00    0.00   96.00
06:01:29 PM  all    0.00    0.00    3.06    0.00    0.00    0.00    0.00    0.00    0.00   96.94
06:01:30 PM  all    1.00    0.00    3.00    0.00    0.00    0.00    1.00    0.00    0.00   95.00
06:01:31 PM  all    1.02    0.00    2.04    0.00    0.00    0.00    0.00    0.00    0.00   96.94
06:01:32 PM  all    0.00    0.00    3.00    5.00    0.00    0.00    1.00    0.00    0.00   91.00
06:01:33 PM  all    2.00    0.00    3.00    0.00    0.00    0.00    0.00    0.00    0.00   95.00
06:01:34 PM  all    0.00    0.00    2.02    0.00    0.00    0.00    1.01    0.00    0.00   96.97
06:01:35 PM  all    2.02    0.00    2.02    0.00    0.00    0.00    0.00    0.00    0.00   95.96
06:01:36 PM  all    0.00    0.00    2.04    0.00    0.00    0.00    1.02    0.00    0.00   96.94
06:01:37 PM  all    1.00    0.00    2.00    7.00    0.00    1.00    1.00    0.00    0.00   88.00
06:01:38 PM  all    1.02    0.00    2.04    0.00    0.00    0.00    0.00    0.00    0.00   96.94
06:01:39 PM  all    0.99    0.00    3.96    0.00    0.00    0.00    0.00    0.00    0.00   95.05
06:01:40 PM  all    0.00    0.00    4.00    0.00    0.00    0.00    1.00    0.00    0.00   95.00
06:01:41 PM  all    2.00    0.00    2.00    0.00    0.00    0.00    0.00    0.00    0.00   96.00
06:01:42 PM  all    1.01    0.00    3.03    2.02    0.00    0.00    0.00    0.00    0.00   93.94
06:01:43 PM  all    1.00    0.00    3.00    0.00    0.00    0.00    1.00    0.00    0.00   95.00
06:01:44 PM  all    1.96    0.00    1.96    0.00    0.00    0.98    2.94    0.00    0.00   92.16
06:01:45 PM  all    1.01    0.00    2.02    0.00    0.00    0.00    0.00    0.00    0.00   96.97
06:01:46 PM  all    2.02    0.00    2.02    0.00    0.00    0.00    1.01    0.00    0.00   94.95
06:01:47 PM  all    1.00    0.00    3.00    1.00    0.00    0.00    0.00    0.00    0.00   95.00
06:01:48 PM  all    1.01    0.00    3.03    0.00    0.00    0.00    0.00    0.00    0.00   95.96
06:01:49 PM  all    0.99    0.00    2.97    0.00    0.00    0.00    0.99    0.00    0.00   95.05
06:01:50 PM  all    0.99    0.00    3.96    0.00    0.00    0.00    0.99    0.00    0.00   94.06
06:01:51 PM  all    2.00    0.00    3.00    0.00    0.00    0.00    0.00    0.00    0.00   95.00
06:01:52 PM  all    1.98    0.00    2.97    6.93    0.00    0.00    0.99    0.00    0.00   87.13
06:01:53 PM  all    1.00    0.00    3.00    0.00    0.00    0.00    0.00    0.00    0.00   96.00
06:01:54 PM  all    0.98    0.00    3.92    0.00    0.00    0.00    0.98    0.00    0.00   94.12
06:01:55 PM  all    1.01    0.00    2.02    0.00    0.00    0.00    1.01    0.00    0.00   95.96
06:01:56 PM  all    0.00    0.00    4.04    0.00    0.00    0.00    0.00    0.00    0.00   95.96
06:01:57 PM  all    1.94    0.00    3.88   49.51    0.00    0.97    1.94    0.00    0.00   41.75
06:01:58 PM  all    2.00    0.00    2.00    5.00    0.00    0.00    0.00    0.00    0.00   91.00
06:01:59 PM  all    0.99    0.00    2.97    0.00    0.00    0.99    0.99    0.00    0.00   94.06
06:02:00 PM  all    1.98    0.00    2.97    0.00    0.00    0.00    0.99    0.00    0.00   94.06
06:02:01 PM  all    0.99    0.00    3.96    0.00    0.00    0.00    0.00    0.00    0.00   95.05
06:02:02 PM  all    1.03    0.00    2.06    2.06    0.00    0.00    0.00    0.00    0.00   94.85
06:02:03 PM  all    1.96    0.00    2.94    0.00    0.00    0.00    0.98    0.00    0.00   94.12
06:02:04 PM  all    1.01    0.00    2.02    0.00    0.00    0.00    1.01    0.00    0.00   95.96
06:02:05 PM  all    1.00    0.00    4.00    0.00    0.00    0.00    0.00    0.00    0.00   95.00
06:02:06 PM  all    1.01    0.00    3.03    0.00    0.00    0.00    0.00    0.00    0.00   95.96
06:02:07 PM  all    0.00    0.00    4.00    2.00    0.00    0.00    1.00    0.00    0.00   93.00
06:02:08 PM  all    0.00    0.00    3.03    0.00    0.00    0.00    0.00    0.00    0.00   96.97
06:02:09 PM  all    1.01    0.00    3.03    0.00    0.00    0.00    0.00    0.00    0.00   95.96
06:02:10 PM  all    2.97    0.00    1.98    0.00    0.00    0.00    0.99    0.00    0.00   94.06
06:02:11 PM  all    1.01    0.00    3.03    0.00    0.00    0.00    0.00    0.00    0.00   95.96
06:02:12 PM  all    1.01    0.00    2.02    5.05    0.00    0.00    1.01    0.00    0.00   90.91
06:02:13 PM  all    1.01    0.00    2.02    0.00    0.00    0.00    1.01    0.00    0.00   95.96
06:02:14 PM  all    1.00    0.00    3.00    0.00    0.00    0.00    0.00    0.00    0.00   96.00
06:02:15 PM  all    1.01    0.00    2.02    0.00    0.00    0.00    1.01    0.00    0.00   95.96
06:02:16 PM  all    1.00    0.00    2.00    0.00    0.00    1.00    1.00    0.00    0.00   95.00
06:02:17 PM  all    1.01    0.00    2.02    4.04    0.00    0.00    0.00    0.00    0.00   92.93
06:02:18 PM  all    0.00    0.00    3.06    0.00    0.00    0.00    0.00    0.00    0.00   96.94
06:02:19 PM  all    1.00    0.00    3.00    0.00    0.00    0.00    0.00    0.00    0.00   96.00
06:02:20 PM  all    1.01    0.00    2.02    0.00    0.00    0.00    1.01    0.00    0.00   95.96
06:02:21 PM  all    1.04    0.00    3.12    0.00    0.00    0.00    0.00    0.00    0.00   95.83
06:02:22 PM  all    1.01    0.00    3.03    1.01    0.00    0.00    1.01    0.00    0.00   93.94
06:02:23 PM  all    1.00    0.00    2.00    0.00    0.00    1.00    1.00    0.00    0.00   95.00
06:02:24 PM  all    1.00    0.00    2.00    0.00    0.00    0.00    1.00    0.00    0.00   96.00
06:02:25 PM  all    0.00    0.00    4.08    0.00    0.00    0.00    0.00    0.00    0.00   95.92
06:02:26 PM  all    0.99    0.00    3.96    0.00    0.00    0.00    0.00    0.00    0.00   95.05
06:02:27 PM  all    1.01    0.00    2.02   37.37    0.00    0.00    1.01    0.00    0.00   58.59
06:02:28 PM  all    1.98    0.00    2.97    0.00    0.00    0.00    0.00    0.00    0.00   95.05
06:02:29 PM  all    1.01    0.00    3.03    0.00    0.00    0.00    0.00    0.00    0.00   95.96
06:02:30 PM  all    0.00    0.00    3.03    0.00    0.00    0.00    1.01    0.00    0.00   95.96
06:02:31 PM  all    1.01    0.00    2.02    0.00    0.00    0.00    0.00    0.00    0.00   96.97
06:02:32 PM  all    1.01    0.00    3.03    7.07    0.00    0.00    1.01    0.00    0.00   87.88
06:02:33 PM  all    1.01    0.00    2.02    0.00    0.00    0.00    0.00    0.00    0.00   96.97
06:02:34 PM  all    2.00    0.00    2.00    0.00    0.00    0.00    1.00    0.00    0.00   95.00
06:02:35 PM  all    1.01    0.00    2.02    0.00    0.00    0.00    0.00    0.00    0.00   96.97
06:02:36 PM  all    1.01    0.00    3.03    0.00    0.00    0.00    0.00    0.00    0.00   95.96
06:02:37 PM  all    1.03    0.00    2.06    5.15    0.00    0.00    0.00    0.00    0.00   91.75
06:02:38 PM  all    0.00    0.00    3.03    0.00    0.00    0.00    1.01    0.00    0.00   95.96
06:02:39 PM  all    2.00    0.00    2.00    0.00    0.00    0.00    1.00    0.00    0.00   95.00
06:02:40 PM  all    0.00    0.00    3.03    0.00    0.00    0.00    1.01    0.00    0.00   95.96
06:02:41 PM  all    1.01    0.00    3.03    0.00    0.00    0.00    0.00    0.00    0.00   95.96
06:02:42 PM  all    1.01    0.00    1.01    4.04    0.00    0.00    1.01    0.00    0.00   92.93
06:02:43 PM  all    0.00    0.00    3.03    0.00    0.00    0.00    0.00    0.00    0.00   96.97
06:02:44 PM  all    1.00    0.00    3.00    0.00    0.00    0.00    1.00    0.00    0.00   95.00
06:02:45 PM  all    0.00    0.00    3.06    0.00    0.00    0.00    0.00    0.00    0.00   96.94
06:02:46 PM  all    0.00    0.00    2.04    0.00    0.00    0.00    1.02    0.00    0.00   96.94
06:02:47 PM  all    2.02    0.00    2.02   10.10    0.00    0.00    0.00    0.00    0.00   85.86
06:02:48 PM  all    2.00    0.00    2.00    0.00    0.00    0.00    1.00    0.00    0.00   95.00
06:02:49 PM  all    0.00    0.00    3.03    0.00    0.00    0.00    1.01    0.00    0.00   95.96
06:02:50 PM  all    1.00    0.00    3.00    0.00    0.00    0.00    0.00    0.00    0.00   96.00
06:02:51 PM  all    0.00    0.00    2.04    0.00    0.00    0.00    2.04    0.00    0.00   95.92
06:02:52 PM  all    1.00    0.00    4.00    4.00    0.00    0.00    1.00    0.00    0.00   90.00
06:02:53 PM  all    1.00    0.00    4.00    0.00    0.00    0.00    1.00    0.00    0.00   94.00
06:02:54 PM  all    1.00    0.00    2.00    0.00    0.00    0.00    2.00    0.00    0.00   95.00
06:02:55 PM  all    1.00    0.00    3.00    0.00    0.00    0.00    1.00    0.00    0.00   95.00
06:02:56 PM  all    0.98    0.00    3.92    0.00    0.00    0.00    0.98    0.00    0.00   94.12
06:02:57 PM  all    0.99    0.00    3.96    1.98    0.00    0.00    0.99    0.00    0.00   92.08
06:02:58 PM  all    1.98    0.00    2.97    0.00    0.00    0.00    0.99    0.00    0.00   94.06
06:02:59 PM  all    0.00    0.00    3.03    0.00    0.00    0.00    1.01    0.00    0.00   95.96
06:03:00 PM  all    0.99    0.00    3.96    0.00    0.00    0.00    0.99    0.00    0.00   94.06
06:03:01 PM  all    2.00    0.00    3.00    0.00    0.00    0.00    1.00    0.00    0.00   94.00
06:03:02 PM  all    1.94    0.00    3.88   15.53    0.00    0.00    0.97    0.00    0.00   77.67
06:03:03 PM  all    0.00    0.00    3.06    0.00    0.00    0.00    0.00    0.00    0.00   96.94
06:03:04 PM  all    0.00    0.00    4.00    0.00    0.00    0.00    1.00    0.00    0.00   95.00
06:03:05 PM  all    1.98    0.00    1.98    0.00    0.00    0.00    0.99    0.00    0.00   95.05
06:03:06 PM  all    2.02    0.00    2.02    0.00    0.00    0.00    0.00    0.00    0.00   95.96
06:03:07 PM  all    0.00    0.00    4.04    2.02    0.00    0.00    0.00    0.00    0.00   93.94
06:03:08 PM  all    1.00    0.00    3.00    0.00    0.00    0.00    0.00    0.00    0.00   96.00
06:03:09 PM  all    1.01    0.00    3.03    0.00    0.00    0.00    0.00    0.00    0.00   95.96
06:03:10 PM  all    1.98    0.00    3.96    0.00    0.00    0.00    0.99    0.00    0.00   93.07
06:03:11 PM  all    2.00    0.00    3.00    0.00    0.00    0.00    0.00    0.00    0.00   95.00
06:03:12 PM  all    0.00    0.00    4.12    2.06    0.00    0.00    0.00    0.00    0.00   93.81
06:03:13 PM  all    1.98    0.00    3.96    0.00    0.00    0.00    0.99    0.00    0.00   93.07
06:03:14 PM  all    1.02    0.00    3.06    0.00    0.00    0.00    0.00    0.00    0.00   95.92
06:03:15 PM  all    2.02    0.00    1.01    0.00    0.00    1.01    0.00    0.00    0.00   95.96
06:03:16 PM  all    2.02    0.00    4.04    0.00    0.00    0.00    0.00    0.00    0.00   93.94
06:03:17 PM  all    2.02    0.00    4.04    3.03    0.00    0.00    0.00    0.00    0.00   90.91
06:03:18 PM  all    2.97    0.00    3.96    0.00    0.00    0.00    0.99    0.00    0.00   92.08
06:03:19 PM  all    2.04    0.00    3.06    0.00    0.00    0.00    0.00    0.00    0.00   94.90
06:03:20 PM  all    2.02    0.00    5.05    0.00    0.00    0.00    0.00    0.00    0.00   92.93
06:03:21 PM  all    0.00    0.00    4.12    0.00    0.00    0.00    0.00    0.00    0.00   95.88
06:03:22 PM  all    1.98    0.00    1.98    8.91    0.00    0.99    0.99    0.00    0.00   85.15
06:03:23 PM  all    0.99    0.00    3.96    0.00    0.00    0.00    0.00    0.00    0.00   95.05
06:03:24 PM  all    1.02    0.00    2.04    0.00    0.00    0.00    0.00    0.00    0.00   96.94
Average:     all    1.06    0.00    2.98    1.54    0.00    0.06    0.53    0.00    0.00   93.83
