Linux 4.4.0-31-generic (ids-suricata) 	12/08/2017 	_i686_	(1 CPU)

03:49:58 PM kbmemfree kbmemused  %memused kbbuffers  kbcached  kbcommit   %commit  kbactive   kbinact   kbdirty
03:49:59 PM    701008   1361680     66.01     95484    566064    746104     28.86   1186156    118576       660
03:50:00 PM    700752   1361936     66.03     95484    566168    746104     28.86   1186236    118560       764
03:50:01 PM    701744   1360944     65.98     95484    566164    746104     28.86   1185272    118556       764
03:50:02 PM    703492   1359196     65.89     95484    566260    746104     28.86   1183912    118552       868
03:50:03 PM    703524   1359164     65.89     95492    566320    746104     28.86   1183976    118552       988
03:50:04 PM    703532   1359156     65.89     95492    566400    746104     28.86   1184056    118552      1088
03:50:05 PM    698552   1364136     66.13     95492    566480    758208     29.33   1187304    118552      1168
03:50:06 PM    698072   1364616     66.16     95492    566480    758208     29.33   1187360    118564      1176
03:50:07 PM    698040   1364648     66.16     95492    566560    758208     29.33   1187440    118564      1256
03:50:08 PM    698072   1364616     66.16     95500    566612    758208     29.33   1187508    118560      1316
03:50:09 PM    697948   1364740     66.16     95500    566620    758208     29.33   1187536    118560      1332
03:50:10 PM    697576   1365112     66.18     95500    566712    758208     29.33   1187584    118560      1424
03:50:11 PM    697576   1365112     66.18     95500    566712    758208     29.33   1187640    118564      1424
03:50:12 PM    697420   1365268     66.19     95500    566752    758208     29.33   1187684    118560      1464
03:50:13 PM    697452   1365236     66.19     95508    566860    758208     29.33   1187824    118560      1580
03:50:14 PM    697296   1365392     66.19     95508    566984    758208     29.33   1187892    118572       532
03:50:15 PM    697204   1365484     66.20     95508    566984    758208     29.33   1187932    118560       536
03:50:16 PM    697172   1365516     66.20     95508    567100    758208     29.33   1188032    118564       652
03:50:17 PM    697048   1365640     66.21     95508    567168    758208     29.33   1188116    118560       720
03:50:18 PM    696956   1365732     66.21     95512    567168    758208     29.33   1188144    118560       724
03:50:19 PM    696924   1365764     66.21     95512    567236    758208     29.33   1188216    118560       784
03:50:20 PM    696956   1365732     66.21     95512    567332    758208     29.33   1188308    118560       880
03:50:21 PM    696800   1365888     66.22     95512    567372    758208     29.33   1188384    118560       920
03:50:22 PM    696708   1365980     66.22     95512    567508    758208     29.33   1188504    118560      1056
03:50:23 PM    696584   1366104     66.23     95516    567600    758208     29.33   1188604    118560      1152
03:50:24 PM    696428   1366260     66.24     95516    567696    758208     29.33   1188708    118564      1188
03:50:25 PM    696292   1366396     66.24     95516    567732    758208     29.33   1188776    118560      1224
03:50:26 PM    696304   1366384     66.24     95516    567900    758208     29.33   1188972    118560      1392
03:50:27 PM    696148   1366540     66.25     95516    567940    758208     29.33   1189024    118564      1432
03:50:28 PM    696088   1366600     66.25     95516    568124    758208     29.33   1189248    118560      1616
03:50:29 PM    695776   1366912     66.27     95516    568156    758208     29.33   1189356    118556      1240
03:50:30 PM    695840   1366848     66.27     95516    568272    758208     29.33   1189456    118560      1320
03:50:31 PM    695592   1367096     66.28     95516    568452    758208     29.33   1189676    118556      1500
03:50:32 PM    695468   1367220     66.28     95516    568460    758208     29.33   1189732    118556      1508
03:50:33 PM    695312   1367376     66.29     95520    568508    758208     29.33   1189816    118556      1560
03:50:34 PM    695468   1367220     66.28     95520    568552    758208     29.33   1189876    118560      1460
03:50:35 PM    695280   1367408     66.29     95520    568648    758208     29.33   1189984    118556      1560
03:50:36 PM    695220   1367468     66.30     95520    568644    758208     29.33   1190060    118560      1560
03:50:37 PM    695096   1367592     66.30     95520    568692    758208     29.33   1190132    118556      1608
03:50:38 PM    694964   1367724     66.31     95524    568712    758208     29.33   1190344    118556      1632
03:50:39 PM    694832   1367856     66.31     95524    568752    758208     29.33   1190524    118556      1676
03:50:40 PM    694700   1367988     66.32     95524    568768    758208     29.33   1190680    118564      1692
03:50:41 PM    694544   1368144     66.33     95524    568800    758208     29.33   1190724    118556      1724
03:50:42 PM    694328   1368360     66.34     95524    568836    758208     29.33   1190808    118560      1760
03:50:43 PM    694204   1368484     66.34     95532    568860    758208     29.33   1190860    118556      1792
03:50:44 PM    694132   1368556     66.35     95532    568900    758208     29.33   1191036    118560      1832
03:50:45 PM    694072   1368616     66.35     95532    568920    758208     29.33   1191184    118560      1852
03:50:46 PM    693824   1368864     66.36     95532    568956    758208     29.33   1191216    118560      1888
03:50:47 PM    693824   1368864     66.36     95532    568992    758208     29.33   1191356    118568      1924
03:50:48 PM    693676   1369012     66.37     95540    569012    758208     29.33   1191312    118564      1952
03:50:49 PM    693716   1368972     66.37     95540    569036    758208     29.33   1191296    118560       404
03:50:50 PM    693708   1368980     66.37     95540    569064    758208     29.33   1191496    118560       436
03:50:51 PM    693784   1368904     66.37     95540    569100    758208     29.33   1191372    118560       472
03:50:52 PM    693848   1368840     66.36     95540    569132    758208     29.33   1191436    118560       504
03:50:53 PM    693816   1368872     66.36     95540    569152    758208     29.33   1191516    118564       524
03:50:54 PM    693840   1368848     66.36     95540    569172    758208     29.33   1191648    118560       552
03:50:55 PM    693520   1369168     66.38     95540    569204    758208     29.33   1191860    118560       584
03:50:56 PM    693424   1369264     66.38     95540    569236    758208     29.33   1191876    118564       616
03:50:57 PM    693464   1369224     66.38     95540    569256    758208     29.33   1191992    118560       636
03:50:58 PM    693184   1369504     66.39     95540    569280    758208     29.33   1192036    118560       660
03:50:59 PM    693028   1369660     66.40     95544    569308    758208     29.33   1192128    118564       688
03:51:00 PM    692904   1369784     66.41     95544    569332    758208     29.33   1192228    118564       712
03:51:01 PM    692872   1369816     66.41     95544    569380    758208     29.33   1192236    118560       760
03:51:02 PM    692844   1369844     66.41     95544    569396    758208     29.33   1192308    118560       776
03:51:03 PM    692756   1369932     66.41     95544    569428    758208     29.33   1192632    118560       808
03:51:04 PM    692884   1369804     66.41     95544    569444    758208     29.33   1192292    118560       252
03:51:05 PM    692928   1369760     66.41     95544    569484    758208     29.33   1192288    118564       328
03:51:06 PM    692960   1369728     66.41     95544    569500    758208     29.33   1192276    118564       344
03:51:07 PM    692992   1369696     66.40     95544    569524    758208     29.33   1192324    118564       368
03:51:08 PM    692992   1369696     66.40     95544    569540    758208     29.33   1192364    118560       384
03:51:09 PM    692992   1369696     66.40     95552    569556    758208     29.33   1192436    118564       336
03:51:10 PM    692804   1369884     66.41     95552    569608    758208     29.33   1192560    118576       408
03:51:11 PM    692796   1369892     66.41     95552    569644    758208     29.33   1192608    118580       444
03:51:12 PM    692784   1369904     66.41     95552    569664    758208     29.33   1192692    118576       468
03:51:13 PM    692836   1369852     66.41     95552    569696    758208     29.33   1192632    118576       500
03:51:14 PM    692828   1369860     66.41     95552    569724    758208     29.33   1192760    118576       528
03:51:15 PM    692672   1370016     66.42     95552    569748    758208     29.33   1192816    118576       552
03:51:16 PM    692612   1370076     66.42     95552    569768    758208     29.33   1192840    118584       572
03:51:17 PM    692612   1370076     66.42     95552    569792    758208     29.33   1192904    118576       596
03:51:18 PM    692404   1370284     66.43     95552    569816    758208     29.33   1193108    118580       620
03:51:19 PM    692420   1370268     66.43     95556    569848    758208     29.33   1192980    118576       656
03:51:20 PM    692492   1370196     66.43     95556    569880    758208     29.33   1192968    118572       684
03:51:21 PM    692552   1370136     66.42     95556    569920    758208     29.33   1193012    118572       724
03:51:22 PM    692492   1370196     66.43     95556    569952    758208     29.33   1193060    118580       756
03:51:23 PM    692336   1370352     66.44     95556    569972    758208     29.33   1193112    118580       776
03:51:24 PM    692436   1370252     66.43     95556    569996    758208     29.33   1193028    118572       392
03:51:25 PM    692436   1370252     66.43     95556    570032    758208     29.33   1193080    118576       440
03:51:26 PM    692500   1370188     66.43     95556    570056    758208     29.33   1193064    118572       464
03:51:27 PM    692500   1370188     66.43     95556    570080    758208     29.33   1193088    118572       488
03:51:28 PM    692500   1370188     66.43     95556    570108    758208     29.33   1193112    118576       516
03:51:29 PM    692320   1370368     66.44     95564    570132    758208     29.33   1193264    118576       548
03:51:30 PM    692368   1370320     66.43     95564    570180    758208     29.33   1193296    118576       588
03:51:31 PM    692344   1370344     66.43     95564    570208    758208     29.33   1193216    118580       616
03:51:32 PM    692344   1370344     66.43     95564    570228    758208     29.33   1193236    118576       636
03:51:33 PM    692312   1370376     66.44     95564    570256    758208     29.33   1193268    118576       664
03:51:34 PM    692312   1370376     66.44     95568    570276    758208     29.33   1193336    118576       688
03:51:35 PM    692252   1370436     66.44     95568    570296    758208     29.33   1193320    118576       704
03:51:36 PM    692064   1370624     66.45     95568    570392    758208     29.33   1193444    118576       800
03:51:37 PM    692064   1370624     66.45     95568    570388    758208     29.33   1193444    118576       796
03:51:38 PM    692128   1370560     66.45     95568    570444    758208     29.33   1193504    118576       852
03:51:39 PM    692128   1370560     66.45     95572    570516    758208     29.33   1193524    118576       356
03:51:40 PM    691940   1370748     66.45     95572    570596    758208     29.33   1193640    118580       480
03:51:41 PM    691980   1370708     66.45     95572    570604    758208     29.33   1193892    118580       488
03:51:42 PM    691940   1370748     66.45     95572    570624    758208     29.33   1193652    118576       508
03:51:43 PM    691632   1371056     66.47     95572    570724    758208     29.33   1193736    118576       608
03:51:44 PM    691600   1371088     66.47     95572    570808    758208     29.33   1193824    118576       620
03:51:45 PM    691692   1370996     66.47     95572    570804    758208     29.33   1193872    118576       644
03:51:46 PM    691632   1371056     66.47     95572    570844    758208     29.33   1193908    118576       684
03:51:47 PM    691632   1371056     66.47     95572    570944    758208     29.33   1193996    118576       784
03:51:48 PM    691436   1371252     66.48     95572    571040    758208     29.33   1194180    118580       880
03:51:49 PM    691368   1371320     66.48     95580    571028    758208     29.33   1194168    118576       876
03:51:50 PM    691236   1371452     66.49     95580    571136    758208     29.33   1194332    118576       980
03:51:51 PM    691252   1371436     66.49     95580    571228    758208     29.33   1194348    118576      1072
03:51:52 PM    691004   1371684     66.50     95580    571296    758208     29.33   1194424    118572      1144
03:51:53 PM    690940   1371748     66.50     95580    571288    758208     29.33   1194460    118572      1136
03:51:54 PM    690848   1371840     66.51     95580    571400    758208     29.33   1194568    118576      1248
03:51:55 PM    690816   1371872     66.51     95580    571412    758208     29.33   1194560    118576      1260
03:51:56 PM    690756   1371932     66.51     95580    571488    758208     29.33   1194700    118572      1336
03:51:57 PM    690508   1372180     66.52     95580    571576    758208     29.33   1194744    118572      1424
03:51:58 PM    690508   1372180     66.52     95580    571644    758208     29.33   1194808    118576      1492
03:51:59 PM    690296   1372392     66.53     95588    571636    758208     29.33   1194972    118572       384
03:52:00 PM    690312   1372376     66.53     95588    571764    758208     29.33   1194896    118580       516
03:52:01 PM    690220   1372468     66.54     95588    571780    758208     29.33   1195008    118580       532
03:52:02 PM    690004   1372684     66.55     95588    571864    758208     29.33   1195156    118580       616
03:52:03 PM    689880   1372808     66.55     95588    571980    758208     29.33   1195200    118580       732
03:52:04 PM    689756   1372932     66.56     95588    571992    758208     29.33   1195280    118588       744
03:52:05 PM    689756   1372932     66.56     95588    572080    758208     29.33   1195384    118576       832
03:52:06 PM    689632   1373056     66.57     95588    572124    758208     29.33   1195380    118576       876
03:52:07 PM    689600   1373088     66.57     95588    572220    758208     29.33   1195500    118576       972
03:52:08 PM    689516   1373172     66.57     95588    572328    758208     29.33   1195472    118580      1080
03:52:09 PM    689484   1373204     66.57     95588    572388    758208     29.33   1195536    118576      1140
03:52:10 PM    689516   1373172     66.57     95592    572456    758208     29.33   1195620    118576      1208
03:52:11 PM    689452   1373236     66.58     95592    572524    758208     29.33   1195640    118576      1276
03:52:12 PM    689400   1373288     66.58     95592    572592    758208     29.33   1195652    118576      1344
03:52:13 PM    689400   1373288     66.58     95592    572596    758208     29.33   1195676    118576      1348
03:52:14 PM    688748   1373940     66.61     95592    572708    758208     29.33   1196248    118580       908
03:52:15 PM    687848   1374840     66.65     95596    572804    758208     29.33   1197684    118576      1024
03:52:16 PM    687632   1375056     66.66     95596    572808    758208     29.33   1197868    118584      1028
03:52:17 PM    687540   1375148     66.67     95596    572856    758208     29.33   1197768    118576      1076
03:52:18 PM    687548   1375140     66.67     95596    572908    758208     29.33   1197724    118576      1128
Average:       693530   1369158     66.38     95546    569542    757689     29.31   1191888    118568       932
