Linux 4.4.0-31-generic (fw-suricata) 	12/08/2017 	_i686_	(1 CPU)

05:56:01 PM kbmemfree kbmemused  %memused kbbuffers  kbcached  kbcommit   %commit  kbactive   kbinact   kbdirty
05:56:02 PM    590256   1472432     71.38    110684   1088620    744916     28.82   1293724    114860      1180
05:56:03 PM    590024   1472664     71.40    110684   1088684    744916     28.82   1293820    114848      1284
05:56:04 PM    590040   1472648     71.39    110684   1088740    744916     28.82   1293880    114840      1340
05:56:05 PM    590024   1472664     71.40    110684   1088800    744916     28.82   1293936    114844      1400
05:56:06 PM    589916   1472772     71.40    110684   1088864    744916     28.82   1293992    114844      1464
05:56:07 PM    589776   1472912     71.41    110684   1088916    744916     28.82   1294056    114840      1516
05:56:08 PM    589760   1472928     71.41    110684   1088976    744916     28.82   1294116    114840      1576
05:56:09 PM    589684   1473004     71.41    110684   1089028    744916     28.82   1294168    114840      1628
05:56:10 PM    589512   1473176     71.42    110684   1089096    744916     28.82   1294228    114840      1696
05:56:11 PM    589436   1473252     71.42    110684   1089148    744916     28.82   1294284    114840      1748
05:56:12 PM    589512   1473176     71.42    110684   1089208    744916     28.82   1294348    114836      1808
05:56:13 PM    589528   1473160     71.42    110684   1089260    744916     28.82   1294400    114836      1860
05:56:14 PM    589420   1473268     71.42    110684   1089320    744916     28.82   1294460    114836       496
05:56:15 PM    589296   1473392     71.43    110684   1089376    744916     28.82   1294512    114836       508
05:56:16 PM    589296   1473392     71.43    110684   1089436    744916     28.82   1294596    114836       568
05:56:17 PM    589312   1473376     71.43    110684   1089508    744916     28.82   1294648    114848       640
05:56:18 PM    589148   1473540     71.44    110684   1089572    744916     28.82   1294724    114840       712
05:56:19 PM    589048   1473640     71.44    110684   1089632    744916     28.82   1294812    114844       772
05:56:20 PM    588992   1473696     71.45    110684   1089696    744916     28.82   1294824    114844       820
05:56:21 PM    589048   1473640     71.44    110684   1089756    744916     28.82   1294912    114844       880
05:56:22 PM    588924   1473764     71.45    110684   1089816    744916     28.82   1294968    114844       956
05:56:23 PM    588900   1473788     71.45    110684   1089868    744916     28.82   1295024    114844      1008
05:56:24 PM    588800   1473888     71.45    110692   1089924    744916     28.82   1295100    114840       956
05:56:25 PM    588660   1474028     71.46    110692   1089984    744916     28.82   1295112    114840      1000
05:56:26 PM    588652   1474036     71.46    110692   1090048    744916     28.82   1295212    114840      1068
05:56:27 PM    588568   1474120     71.47    110700   1090100    744916     28.82   1295276    114840      1120
05:56:28 PM    588496   1474192     71.47    110700   1090160    744916     28.82   1295344    114840      1204
05:56:29 PM    588428   1474260     71.47    110700   1090212    744916     28.82   1295388    114840      1256
05:56:30 PM    588396   1474292     71.47    110700   1090276    744916     28.82   1295452    114844      1356
05:56:31 PM    588320   1474368     71.48    110700   1090340    744916     28.82   1295532    114844      1360
05:56:32 PM    588272   1474416     71.48    110700   1090400    744916     28.82   1295564    114844      1420
05:56:33 PM    588180   1474508     71.48    110700   1090468    744916     28.82   1295680    114856      1496
05:56:34 PM    588148   1474540     71.49    110700   1090536    744916     28.82   1295716    114844       908
05:56:35 PM    588056   1474632     71.49    110700   1090588    744916     28.82   1295784    114844       984
05:56:36 PM    587892   1474796     71.50    110700   1090648    744916     28.82   1295908    114844      1008
05:56:37 PM    587792   1474896     71.50    110704   1090708    744916     28.82   1295988    114844      1120
05:56:38 PM    587644   1475044     71.51    110704   1090772    744916     28.82   1296048    114844      1184
05:56:39 PM    587780   1474908     71.50    110704   1090828    744916     28.82   1296128    114844      1240
05:56:40 PM    587768   1474920     71.50    110704   1090884    744916     28.82   1296144    114844      1296
05:56:41 PM    587444   1475244     71.52    110704   1090940    744916     28.82   1296216    114844      1352
05:56:42 PM    587372   1475316     71.52    110708   1091004    744916     28.82   1296284    114848      1416
05:56:43 PM    587408   1475280     71.52    110708   1091064    744916     28.82   1296368    114848      1476
05:56:44 PM    587396   1475292     71.52    110708   1091120    744916     28.82   1296428    114844      1532
05:56:45 PM    587312   1475376     71.53    110708   1091176    744916     28.82   1296476    114836      1588
05:56:46 PM    587256   1475432     71.53    110708   1091232    744916     28.82   1296440    114836      1644
05:56:47 PM    587416   1475272     71.52    110708   1091292    744916     28.82   1296528    114836      1708
05:56:48 PM    587388   1475300     71.52    110708   1091416    744916     28.82   1296536    114836      1832
05:56:49 PM    587056   1475632     71.54    110708   1091424    744916     28.82   1296620    114848       416
05:56:50 PM    587040   1475648     71.54    110708   1091480    744916     28.82   1296692    114836       428
05:56:51 PM    586904   1475784     71.55    110708   1091536    744916     28.82   1296752    114836       484
05:56:52 PM    586940   1475748     71.54    110712   1091600    744916     28.82   1296800    114844       548
05:56:53 PM    586832   1475856     71.55    110712   1091660    744916     28.82   1296832    114844       612
05:56:54 PM    586784   1475904     71.55    110712   1091716    744916     28.82   1296924    114844       668
05:56:55 PM    586832   1475856     71.55    110712   1091776    744916     28.82   1296980    114840       716
05:56:56 PM    586784   1475904     71.55    110712   1091832    744916     28.82   1297052    114840       772
05:56:57 PM    586576   1476112     71.56    110712   1091888    744916     28.82   1297104    114840       836
05:56:58 PM    586544   1476144     71.56    110712   1091948    744916     28.82   1297164    114840       896
05:56:59 PM    586560   1476128     71.56    110712   1092016    744916     28.82   1297260    114848       964
05:57:00 PM    586420   1476268     71.57    110712   1092068    744916     28.82   1297280    114844       984
05:57:01 PM    586404   1476284     71.57    110712   1092128    744916     28.82   1297340    114848      1048
05:57:02 PM    586296   1476392     71.58    110712   1092184    744916     28.82   1297364    114844      1112
05:57:03 PM    586156   1476532     71.58    110712   1092248    744916     28.82   1297484    114844      1176
05:57:04 PM    586172   1476516     71.58    110712   1092308    744916     28.82   1297588    114852      1236
05:57:05 PM    586064   1476624     71.59    110712   1092380    744916     28.82   1297600    114844      1292
05:57:06 PM    586056   1476632     71.59    110712   1092436    744916     28.82   1297664    114840      1352
05:57:07 PM    586072   1476616     71.59    110716   1092500    744916     28.82   1297728    114840      1468
05:57:08 PM    585892   1476796     71.60    110716   1092552    744916     28.82   1297772    114840      1476
05:57:09 PM    585832   1476856     71.60    110716   1092620    744916     28.82   1297844    114844       876
05:57:10 PM    585768   1476920     71.60    110716   1092676    744916     28.82   1297912    114844       980
05:57:11 PM    585716   1476972     71.60    110716   1092736    744916     28.82   1297956    114844      1000
05:57:12 PM    585544   1477144     71.61    110724   1092788    744916     28.82   1298020    114840      1104
05:57:13 PM    585592   1477096     71.61    110724   1092848    744916     28.82   1298096    114840      1168
05:57:14 PM    585420   1477268     71.62    110724   1092916    744916     28.82   1298168    114844      1236
05:57:15 PM    585540   1477148     71.61    110724   1092972    744916     28.82   1298208    114840      1292
05:57:16 PM    585296   1477392     71.62    110724   1093032    744916     28.82   1298284    114840      1352
05:57:17 PM    585328   1477360     71.62    110728   1093088    744916     28.82   1298424    114840      1412
05:57:18 PM    585164   1477524     71.63    110728   1093144    744916     28.82   1298468    114840      1468
05:57:19 PM    585156   1477532     71.63    110728   1093208    744916     28.82   1298668    114844      1532
05:57:20 PM    584932   1477756     71.64    110728   1093268    744916     28.82   1298796    114840      1588
05:57:21 PM    584768   1477920     71.65    110728   1093332    753084     29.13   1298864    114840      1656
05:57:22 PM    584652   1478036     71.66    110728   1093392    753084     29.13   1298916    114836      1716
05:57:23 PM    584652   1478036     71.66    110728   1093448    753084     29.13   1299004    114836      1772
05:57:24 PM    584560   1478128     71.66    110728   1093504    753084     29.13   1299048    114836       416
05:57:25 PM    584404   1478284     71.67    110728   1093572    753084     29.13   1299108    114844       428
05:57:26 PM    584524   1478164     71.66    110728   1093628    753084     29.13   1299192    114836       484
05:57:27 PM    584504   1478184     71.66    110732   1093692    753084     29.13   1299108    114844       548
05:57:28 PM    584436   1478252     71.67    110732   1093748    753084     29.13   1299196    114840       608
05:57:29 PM    584412   1478276     71.67    110732   1093804    753084     29.13   1299160    114840       664
05:57:30 PM    584556   1478132     71.66    110732   1093868    753084     29.13   1299160    114840       720
05:57:31 PM    584568   1478120     71.66    110732   1093928    753084     29.13   1299220    114840       780
05:57:32 PM    584436   1478252     71.67    110736   1093984    753084     29.13   1299264    114840       844
05:57:33 PM    584428   1478260     71.67    110736   1094044    753084     29.13   1299280    114840       904
05:57:34 PM    584180   1478508     71.68    110736   1094112    753084     29.13   1299404    114844       972
05:57:35 PM    584352   1478336     71.67    110736   1094172    753084     29.13   1299476    114840      1064
05:57:36 PM    584180   1478508     71.68    110736   1094240    753084     29.13   1299512    114848      1072
05:57:37 PM    584040   1478648     71.69    110736   1094300    753084     29.13   1299580    114840      1140
05:57:38 PM    583936   1478752     71.69    110736   1094356    753084     29.13   1299640    114840      1196
05:57:39 PM    583948   1478740     71.69    110736   1094412    753084     29.13   1299732    114840      1252
05:57:40 PM    583816   1478872     71.70    110736   1094468    753084     29.13   1299756    114840      1296
05:57:41 PM    583848   1478840     71.69    110736   1094532    753084     29.13   1299816    114840      1364
05:57:42 PM    583716   1478972     71.70    110740   1094588    753084     29.13   1299860    114840      1428
05:57:43 PM    583824   1478864     71.70    110740   1094648    753084     29.13   1299936    114840      1488
05:57:44 PM    583568   1479120     71.71    110740   1094708    753084     29.13   1300000    114840       880
05:57:45 PM    583544   1479144     71.71    110740   1094764    753084     29.13   1300060    114840       992
05:57:46 PM    583568   1479120     71.71    110740   1094820    753084     29.13   1300136    114840      1008
05:57:47 PM    583544   1479144     71.71    110748   1094880    753084     29.13   1300192    114840      1184
05:57:48 PM    583320   1479368     71.72    110748   1094940    753084     29.13   1300244    114840      1184
05:57:49 PM    583304   1479384     71.72    110748   1095000    753084     29.13   1300260    114840      1244
05:57:50 PM    583352   1479336     71.72    110748   1095052    753084     29.13   1300336    114840      1296
05:57:51 PM    583180   1479508     71.73    110748   1095124    753084     29.13   1300400    114848      1368
05:57:52 PM    583204   1479484     71.73    110748   1095184    753084     29.13   1300484    114844      1432
05:57:53 PM    583064   1479624     71.73    110748   1095248    753084     29.13   1300556    114840      1496
05:57:54 PM    583080   1479608     71.73    110748   1095300    753084     29.13   1300616    114840      1548
05:57:55 PM    583056   1479632     71.73    110748   1095364    753084     29.13   1300664    114836      1604
05:57:56 PM    582956   1479732     71.74    110748   1095420    753084     29.13   1300732    114836      1664
05:57:57 PM    582964   1479724     71.74    110748   1095484    753084     29.13   1300796    114836      1736
05:57:58 PM    582792   1479896     71.75    110748   1095544    753084     29.13   1300856    114840      1796
05:57:59 PM    582848   1479840     71.74    110748   1095600    753084     29.13   1300920    114836       468
05:58:00 PM    582676   1480012     71.75    110748   1095656    753084     29.13   1300928    114840       440
05:58:01 PM    582724   1479964     71.75    110748   1095712    753084     29.13   1301036    114836       496
05:58:02 PM    582600   1480088     71.76    110748   1095780    753084     29.13   1301088    114840       564
05:58:03 PM    582436   1480252     71.76    110748   1095836    753084     29.13   1301152    114840       624
05:58:04 PM    582336   1480352     71.77    110748   1095892    753084     29.13   1301212    114840       680
05:58:05 PM    582312   1480376     71.77    110748   1095952    753084     29.13   1301240    114844       728
05:58:06 PM    582384   1480304     71.77    110748   1096008    753084     29.13   1301348    114840       784
05:58:07 PM    582352   1480336     71.77    110748   1096076    753084     29.13   1301388    114844       860
05:58:08 PM    582204   1480484     71.77    110748   1096144    753084     29.13   1301416    114840       928
05:58:09 PM    582104   1480584     71.78    110748   1096212    753084     29.13   1301576    114844       996
05:58:10 PM    582080   1480608     71.78    110748   1096268    753084     29.13   1301620    114844      1024
05:58:11 PM    581948   1480740     71.79    110748   1096324    753084     29.13   1301688    114844      1084
05:58:12 PM    581832   1480856     71.79    110752   1096384    753084     29.13   1301708    114844      1144
05:58:13 PM    581856   1480832     71.79    110752   1096444    753084     29.13   1301824    114844      1212
05:58:14 PM    581800   1480888     71.79    110752   1096500    753084     29.13   1301864    114840      1268
05:58:15 PM    581824   1480864     71.79    110752   1096556    753084     29.13   1301972    114840      1344
05:58:16 PM    581748   1480940     71.80    110752   1096620    753084     29.13   1301948    114840      1360
05:58:17 PM    581700   1480988     71.80    110756   1096676    753084     29.13   1302008    114840      1416
05:58:18 PM    581732   1480956     71.80    110756   1096740    753084     29.13   1302072    114844      1488
05:58:19 PM    581700   1480988     71.80    110756   1096796    753084     29.13   1302120    114844      1544
05:58:20 PM    581484   1481204     71.81    110756   1096860    753084     29.13   1302108    114848       948
05:58:21 PM    581460   1481228     71.81    110756   1096912    753084     29.13   1302064    114844      1000
Average:       585705   1476983     71.60    110720   1092764    748475     28.96   1298027    114842      1132
