Linux 4.4.0-31-generic (fw-suricata) 	12/08/2017 	_i686_	(1 CPU)

02:27:06 PM kbmemfree kbmemused  %memused kbbuffers  kbcached  kbcommit   %commit  kbactive   kbinact   kbdirty
02:27:07 PM   1352652    710036     34.42    100108    349464    744600     28.81    544040    114492      1292
02:27:08 PM   1352528    710160     34.43    100108    349524    744600     28.81    544132    114476      1352
02:27:09 PM   1352404    710284     34.43    100108    349580    744600     28.81    544200    114472      1460
02:27:10 PM   1352528    710160     34.43    100108    349640    744600     28.81    544256    114472      1516
02:27:11 PM   1352436    710252     34.43    100108    349700    744600     28.81    544312    114472      1576
02:27:12 PM   1352280    710408     34.44    100108    349756    744600     28.81    544372    114472      1632
02:27:13 PM   1352156    710532     34.45    100108    349816    744600     28.81    544432    114472      1692
02:27:14 PM   1352312    710376     34.44    100108    349872    744600     28.81    544496    114468      1748
02:27:15 PM   1352188    710500     34.45    100108    349932    744600     28.81    544552    114468      1808
02:27:16 PM   1352032    710656     34.45    100108    349992    744600     28.81    544612    114472      1868
02:27:17 PM   1351908    710780     34.46    100108    350052    744600     28.81    544676    114472      1928
02:27:18 PM   1352064    710624     34.45    100108    350108    744600     28.81    544732    114472      1984
02:27:19 PM   1352032    710656     34.45    100116    350160    744600     28.81    544796    114472      2044
02:27:20 PM   1351784    710904     34.46    100116    350224    744600     28.81    544848    114472      2100
02:27:21 PM   1351816    710872     34.46    100116    350284    744600     28.81    544920    114472      2160
02:27:22 PM   1351784    710904     34.46    100120    350352    744600     28.81    544976    114480       320
02:27:23 PM   1351660    711028     34.47    100120    350416    744600     28.81    545060    114472       388
02:27:24 PM   1351536    711152     34.48    100124    350464    744600     28.81    545120    114472       492
02:27:25 PM   1351568    711120     34.48    100124    350536    744600     28.81    545176    114472       588
02:27:26 PM   1351536    711152     34.48    100124    350592    744600     28.81    545244    114472       644
02:27:27 PM   1351444    711244     34.48    100124    350652    744600     28.81    545304    114472       704
02:27:28 PM   1351444    711244     34.48    100124    350704    744600     28.81    545348    114472       756
02:27:29 PM   1351288    711400     34.49    100132    350808    744600     28.81    545448    114472       816
02:27:30 PM   1351164    711524     34.49    100132    350824    744600     28.81    545480    114476       876
02:27:31 PM   1351072    711616     34.50    100132    350892    744600     28.81    545556    114472       944
02:27:32 PM   1351040    711648     34.50    100132    350948    744600     28.81    545612    114472       980
02:27:33 PM   1350916    711772     34.51    100132    351008    744600     28.81    545664    114472      1040
02:27:34 PM   1351072    711616     34.50    100136    351060    744600     28.81    545728    114476      1096
02:27:35 PM   1350948    711740     34.51    100136    351124    744600     28.81    545788    114472      1156
02:27:36 PM   1350792    711896     34.51    100136    351180    744600     28.81    545856    114472      1212
02:27:37 PM   1350668    712020     34.52    100136    351252    744600     28.81    545944    114480       884
02:27:38 PM   1350700    711988     34.52    100136    351316    744600     28.81    545992    114472       912
02:27:39 PM   1350700    711988     34.52    100140    351380    744600     28.81    546052    114476       980
02:27:40 PM   1350544    712144     34.53    100140    351436    744600     28.81    546112    114472      1032
02:27:41 PM   1350576    712112     34.52    100140    351496    744600     28.81    546208    114476      1092
02:27:42 PM   1350544    712144     34.53    100140    351556    744600     28.81    546236    114476      1148
02:27:43 PM   1350420    712268     34.53    100140    351612    744600     28.81    546296    114472      1208
02:27:44 PM   1350420    712268     34.53    100144    351664    744600     28.81    546352    114472      1264
02:27:45 PM   1350296    712392     34.54    100144    351728    744600     28.81    546412    114472      1324
02:27:46 PM   1350204    712484     34.54    100144    351788    744600     28.81    546480    114468      1384
02:27:47 PM   1350172    712516     34.54    100144    351848    744600     28.81    546540    114468      1444
02:27:48 PM   1350080    712608     34.55    100144    351912    744600     28.81    546600    114476      1508
02:27:49 PM   1349924    712764     34.56    100144    351968    744600     28.81    546656    114468      1564
02:27:50 PM   1349940    712748     34.55    100144    352028    744600     28.81    546720    114468      1624
02:27:51 PM   1349800    712888     34.56    100144    352084    744600     28.81    546772    114468      1680
02:27:52 PM   1349792    712896     34.56    100144    352144    744600     28.81    546800    114468      1736
02:27:53 PM   1349764    712924     34.56    100144    352224    744600     28.81    546896    114480      1816
02:27:54 PM   1349552    713136     34.57    100148    352280    744600     28.81    546984    114472      1876
02:27:55 PM   1349428    713260     34.58    100148    352340    744600     28.81    547048    114472      1936
02:27:56 PM   1349428    713260     34.58    100148    352396    744600     28.81    547096    114472      1992
02:27:57 PM   1349516    713172     34.57    100148    352456    744600     28.81    547148    114472       400
02:27:58 PM   1349428    713260     34.58    100148    352516    744600     28.81    547216    114472       460
02:27:59 PM   1349304    713384     34.59    100156    352568    744600     28.81    547284    114472       576
02:28:00 PM   1349304    713384     34.59    100156    352640    744600     28.81    547344    114476       648
02:28:01 PM   1349212    713476     34.59    100156    352696    744600     28.81    547436    114472       704
02:28:02 PM   1349196    713492     34.59    100156    352756    744600     28.81    547428    114472       764
02:28:03 PM   1349048    713640     34.60    100156    352816    744600     28.81    547524    114472       824
02:28:04 PM   1349088    713600     34.60    100164    352864    744600     28.81    547548    114476       880
02:28:05 PM   1348924    713764     34.60    100164    352928    744600     28.81    547648    114472       936
02:28:06 PM   1348956    713732     34.60    100164    352980    744600     28.81    547700    114472       988
02:28:07 PM   1348840    713848     34.61    100164    353044    744600     28.81    547728    114472      1004
02:28:08 PM   1348668    714020     34.62    100164    353104    744600     28.81    547908    114476      1084
02:28:09 PM   1348708    713980     34.61    100164    353172    744600     28.81    547980    114484      1152
02:28:10 PM   1348576    714112     34.62    100164    353232    744600     28.81    548012    114472      1220
02:28:11 PM   1348544    714144     34.62    100164    353296    744600     28.81    548112    114472      1284
02:28:12 PM   1348452    714236     34.63    100164    353348    744600     28.81    548180    114472       808
02:28:13 PM   1348460    714228     34.63    100164    353412    744600     28.81    548224    114472       892
02:28:14 PM   1348328    714360     34.63    100172    353472    744600     28.81    548264    114476       960
02:28:15 PM   1348296    714392     34.63    100172    353548    744600     28.81    548376    114476      1032
02:28:16 PM   1348180    714508     34.64    100172    353600    744600     28.81    548440    114472      1084
02:28:17 PM   1348056    714632     34.65    100172    353660    744600     28.81    548480    114472      1140
02:28:18 PM   1348096    714592     34.64    100172    353712    744600     28.81    548460    114472      1196
02:28:19 PM   1348088    714600     34.64    100180    353772    744600     28.81    548484    114476      1264
02:28:20 PM   1347904    714784     34.65    100180    353832    744600     28.81    548604    114472      1316
02:28:21 PM   1348064    714624     34.65    100180    353896    744600     28.81    548628    114472      1380
02:28:22 PM   1347816    714872     34.66    100180    353948    744600     28.81    548704    114468      1432
02:28:23 PM   1347724    714964     34.66    100180    354008    744600     28.81    548772    114468      1492
02:28:24 PM   1347664    715024     34.66    100188    354064    744600     28.81    548956    114476      1556
02:28:25 PM   1347552    715136     34.67    100188    354132    744600     28.81    548964    114476      1616
02:28:26 PM   1347468    715220     34.67    100188    354200    744600     28.81    549056    114472      1684
02:28:27 PM   1347344    715344     34.68    100188    354260    744600     28.81    549132    114468      1744
02:28:28 PM   1347292    715396     34.68    100188    354320    744600     28.81    549216    114472      1804
02:28:29 PM   1347444    715244     34.68    100192    354432    744600     28.81    549264    114472      1920
02:28:30 PM   1347304    715384     34.68    100192    354444    744600     28.81    549316    114476      1928
02:28:31 PM   1347172    715516     34.69    100192    354496    744600     28.81    549368    114472      1980
02:28:32 PM   1347080    715608     34.69    100192    354556    744600     28.81    549456    114472       408
02:28:33 PM   1347164    715524     34.69    100192    354608    744600     28.81    549456    114472       460
02:28:34 PM   1347196    715492     34.69    100192    354668    744600     28.81    549468    114472       576
02:28:35 PM   1347072    715616     34.69    100192    354732    744600     28.81    549512    114476       652
02:28:36 PM   1346948    715740     34.70    100192    354796    744600     28.81    549556    114476       716
02:28:37 PM   1346972    715716     34.70    100192    354848    744600     28.81    549656    114472       768
02:28:38 PM   1346856    715832     34.70    100192    354912    744600     28.81    549692    114476       832
02:28:39 PM   1346684    716004     34.71    100200    354956    744600     28.81    549756    114472       884
02:28:40 PM   1346708    715980     34.71    100200    355036    744600     28.81    549804    114480       956
02:28:41 PM   1346684    716004     34.71    100200    355100    744600     28.81    549944    114480      1020
02:28:42 PM   1346576    716112     34.72    100200    355172    744600     28.81    549968    114476      1092
02:28:43 PM   1346568    716120     34.72    100200    355224    744600     28.81    550016    114476      1100
02:28:44 PM   1346600    716088     34.72    100204    355280    744600     28.81    550168    114476      1160
02:28:45 PM   1346312    716376     34.73    100204    355336    744600     28.81    550216    114476      1216
02:28:46 PM   1346196    716492     34.74    100204    355400    744600     28.81    550252    114476      1280
02:28:47 PM   1346180    716508     34.74    100204    355452    744600     28.81    550344    114472       800
02:28:48 PM   1345980    716708     34.75    100204    355512    744600     28.81    550420    114472       880
02:28:49 PM   1345964    716724     34.75    100208    355560    744600     28.81    550460    114468       932
02:28:50 PM   1345816    716872     34.75    100208    355624    744600     28.81    550532    114468       996
02:28:51 PM   1345808    716880     34.75    100208    355684    744600     28.81    550600    114468      1056
02:28:52 PM   1345812    716876     34.75    100208    355744    744600     28.81    550640    114472      1112
02:28:53 PM   1345692    716996     34.76    100208    355800    744600     28.81    550668    114472      1172
02:28:54 PM   1345840    716848     34.75    100208    355856    744600     28.81    550684    114468      1228
02:28:55 PM   1345700    716988     34.76    100208    355920    744600     28.81    550844    114472      1292
02:28:56 PM   1345700    716988     34.76    100208    355988    744600     28.81    550920    114480      1360
02:28:57 PM   1345568    717120     34.77    100208    356048    744600     28.81    550964    114472      1420
02:28:58 PM   1345568    717120     34.77    100208    356112    744600     28.81    551028    114472      1484
02:28:59 PM   1345344    717344     34.78    100208    356172    744600     28.81    551068    114476      1544
02:29:00 PM   1345428    717260     34.77    100208    356228    744600     28.81    551160    114476      1600
02:29:01 PM   1345348    717340     34.78    100208    356284    744600     28.81    551200    114472      1656
02:29:02 PM   1345232    717456     34.78    100208    356344    744600     28.81    551260    114472      1708
02:29:03 PM   1345076    717612     34.79    100208    356404    744600     28.81    551308    114472      1772
02:29:04 PM   1345216    717472     34.78    100212    356464    744600     28.81    551408    114472      1836
02:29:05 PM   1345208    717480     34.78    100212    356524    744600     28.81    551320    114472      1896
02:29:06 PM   1345084    717604     34.79    100212    356580    744600     28.81    551412    114472      1952
02:29:07 PM   1345196    717492     34.78    100212    356640    744600     28.81    551604    114472       384
02:29:08 PM   1345084    717604     34.79    100212    356700    744600     28.81    551600    114472       448
02:29:09 PM   1344992    717696     34.79    100216    356756    744600     28.81    551596    114472       560
02:29:10 PM   1344836    717852     34.80    100216    356880    744600     28.81    551652    114472       688
02:29:11 PM   1344620    718068     34.81    100216    356888    744600     28.81    551768    114484       700
02:29:12 PM   1344688    718000     34.81    100216    356952    744600     28.81    551816    114480       764
02:29:13 PM   1344712    717976     34.81    100216    357016    744600     28.81    551892    114480       828
02:29:14 PM   1344580    718108     34.81    100216    357076    744600     28.81    551920    114476       888
02:29:15 PM   1344612    718076     34.81    100216    357136    744600     28.81    552024    114476       948
02:29:16 PM   1344456    718232     34.82    100216    357192    744600     28.81    552060    114472      1004
02:29:17 PM   1344480    718208     34.82    100216    357244    744600     28.81    552092    114472      1072
02:29:18 PM   1344332    718356     34.83    100216    357312    744600     28.81    552160    114472      1096
02:29:19 PM   1344200    718488     34.83    100220    357360    744600     28.81    552296    114472      1148
02:29:20 PM   1344216    718472     34.83    100220    357424    744600     28.81    552280    114472      1212
02:29:21 PM   1344248    718440     34.83    100220    357480    744600     28.81    552328    114476      1268
02:29:22 PM   1344124    718564     34.84    100220    357540    744600     28.81    552392    114476       800
02:29:23 PM   1344092    718596     34.84    100220    357604    744600     28.81    552448    114476       884
02:29:24 PM   1344124    718564     34.84    100224    357660    744600     28.81    552520    114472       944
02:29:25 PM   1343968    718720     34.84    100224    357720    744600     28.81    552532    114472      1004
02:29:26 PM   1344008    718680     34.84    100224    357780    744600     28.81    552460    114468      1064
Average:      1348215    714473     34.64    100171    353622    744600     28.81    548389    114473      1187
