Linux 4.4.0-31-generic (fw-suricata) 	12/08/2017 	_i686_	(1 CPU)

05:53:31 PM kbmemfree kbmemused  %memused kbbuffers  kbcached  kbcommit   %commit  kbactive   kbinact   kbdirty
05:53:32 PM    599472   1463216     70.94    110600   1079768    744916     28.82   1284812    114852       896
05:53:33 PM    599208   1463480     70.95    110600   1079828    744916     28.82   1284904    114836       956
05:53:34 PM    599224   1463464     70.95    110600   1079884    744916     28.82   1284968    114832      1012
05:53:35 PM    599084   1463604     70.96    110600   1079944    744916     28.82   1285028    114832      1056
05:53:36 PM    598944   1463744     70.96    110600   1080004    744916     28.82   1285080    114832      1120
05:53:37 PM    598992   1463696     70.96    110604   1080064    744916     28.82   1285144    114836      1188
05:53:38 PM    598852   1463836     70.97    110604   1080120    744916     28.82   1285196    114836      1244
05:53:39 PM    598712   1463976     70.97    110604   1080176    744916     28.82   1285256    114836      1144
05:53:40 PM    598696   1463992     70.97    110604   1080236    744916     28.82   1285324    114836      1148
05:53:41 PM    598588   1464100     70.98    110604   1080296    744916     28.82   1285380    114836      1208
05:53:42 PM    598604   1464084     70.98    110604   1080352    744916     28.82   1285440    114832      1320
05:53:43 PM    598464   1464224     70.99    110604   1080412    744916     28.82   1285504    114832      1368
05:53:44 PM    598480   1464208     70.99    110604   1080468    744916     28.82   1285564    114832      1424
05:53:45 PM    598340   1464348     70.99    110604   1080528    744916     28.82   1285624    114832      1484
05:53:46 PM    598356   1464332     70.99    110604   1080588    744916     28.82   1285684    114832      1544
05:53:47 PM    598216   1464472     71.00    110604   1080656    744916     28.82   1285748    114840      1616
05:53:48 PM    598108   1464580     71.00    110604   1080716    744916     28.82   1285816    114832      1676
05:53:49 PM    598000   1464688     71.01    110604   1080772    744916     28.82   1285872    114832      1732
05:53:50 PM    598108   1464580     71.00    110608   1080836    744916     28.82   1285944    114832      1772
05:53:51 PM    598092   1464596     71.00    110608   1080892    744916     28.82   1285992    114832      1828
05:53:52 PM    597984   1464704     71.01    110612   1080956    744916     28.82   1286064    114832      1900
05:53:53 PM    597844   1464844     71.02    110612   1081008    744916     28.82   1286112    114832      1952
05:53:54 PM    597860   1464828     71.02    110612   1081068    744916     28.82   1286180    114832      2012
05:53:55 PM    597720   1464968     71.02    110612   1081120    744916     28.82   1286224    114832       528
05:53:56 PM    597612   1465076     71.03    110612   1081180    744916     28.82   1286296    114832       588
05:53:57 PM    597472   1465216     71.03    110620   1081240    744916     28.82   1286372    114828       648
05:53:58 PM    597612   1465076     71.03    110620   1081300    744916     28.82   1286424    114828       720
05:53:59 PM    597628   1465060     71.03    110620   1081356    744916     28.82   1286484    114828       776
05:54:00 PM    597332   1465356     71.04    110620   1081416    744916     28.82   1286548    114828       808
05:54:01 PM    597380   1465308     71.04    110620   1081468    744916     28.82   1286600    114828       860
05:54:02 PM    597364   1465324     71.04    110624   1081540    744916     28.82   1286668    114836       940
05:54:03 PM    597504   1465184     71.03    110624   1081604    744916     28.82   1286740    114828      1004
05:54:04 PM    597208   1465480     71.05    110624   1081676    744916     28.82   1286800    114840      1076
05:54:05 PM    597132   1465556     71.05    110624   1081728    744916     28.82   1286864    114836       584
05:54:06 PM    597084   1465604     71.05    110624   1081788    744916     28.82   1286924    114832       668
05:54:07 PM    596976   1465712     71.06    110632   1081852    744916     28.82   1286988    114840       744
05:54:08 PM    596868   1465820     71.06    110632   1081912    744916     28.82   1287056    114832       804
05:54:09 PM    596728   1465960     71.07    110632   1081964    744916     28.82   1287112    114832       856
05:54:10 PM    596744   1465944     71.07    110632   1082024    744916     28.82   1287180    114832       904
05:54:11 PM    596604   1466084     71.08    110632   1082084    744916     28.82   1287228    114836       968
05:54:12 PM    596620   1466068     71.08    110632   1082144    744916     28.82   1287288    114832      1036
05:54:13 PM    596480   1466208     71.08    110632   1082208    744916     28.82   1287348    114836      1100
05:54:14 PM    596620   1466068     71.08    110632   1082268    744916     28.82   1287416    114832      1160
05:54:15 PM    596480   1466208     71.08    110632   1082320    744916     28.82   1287476    114832      1080
05:54:16 PM    596496   1466192     71.08    110632   1082384    744916     28.82   1287540    114836      1148
05:54:17 PM    596356   1466332     71.09    110636   1082436    744916     28.82   1287596    114832      1252
05:54:18 PM    596248   1466440     71.09    110636   1082520    744916     28.82   1287664    114844      1336
05:54:19 PM    596232   1466456     71.09    110636   1082576    744916     28.82   1287736    114836      1392
05:54:20 PM    596124   1466564     71.10    110636   1082636    744916     28.82   1287792    114840      1452
05:54:21 PM    596108   1466580     71.10    110636   1082688    744916     28.82   1287840    114836      1504
05:54:22 PM    596124   1466564     71.10    110636   1082744    744916     28.82   1287904    114832      1560
05:54:23 PM    595984   1466704     71.11    110636   1082804    744916     28.82   1287964    114832      1620
05:54:24 PM    595968   1466720     71.11    110636   1082860    744916     28.82   1288028    114832      1676
05:54:25 PM    595860   1466828     71.11    110636   1082924    744916     28.82   1288080    114836      1740
05:54:26 PM    595752   1466936     71.12    110636   1082980    744916     28.82   1288148    114832      1796
05:54:27 PM    595612   1467076     71.12    110640   1083040    744916     28.82   1288208    114832      1856
05:54:28 PM    595628   1467060     71.12    110640   1083100    744916     28.82   1288272    114832      1916
05:54:29 PM    595736   1466952     71.12    110640   1083168    744916     28.82   1288340    114836      1984
05:54:30 PM    595752   1466936     71.12    110640   1083220    744916     28.82   1288396    114832       568
05:54:31 PM    595364   1467324     71.14    110640   1083280    744916     28.82   1288448    114836       628
05:54:32 PM    595380   1467308     71.14    110640   1083332    744916     28.82   1288516    114828       680
05:54:33 PM    595488   1467200     71.13    110640   1083404    744916     28.82   1288580    114840       760
05:54:34 PM    595472   1467216     71.13    110640   1083468    744916     28.82   1288632    114832       824
05:54:35 PM    595272   1467416     71.14    110640   1083532    744916     28.82   1288704    114828       876
05:54:36 PM    595224   1467464     71.14    110640   1083584    744916     28.82   1288756    114828       928
05:54:37 PM    595148   1467540     71.15    110644   1083644    744916     28.82   1288824    114828       996
05:54:38 PM    595100   1467588     71.15    110644   1083696    744916     28.82   1288880    114828      1048
05:54:39 PM    595024   1467664     71.15    110644   1083768    744916     28.82   1288936    114836      1120
05:54:40 PM    594852   1467836     71.16    110644   1083820    744916     28.82   1288996    114832       580
05:54:41 PM    594900   1467788     71.16    110644   1083888    744916     28.82   1289060    114832       672
05:54:42 PM    594852   1467836     71.16    110644   1083944    744916     28.82   1289124    114836       728
05:54:43 PM    594744   1467944     71.17    110644   1084004    744916     28.82   1289172    114836       804
05:54:44 PM    594704   1467984     71.17    110644   1084060    744916     28.82   1289240    114836       860
05:54:45 PM    594728   1467960     71.17    110644   1084124    744916     28.82   1289344    114832       908
05:54:46 PM    594652   1468036     71.17    110644   1084184    744916     28.82   1289376    114832       972
05:54:47 PM    594480   1468208     71.18    110648   1084248    744916     28.82   1289436    114836      1044
05:54:48 PM    594488   1468200     71.18    110648   1084304    744916     28.82   1289492    114840      1100
05:54:49 PM    594480   1468208     71.18    110648   1084372    744916     28.82   1289564    114844      1168
05:54:50 PM    594396   1468292     71.18    110648   1084428    744916     28.82   1289620    114832      1084
05:54:51 PM    594232   1468456     71.19    110648   1084492    744916     28.82   1289660    114832      1148
05:54:52 PM    594272   1468416     71.19    110648   1084544    744916     28.82   1289716    114832      1204
05:54:53 PM    594248   1468440     71.19    110648   1084612    744916     28.82   1289792    114832      1308
05:54:54 PM    594084   1468604     71.20    110648   1084668    744916     28.82   1289864    114836      1364
05:54:55 PM    594004   1468684     71.20    110648   1084740    744916     28.82   1289932    114844      1436
05:54:56 PM    593900   1468788     71.21    110648   1084792    744916     28.82   1290000    114832      1488
05:54:57 PM    593628   1469060     71.22    110648   1084848    744916     28.82   1290060    114832      1552
05:54:58 PM    593736   1468952     71.22    110648   1084904    744916     28.82   1290088    114832      1608
05:54:59 PM    593652   1469036     71.22    110648   1084960    744916     28.82   1290168    114832      1664
05:55:00 PM    593636   1469052     71.22    110648   1085020    744916     28.82   1290228    114832      1724
05:55:01 PM    593652   1469036     71.22    110648   1085080    744916     28.82   1290292    114832      1784
05:55:02 PM    593380   1469308     71.23    110648   1085136    744916     28.82   1290352    114832      1848
05:55:03 PM    593428   1469260     71.23    110648   1085192    744916     28.82   1290404    114832      1904
05:55:04 PM    593352   1469336     71.23    110648   1085252    744916     28.82   1290492    114836      1964
05:55:05 PM    593372   1469316     71.23    110648   1085316    744916     28.82   1290504    114836       560
05:55:06 PM    593296   1469392     71.24    110648   1085384    744916     28.82   1290596    114836       628
05:55:07 PM    593164   1469524     71.24    110648   1085448    744916     28.82   1290676    114832       692
05:55:08 PM    593220   1469468     71.24    110648   1085504    744916     28.82   1290752    114832       784
05:55:09 PM    593156   1469532     71.24    110648   1085564    744916     28.82   1290768    114832       844
05:55:10 PM    593008   1469680     71.25    110648   1085620    744916     28.82   1290844    114832       888
05:55:11 PM    592916   1469772     71.26    110648   1085680    744916     28.82   1290908    114832       948
05:55:12 PM    592980   1469708     71.25    110648   1085736    744916     28.82   1290984    114832      1012
05:55:13 PM    592916   1469772     71.26    110648   1085796    744916     28.82   1291036    114828      1072
05:55:14 PM    592768   1469920     71.26    110648   1085856    744916     28.82   1291084    114832      1132
05:55:15 PM    592660   1470028     71.27    110648   1085912    744916     28.82   1291144    114832       644
05:55:16 PM    592632   1470056     71.27    110648   1085968    744916     28.82   1291180    114832       684
05:55:17 PM    592620   1470068     71.27    110656   1086032    744916     28.82   1291280    114836       748
05:55:18 PM    592536   1470152     71.27    110656   1086088    744916     28.82   1291324    114832       820
05:55:19 PM    592388   1470300     71.28    110656   1086144    744916     28.82   1291384    114832       876
05:55:20 PM    592428   1470260     71.28    110656   1086204    744916     28.82   1291444    114836       920
05:55:21 PM    592372   1470316     71.28    110656   1086276    744916     28.82   1291484    114844       996
05:55:22 PM    592272   1470416     71.29    110656   1086340    744916     28.82   1291576    114836      1076
05:55:23 PM    592288   1470400     71.29    110656   1086404    744916     28.82   1291608    114832      1140
05:55:24 PM    592264   1470424     71.29    110656   1086460    744916     28.82   1291704    114832      1196
05:55:25 PM    592132   1470556     71.29    110656   1086516    744916     28.82   1291744    114832      1100
05:55:26 PM    592056   1470632     71.30    110656   1086572    744916     28.82   1291820    114832      1156
05:55:27 PM    592048   1470640     71.30    110656   1086632    744916     28.82   1291880    114832      1280
05:55:28 PM    591900   1470788     71.30    110656   1086700    744916     28.82   1291948    114844      1328
05:55:29 PM    591908   1470780     71.30    110656   1086756    744916     28.82   1291988    114832      1384
05:55:30 PM    591768   1470920     71.31    110656   1086812    744916     28.82   1292060    114836      1440
05:55:31 PM    591660   1471028     71.32    110656   1086868    744916     28.82   1292128    114832      1496
05:55:32 PM    591504   1471184     71.32    110660   1086924    744916     28.82   1292212    114832      1556
05:55:33 PM    591420   1471268     71.33    110660   1086984    744916     28.82   1292244    114832      1616
05:55:34 PM    591372   1471316     71.33    110660   1087040    744916     28.82   1292292    114832      1672
05:55:35 PM    591388   1471300     71.33    110660   1087100    744916     28.82   1292332    114832      1724
05:55:36 PM    591436   1471252     71.33    110660   1087160    744916     28.82   1292440    114828      1784
05:55:37 PM    591272   1471416     71.33    110664   1087228    744916     28.82   1292576    114832      1852
05:55:38 PM    591240   1471448     71.34    110664   1087292    744916     28.82   1292688    114828      1916
05:55:39 PM    591304   1471384     71.33    110664   1087352    744916     28.82   1292620    114828      1976
05:55:40 PM    591040   1471648     71.35    110664   1087408    744916     28.82   1292680    114828       564
05:55:41 PM    590900   1471788     71.35    110664   1087468    744916     28.82   1292736    114828       624
05:55:42 PM    590916   1471772     71.35    110668   1087532    744916     28.82   1292800    114836       688
05:55:43 PM    590916   1471772     71.35    110668   1087592    744916     28.82   1292856    114836       756
05:55:44 PM    590808   1471880     71.36    110668   1087648    744916     28.82   1292920    114832       812
05:55:45 PM    590948   1471740     71.35    110668   1087704    744916     28.82   1292976    114832       856
05:55:46 PM    590808   1471880     71.36    110668   1087760    744916     28.82   1293044    114832       912
05:55:47 PM    590792   1471896     71.36    110676   1087816    744916     28.82   1293104    114832       976
05:55:48 PM    590684   1472004     71.36    110676   1087876    744916     28.82   1293152    114836      1036
05:55:49 PM    590668   1472020     71.36    110676   1087940    744916     28.82   1293220    114832      1100
05:55:50 PM    590560   1472128     71.37    110676   1087996    744916     28.82   1293200    114832       540
05:55:51 PM    590584   1472104     71.37    110676   1088060    744916     28.82   1293164    114836       652
Average:       594833   1467855     71.16    110639   1083912    744916     28.82   1289093    114833      1168
