Linux 4.4.0-31-generic (fw-suricata) 	12/08/2017 	_i686_	(1 CPU)

02:24:35 PM kbmemfree kbmemused  %memused kbbuffers  kbcached  kbcommit   %commit  kbactive   kbinact   kbdirty
02:24:36 PM   1362076    700612     33.97     99932    340616    744600     28.81    535008    114488       680
02:24:37 PM   1361720    700968     33.98     99932    340672    744600     28.81    535108    114468       736
02:24:38 PM   1361736    700952     33.98     99936    340732    744600     28.81    535164    114464       848
02:24:39 PM   1361596    701092     33.99     99936    340788    744600     28.81    535228    114464       908
02:24:40 PM   1361704    700984     33.98     99936    340852    744600     28.81    535296    114464       972
02:24:41 PM   1361472    701216     34.00     99952    340908    744600     28.81    535364    114464       412
02:24:42 PM   1361488    701200     33.99     99952    340968    744600     28.81    535416    114464       472
02:24:43 PM   1361472    701216     34.00     99956    341028    744600     28.81    535488    114468       536
02:24:44 PM   1361488    701200     33.99     99956    341088    744600     28.81    535540    114468       676
02:24:45 PM   1361348    701340     34.00     99956    341144    744600     28.81    535608    114468       732
02:24:46 PM   1361240    701448     34.01     99956    341208    744600     28.81    535660    114468       796
02:24:47 PM   1361224    701464     34.01     99956    341260    744600     28.81    535724    114468       848
02:24:48 PM   1361240    701448     34.01     99960    341320    744600     28.81    535780    114468       908
02:24:49 PM   1361100    701588     34.01     99960    341372    744600     28.81    535840    114468       964
02:24:50 PM   1360992    701696     34.02     99960    341444    744600     28.81    535908    114468      1036
02:24:51 PM   1361008    701680     34.02     99960    341512    744600     28.81    535972    114476      1104
02:24:52 PM   1360836    701852     34.03     99960    341572    744600     28.81    536052    114468      1164
02:24:53 PM   1360760    701928     34.03     99964    341624    744600     28.81    536092    114468      1216
02:24:54 PM   1360588    702100     34.04     99964    341684    744600     28.81    536160    114468      1276
02:24:55 PM   1360760    701928     34.03     99964    341744    744600     28.81    536224    114468      1336
02:24:56 PM   1360712    701976     34.03     99964    341800    744600     28.81    536280    114468      1392
02:24:57 PM   1360480    702208     34.04     99964    341864    744600     28.81    536340    114472      1456
02:24:58 PM   1360340    702348     34.05     99972    341924    744600     28.81    536408    114468      1516
02:24:59 PM   1360388    702300     34.05     99972    341980    744600     28.81    536464    114468      1572
02:25:00 PM   1360216    702472     34.06     99972    342036    744600     28.81    536528    114468      1628
02:25:01 PM   1360016    702672     34.07     99972    342100    744600     28.81    536592    114468      1680
02:25:02 PM   1359968    702720     34.07     99972    342156    744600     28.81    536656    114468      1736
02:25:03 PM   1360140    702548     34.06     99976    342212    744600     28.81    536704    114468      1792
02:25:04 PM   1359968    702720     34.07     99976    342268    744600     28.81    536768    114464      1876
02:25:05 PM   1359860    702828     34.07     99976    342328    744600     28.81    536828    114464      1936
02:25:06 PM   1359876    702812     34.07     99976    342396    744600     28.81    536900    114472      1552
02:25:07 PM   1359860    702828     34.07     99976    342464    744600     28.81    536972    114464      1636
02:25:08 PM   1359752    702936     34.08     99984    342520    744600     28.81    537032    114464      1692
02:25:09 PM   1359736    702952     34.08     99984    342580    744600     28.81    537096    114464      1752
02:25:10 PM   1359628    703060     34.08     99984    342640    744600     28.81    537156    114464      1812
02:25:11 PM   1359612    703076     34.09     99984    342712    744600     28.81    537216    114476       412
02:25:12 PM   1359504    703184     34.09     99984    342768    744600     28.81    537284    114468       472
02:25:13 PM   1359520    703168     34.09     99992    342824    744600     28.81    537344    114468       528
02:25:14 PM   1359380    703308     34.10     99992    342880    744600     28.81    537408    114468       588
02:25:15 PM   1359364    703324     34.10     99992    342936    744600     28.81    537464    114468       644
02:25:16 PM   1359256    703432     34.10     99992    342992    744600     28.81    537516    114468       492
02:25:17 PM   1359240    703448     34.10     99992    343060    744600     28.81    537580    114476       560
02:25:18 PM   1359008    703680     34.11    100000    343120    744600     28.81    537648    114468       624
02:25:19 PM   1358992    703696     34.12    100000    343176    744600     28.81    537712    114468       732
02:25:20 PM   1358976    703712     34.12    100000    343224    744600     28.81    537768    114468       780
02:25:21 PM   1358868    703820     34.12    100000    343284    744600     28.81    537824    114468       840
02:25:22 PM   1358852    703836     34.12    100000    343364    744600     28.81    537892    114480       920
02:25:23 PM   1358900    703788     34.12    100004    343428    744600     28.81    537980    114468       984
02:25:24 PM   1358604    704084     34.13    100004    343488    744600     28.81    538036    114468      1048
02:25:25 PM   1358652    704036     34.13    100004    343544    744600     28.81    538092    114468      1104
02:25:26 PM   1358728    703960     34.13    100004    343604    744600     28.81    538148    114468      1164
02:25:27 PM   1358744    703944     34.13    100004    343664    744600     28.81    538212    114472      1224
02:25:28 PM   1358480    704208     34.14    100012    343724    744600     28.81    538268    114468      1284
02:25:29 PM   1358528    704160     34.14    100012    343776    744600     28.81    538340    114468      1336
02:25:30 PM   1358480    704208     34.14    100012    343836    744600     28.81    538392    114468      1396
02:25:31 PM   1358372    704316     34.15    100012    343888    744600     28.81    538444    114468      1448
02:25:32 PM   1358232    704456     34.15    100012    343952    744600     28.81    538512    114468      1512
02:25:33 PM   1358124    704564     34.16    100020    344012    744600     28.81    538564    114472      1572
02:25:34 PM   1358232    704456     34.15    100020    344072    744600     28.81    538640    114468      1632
02:25:35 PM   1358124    704564     34.16    100020    344128    744600     28.81    538696    114468      1688
02:25:36 PM   1357892    704796     34.17    100020    344188    744600     28.81    538760    114468      1712
02:25:37 PM   1357876    704812     34.17    100020    344252    744600     28.81    538828    114476      1776
02:25:38 PM   1357892    704796     34.17    100024    344324    744600     28.81    538900    114468      1848
02:25:39 PM   1357744    704944     34.18    100024    344384    744600     28.81    539056    114468      1912
02:25:40 PM   1357636    705052     34.18    100024    344444    744600     28.81    539112    114468      1972
02:25:41 PM   1357528    705160     34.19    100024    344496    744600     28.81    539176    114468       228
02:25:42 PM   1357596    705092     34.18    100024    344556    744600     28.81    539316    114468       304
02:25:43 PM   1357396    705292     34.19    100032    344616    744600     28.81    539372    114472       364
02:25:44 PM   1357348    705340     34.20    100032    344672    744600     28.81    539444    114468       428
02:25:45 PM   1357272    705416     34.20    100032    344728    744600     28.81    539500    114464       484
02:25:46 PM   1357132    705556     34.21    100032    344788    744600     28.81    539568    114468       500
02:25:47 PM   1357116    705572     34.21    100032    344848    744600     28.81    539624    114468       564
02:25:48 PM   1357008    705680     34.21    100036    344908    744600     28.81    539680    114472       624
02:25:49 PM   1357000    705688     34.21    100036    344968    744600     28.81    539648    114468       684
02:25:50 PM   1357032    705656     34.21    100036    345024    744600     28.81    539716    114468       740
02:25:51 PM   1356776    705912     34.22    100036    345084    744600     28.81    539868    114468       688
02:25:52 PM   1356752    705936     34.22    100036    345144    744600     28.81    539836    114472       752
02:25:53 PM   1356784    705904     34.22    100040    345216    744600     28.81    539900    114476       828
02:25:54 PM   1356752    705936     34.22    100040    345272    744600     28.81    539972    114468       928
02:25:55 PM   1356660    706028     34.23    100040    345340    744600     28.81    540028    114476       996
02:25:56 PM   1356628    706060     34.23    100040    345392    744600     28.81    540104    114468      1048
02:25:57 PM   1356504    706184     34.24    100040    345452    744600     28.81    540156    114468      1108
02:25:58 PM   1356536    706152     34.23    100048    345504    744600     28.81    540216    114468      1160
02:25:59 PM   1356536    706152     34.23    100048    345580    744600     28.81    540288    114472      1240
02:26:00 PM   1356380    706308     34.24    100048    345636    744600     28.81    540352    114468      1296
02:26:01 PM   1356420    706268     34.24    100048    345696    744600     28.81    540316    114468      1356
02:26:02 PM   1356512    706176     34.24    100048    345752    744600     28.81    540376    114468      1412
02:26:03 PM   1356420    706268     34.24    100056    345812    744600     28.81    540440    114468      1472
02:26:04 PM   1356388    706300     34.24    100056    345864    744600     28.81    540508    114468      1524
02:26:05 PM   1356264    706424     34.25    100056    345936    744600     28.81    540572    114472      1596
02:26:06 PM   1356140    706548     34.25    100056    345988    744600     28.81    540628    114468      1648
02:26:07 PM   1356172    706516     34.25    100056    346044    744600     28.81    540692    114464      1704
02:26:08 PM   1356016    706672     34.26    100064    346108    744600     28.81    540748    114468      1768
02:26:09 PM   1355924    706764     34.26    100064    346168    744600     28.81    540820    114468      1828
02:26:10 PM   1356016    706672     34.26    100064    346232    744600     28.81    540880    114468      1892
02:26:11 PM   1355676    707012     34.28    100064    346296    744600     28.81    540956    114464      1912
02:26:12 PM   1355676    707012     34.28    100064    346352    744600     28.81    541008    114464      1968
02:26:13 PM   1355768    706920     34.27    100072    346412    744600     28.81    541068    114468      2028
02:26:14 PM   1355636    707052     34.28    100072    346472    744600     28.81    541228    114468      2092
02:26:15 PM   1355544    707144     34.28    100072    346532    744600     28.81    541284    114468      2152
02:26:16 PM   1355388    707300     34.29    100072    346588    744600     28.81    541340    114468       212
02:26:17 PM   1355296    707392     34.29    100072    346644    744600     28.81    541404    114468       284
02:26:18 PM   1355296    707392     34.29    100072    346700    744600     28.81    541460    114468       340
02:26:19 PM   1355140    707548     34.30    100072    346760    744600     28.81    541520    114468       412
02:26:20 PM   1355048    707640     34.31    100072    346816    744600     28.81    541568    114468       468
02:26:21 PM   1355140    707548     34.30    100072    346884    744600     28.81    541652    114468       480
02:26:22 PM   1355048    707640     34.31    100072    346940    744600     28.81    541692    114468       540
02:26:23 PM   1354892    707796     34.31    100076    347008    744600     28.81    541768    114476       608
02:26:24 PM   1354932    707756     34.31    100076    347064    744600     28.81    541736    114468       676
02:26:25 PM   1355024    707664     34.31    100076    347128    744600     28.81    541800    114472       740
02:26:26 PM   1354932    707756     34.31    100076    347192    744600     28.81    541864    114472       676
02:26:27 PM   1354776    707912     34.32    100076    347252    744600     28.81    541932    114468       736
02:26:28 PM   1354776    707912     34.32    100084    347316    744600     28.81    541992    114472       860
02:26:29 PM   1354684    708004     34.32    100084    347372    744600     28.81    542068    114468       912
02:26:30 PM   1354404    708284     34.34    100084    347428    744600     28.81    542116    114468       968
02:26:31 PM   1354420    708268     34.34    100084    347488    744600     28.81    542180    114468      1028
02:26:32 PM   1354264    708424     34.34    100084    347540    744600     28.81    542236    114468      1080
02:26:33 PM   1354436    708252     34.34    100092    347604    744600     28.81    542316    114468      1144
02:26:34 PM   1354404    708284     34.34    100092    347656    744600     28.81    542360    114468      1196
02:26:35 PM   1354280    708408     34.34    100092    347728    744600     28.81    542428    114472      1268
02:26:36 PM   1354188    708500     34.35    100092    347780    744600     28.81    542484    114468      1320
02:26:37 PM   1354144    708544     34.35    100092    347840    744600     28.81    542540    114468      1380
02:26:38 PM   1354188    708500     34.35    100092    347904    744600     28.81    542600    114476      1444
02:26:39 PM   1354032    708656     34.36    100092    347968    744600     28.81    542668    114472      1508
02:26:40 PM   1354024    708664     34.36    100092    348024    744600     28.81    542740    114472      1564
02:26:41 PM   1353888    708800     34.36    100092    348084    744600     28.81    542772    114468      1624
02:26:42 PM   1353784    708904     34.37    100092    348148    744600     28.81    542860    114464      1688
02:26:43 PM   1353784    708904     34.37    100092    348208    744600     28.81    542920    114464      1748
02:26:44 PM   1353692    708996     34.37    100092    348264    744600     28.81    542984    114464      1804
02:26:45 PM   1353652    709036     34.37    100092    348328    744600     28.81    543040    114468      1868
02:26:46 PM   1353660    709028     34.37    100092    348380    744600     28.81    543104    114468        68
02:26:47 PM   1353560    709128     34.38    100092    348432    744600     28.81    543184    114468       144
02:26:48 PM   1353380    709308     34.39    100096    348488    744600     28.81    543268    114464       208
02:26:49 PM   1353312    709376     34.39    100096    348552    744600     28.81    543312    114468       332
02:26:50 PM   1353196    709492     34.40    100096    348612    744600     28.81    543336    114472       392
02:26:51 PM   1353196    709492     34.40    100096    348668    744600     28.81    543396    114472       448
02:26:52 PM   1353156    709532     34.40    100096    348728    744600     28.81    543500    114476       508
02:26:53 PM   1353188    709500     34.40    100104    348780    744600     28.81    543548    114468       568
02:26:54 PM   1353140    709548     34.40    100104    348840    744600     28.81    543552    114468       628
02:26:55 PM   1353304    709384     34.39    100104    348904    744600     28.81    543484    114468       692
Average:      1357393    705295     34.19    100028    344763    744600     28.81    539379    114469      1091
