Linux 4.4.0-31-generic (fw-suricata) 	12/08/2017 	_i686_	(1 CPU)

04:17:51 PM  CPU    %usr   %nice    %sys %iowait    %irq   %soft  %steal  %guest  %gnice   %idle
04:17:52 PM  all    2.02    0.00   10.10    0.00    0.00    0.00    0.00    0.00    0.00   87.88
04:17:53 PM  all    1.03    0.00    3.09    0.00    0.00    0.00    0.00    0.00    0.00   95.88
04:17:54 PM  all    2.00    0.00    5.00    3.00    0.00    0.00    1.00    0.00    0.00   89.00
04:17:55 PM  all    2.04    0.00    4.08    0.00    0.00    0.00    0.00    0.00    0.00   93.88
04:17:56 PM  all    3.03    0.00    5.05    0.00    0.00    1.01    0.00    0.00    0.00   90.91
04:17:57 PM  all    1.00    0.00    2.00    0.00    0.00    0.00    1.00    0.00    0.00   96.00
04:17:58 PM  all    1.01    0.00    2.02    0.00    0.00    0.00    0.00    0.00    0.00   96.97
04:17:59 PM  all    0.00    0.00    3.03    3.03    0.00    0.00    1.01    0.00    0.00   92.93
04:18:00 PM  all    0.99    0.00    3.96    0.00    0.00    0.00    0.00    0.00    0.00   95.05
04:18:01 PM  all    1.00    0.00    3.00    0.00    0.00    0.00    0.00    0.00    0.00   96.00
04:18:02 PM  all    1.00    0.00    3.00    0.00    0.00    0.00    0.00    0.00    0.00   96.00
04:18:03 PM  all    1.01    0.00    2.02    0.00    0.00    0.00    0.00    0.00    0.00   96.97
04:18:04 PM  all    0.00    0.00    3.09   16.49    0.00    0.00    0.00    0.00    0.00   80.41
04:18:05 PM  all    0.99    0.00    2.97    0.00    0.00    0.00    0.99    0.00    0.00   95.05
04:18:06 PM  all    1.00    0.00    3.00    0.00    0.00    0.00    0.00    0.00    0.00   96.00
04:18:07 PM  all    0.00    0.00    4.04    0.00    0.00    0.00    0.00    0.00    0.00   95.96
04:18:08 PM  all    1.01    0.00    2.02    0.00    0.00    0.00    0.00    0.00    0.00   96.97
04:18:09 PM  all    0.98    0.00    3.92   10.78    0.00    0.00    0.98    0.00    0.00   83.33
04:18:10 PM  all    2.02    0.00    2.02    0.00    0.00    0.00    0.00    0.00    0.00   95.96
04:18:11 PM  all    1.00    0.00    3.00    0.00    0.00    0.00    1.00    0.00    0.00   95.00
04:18:12 PM  all    0.98    0.00    3.92    0.00    0.00    0.00    0.98    0.00    0.00   94.12
04:18:13 PM  all    2.00    0.00    2.00    0.00    0.00    0.00    0.00    0.00    0.00   96.00
04:18:14 PM  all    1.01    0.00    3.03    7.07    0.00    0.00    1.01    0.00    0.00   87.88
04:18:15 PM  all    0.00    0.00    4.00    0.00    0.00    0.00    1.00    0.00    0.00   95.00
04:18:16 PM  all    1.01    0.00    2.02    0.00    0.00    0.00    0.00    0.00    0.00   96.97
04:18:17 PM  all    1.96    0.00    2.94    0.00    0.00    0.00    0.98    0.00    0.00   94.12
04:18:18 PM  all    1.00    0.00    3.00    0.00    0.00    0.00    1.00    0.00    0.00   95.00
04:18:19 PM  all    0.99    0.00    2.97    7.92    0.00    0.00    0.99    0.00    0.00   87.13
04:18:20 PM  all    0.00    0.00    3.06    0.00    0.00    0.00    0.00    0.00    0.00   96.94
04:18:21 PM  all    1.00    0.00    3.00    0.00    0.00    0.00    0.00    0.00    0.00   96.00
04:18:22 PM  all    1.02    0.00    2.04    0.00    0.00    0.00    0.00    0.00    0.00   96.94
04:18:23 PM  all    1.96    0.00    2.94    0.00    0.00    0.00    0.98    0.00    0.00   94.12
04:18:24 PM  all    0.00    0.00    2.06   14.43    0.00    0.00    0.00    0.00    0.00   83.51
04:18:25 PM  all    1.01    0.00    3.03    0.00    0.00    0.00    0.00    0.00    0.00   95.96
04:18:26 PM  all    2.02    0.00    2.02    0.00    0.00    0.00    0.00    0.00    0.00   95.96
04:18:27 PM  all    0.98    0.00    2.94    0.00    0.00    0.98    0.98    0.00    0.00   94.12
04:18:28 PM  all    0.00    0.00    3.06    0.00    0.00    0.00    0.00    0.00    0.00   96.94
04:18:29 PM  all    1.98    0.00    2.97    3.96    0.00    0.00    0.99    0.00    0.00   90.10
04:18:30 PM  all    0.00    0.00    4.00    0.00    0.00    0.00    0.00    0.00    0.00   96.00
04:18:31 PM  all    0.00    0.00    2.06    0.00    0.00    0.00    0.00    0.00    0.00   97.94
04:18:32 PM  all    1.01    0.00    2.02    0.00    0.00    0.00    1.01    0.00    0.00   95.96
04:18:33 PM  all    1.02    0.00    2.04    0.00    0.00    0.00    1.02    0.00    0.00   95.92
04:18:34 PM  all    1.00    0.00    3.00    2.00    0.00    0.00    1.00    0.00    0.00   93.00
04:18:35 PM  all    0.00    0.00    2.04    0.00    0.00    0.00    1.02    0.00    0.00   96.94
04:18:36 PM  all    2.00    0.00    2.00    0.00    0.00    0.00    0.00    0.00    0.00   96.00
04:18:37 PM  all    1.01    0.00    2.02    0.00    0.00    0.00    0.00    0.00    0.00   96.97
04:18:38 PM  all    0.00    0.00    2.04    0.00    0.00    0.00    1.02    0.00    0.00   96.94
04:18:39 PM  all    0.00    0.00    3.00   13.00    0.00    1.00    0.00    0.00    0.00   83.00
04:18:40 PM  all    2.00    0.00    3.00    0.00    0.00    0.00    1.00    0.00    0.00   94.00
04:18:41 PM  all    1.02    0.00    1.02    0.00    0.00    0.00    0.00    0.00    0.00   97.96
04:18:42 PM  all    0.99    0.00    3.96    0.00    0.00    0.00    0.99    0.00    0.00   94.06
04:18:43 PM  all    1.03    0.00    1.03    0.00    0.00    0.00    0.00    0.00    0.00   97.94
04:18:44 PM  all    0.99    0.00    2.97    5.94    0.00    0.00    0.99    0.00    0.00   89.11
04:18:45 PM  all    1.01    0.00    3.03    0.00    0.00    0.00    0.00    0.00    0.00   95.96
04:18:46 PM  all    1.00    0.00    3.00    0.00    0.00    0.00    0.00    0.00    0.00   96.00
04:18:47 PM  all    0.00    0.00    4.04    0.00    0.00    0.00    0.00    0.00    0.00   95.96
04:18:48 PM  all    1.01    0.00    3.03    0.00    0.00    0.00    0.00    0.00    0.00   95.96
04:18:49 PM  all    1.00    0.00    3.00    2.00    0.00    0.00    1.00    0.00    0.00   93.00
04:18:50 PM  all    1.00    0.00    3.00    0.00    0.00    0.00    0.00    0.00    0.00   96.00
04:18:51 PM  all    1.01    0.00    3.03    0.00    0.00    0.00    0.00    0.00    0.00   95.96
04:18:52 PM  all    1.00    0.00    4.00    0.00    0.00    0.00    0.00    0.00    0.00   95.00
04:18:53 PM  all    2.94    0.00    1.96    0.00    0.00    0.00    0.98    0.00    0.00   94.12
04:18:54 PM  all    0.00    0.00    4.04    2.02    0.00    0.00    0.00    0.00    0.00   93.94
04:18:55 PM  all    2.00    0.00    3.00    0.00    0.00    0.00    0.00    0.00    0.00   95.00
04:18:56 PM  all    0.00    0.00    3.03    0.00    0.00    0.00    0.00    0.00    0.00   96.97
04:18:57 PM  all    1.00    0.00    3.00    0.00    0.00    0.00    1.00    0.00    0.00   95.00
04:18:58 PM  all    1.01    0.00    3.03    0.00    0.00    0.00    0.00    0.00    0.00   95.96
04:18:59 PM  all    0.99    0.00    2.97    5.94    0.00    0.00    0.99    0.00    0.00   89.11
04:19:00 PM  all    1.98    0.00    2.97    0.00    0.00    0.00    0.00    0.00    0.00   95.05
04:19:01 PM  all    1.01    0.00    3.03    0.00    0.00    0.00    0.00    0.00    0.00   95.96
04:19:02 PM  all    2.00    0.00    3.00    0.00    0.00    0.00    0.00    0.00    0.00   95.00
04:19:03 PM  all    0.99    0.00    3.96    0.00    0.00    0.00    0.00    0.00    0.00   95.05
04:19:04 PM  all    0.00    0.00    3.96    1.98    0.00    0.00    0.99    0.00    0.00   93.07
04:19:05 PM  all    1.01    0.00    2.02    0.00    0.00    0.00    1.01    0.00    0.00   95.96
04:19:06 PM  all    1.00    0.00    4.00    0.00    0.00    0.00    0.00    0.00    0.00   95.00
04:19:07 PM  all    1.00    0.00    3.00    0.00    0.00    0.00    1.00    0.00    0.00   95.00
04:19:08 PM  all    1.00    0.00    3.00    0.00    0.00    0.00    1.00    0.00    0.00   95.00
04:19:09 PM  all    1.00    0.00    4.00    1.00    0.00    0.00    0.00    0.00    0.00   94.00
04:19:10 PM  all    2.00    0.00    2.00    0.00    0.00    0.00    0.00    0.00    0.00   96.00
04:19:11 PM  all    0.00    0.00    3.03    0.00    0.00    0.00    0.00    0.00    0.00   96.97
04:19:12 PM  all    2.02    0.00    2.02    0.00    0.00    0.00    0.00    0.00    0.00   95.96
04:19:13 PM  all    0.00    0.00    3.03    0.00    0.00    0.00    1.01    0.00    0.00   95.96
04:19:14 PM  all    1.00    0.00    3.00   11.00    0.00    0.00    0.00    0.00    0.00   85.00
04:19:15 PM  all    1.00    0.00    2.00    0.00    0.00    0.00    1.00    0.00    0.00   96.00
04:19:16 PM  all    0.00    0.00    3.06    0.00    0.00    0.00    0.00    0.00    0.00   96.94
04:19:17 PM  all    0.00    0.00    4.00    0.00    0.00    0.00    0.00    0.00    0.00   96.00
04:19:18 PM  all    0.00    0.00    4.00    0.00    0.00    0.00    1.00    0.00    0.00   95.00
04:19:19 PM  all    1.01    0.00    2.02    2.02    0.00    0.00    1.01    0.00    0.00   93.94
04:19:20 PM  all    1.01    0.00    3.03    0.00    0.00    0.00    0.00    0.00    0.00   95.96
04:19:21 PM  all    2.02    0.00    2.02    0.00    0.00    0.00    0.00    0.00    0.00   95.96
04:19:22 PM  all    0.00    0.00    3.00    0.00    0.00    0.00    1.00    0.00    0.00   96.00
04:19:23 PM  all    1.01    0.00    1.01    0.00    0.00    1.01    1.01    0.00    0.00   95.96
04:19:24 PM  all    1.00    0.00    3.00    1.00    0.00    0.00    1.00    0.00    0.00   94.00
04:19:25 PM  all    0.00    0.00    3.03    0.00    0.00    0.00    0.00    0.00    0.00   96.97
04:19:26 PM  all    1.01    0.00    2.02    0.00    0.00    0.00    0.00    0.00    0.00   96.97
04:19:27 PM  all    1.00    0.00    3.00    0.00    0.00    0.00    1.00    0.00    0.00   95.00
04:19:28 PM  all    1.01    0.00    2.02    0.00    0.00    0.00    0.00    0.00    0.00   96.97
04:19:29 PM  all    1.01    0.00    3.03    5.05    0.00    0.00    0.00    0.00    0.00   90.91
04:19:30 PM  all    0.00    0.00    3.03    0.00    0.00    0.00    0.00    0.00    0.00   96.97
04:19:31 PM  all    0.99    0.00    3.96    0.00    0.00    0.00    0.99    0.00    0.00   94.06
04:19:32 PM  all    1.01    0.00    2.02    0.00    0.00    0.00    0.00    0.00    0.00   96.97
04:19:33 PM  all    1.00    0.00    3.00    0.00    0.00    0.00    1.00    0.00    0.00   95.00
04:19:34 PM  all    1.01    0.00    2.02    4.04    0.00    0.00    0.00    0.00    0.00   92.93
04:19:35 PM  all    2.02    0.00    1.01    0.00    0.00    0.00    0.00    0.00    0.00   96.97
04:19:36 PM  all    1.98    0.00    3.96    0.00    0.00    0.00    0.00    0.00    0.00   94.06
04:19:37 PM  all    2.02    0.00    2.02    0.00    0.00    0.00    0.00    0.00    0.00   95.96
04:19:38 PM  all    0.99    0.00    2.97    0.00    0.00    0.00    0.99    0.00    0.00   95.05
04:19:39 PM  all    2.04    0.00    1.02    1.02    0.00    0.00    0.00    0.00    0.00   95.92
04:19:40 PM  all    1.00    0.00    3.00    0.00    0.00    0.00    0.00    0.00    0.00   96.00
04:19:41 PM  all    0.99    0.00    3.96    0.00    0.00    0.00    0.99    0.00    0.00   94.06
04:19:42 PM  all    0.00    0.00    3.03    0.00    0.00    0.00    0.00    0.00    0.00   96.97
04:19:43 PM  all    0.99    0.00    3.96    0.00    0.00    0.00    0.00    0.00    0.00   95.05
04:19:44 PM  all    2.00    0.00    2.00    2.00    0.00    0.00    0.00    0.00    0.00   94.00
04:19:45 PM  all    0.00    0.00    3.06    0.00    0.00    0.00    0.00    0.00    0.00   96.94
04:19:46 PM  all    1.00    0.00    2.00    0.00    0.00    1.00    1.00    0.00    0.00   95.00
04:19:47 PM  all    0.00    0.00    3.03    0.00    0.00    0.00    0.00    0.00    0.00   96.97
04:19:48 PM  all    1.01    0.00    2.02    0.00    0.00    0.00    0.00    0.00    0.00   96.97
04:19:49 PM  all    1.01    0.00    2.02    8.08    0.00    0.00    1.01    0.00    0.00   87.88
04:19:50 PM  all    0.00    0.00    2.04    0.00    0.00    0.00    0.00    0.00    0.00   97.96
04:19:51 PM  all    1.01    0.00    3.03    0.00    0.00    0.00    0.00    0.00    0.00   95.96
04:19:52 PM  all    1.02    0.00    2.04    0.00    0.00    0.00    0.00    0.00    0.00   96.94
04:19:53 PM  all    1.01    0.00    1.01    0.00    0.00    0.00    1.01    0.00    0.00   96.97
04:19:54 PM  all    1.01    0.00    2.02    2.02    0.00    0.00    0.00    0.00    0.00   94.95
04:19:55 PM  all    0.00    0.00    3.03    0.00    0.00    0.00    1.01    0.00    0.00   95.96
04:19:56 PM  all    1.00    0.00    2.00    0.00    0.00    0.00    1.00    0.00    0.00   96.00
04:19:57 PM  all    1.01    0.00    5.05    0.00    0.00    0.00    0.00    0.00    0.00   93.94
04:19:58 PM  all    1.02    0.00    4.08    0.00    0.00    0.00    0.00    0.00    0.00   94.90
04:19:59 PM  all    2.00    0.00    3.00    1.00    0.00    0.00    1.00    0.00    0.00   93.00
04:20:00 PM  all    2.00    0.00    5.00    0.00    0.00    0.00    0.00    0.00    0.00   93.00
04:20:01 PM  all    0.00    0.00    5.10    0.00    0.00    0.00    0.00    0.00    0.00   94.90
04:20:02 PM  all    2.04    0.00    4.08    0.00    0.00    0.00    0.00    0.00    0.00   93.88
04:20:03 PM  all    2.00    0.00    4.00    0.00    0.00    0.00    1.00    0.00    0.00   93.00
04:20:04 PM  all    1.00    0.00    5.00    5.00    0.00    0.00    0.00    0.00    0.00   89.00
04:20:05 PM  all    2.00    0.00    4.00    0.00    0.00    0.00    0.00    0.00    0.00   94.00
04:20:06 PM  all    1.03    0.00    2.06    0.00    0.00    0.00    0.00    0.00    0.00   96.91
04:20:07 PM  all    2.00    0.00    4.00    0.00    0.00    0.00    1.00    0.00    0.00   93.00
04:20:08 PM  all    2.02    0.00    4.04    0.00    0.00    0.00    0.00    0.00    0.00   93.94
04:20:09 PM  all    2.04    0.00    3.06    4.08    0.00    0.00    0.00    0.00    0.00   90.82
04:20:10 PM  all    3.00    0.00    4.00    0.00    0.00    0.00    0.00    0.00    0.00   93.00
04:20:11 PM  all    1.02    0.00    5.10    0.00    0.00    0.00    0.00    0.00    0.00   93.88
Average:     all    1.05    0.00    3.01    1.05    0.00    0.04    0.37    0.00    0.00   94.49
