Linux 4.4.0-31-generic (ids-suricata) 	12/08/2017 	_i686_	(1 CPU)

02:47:03 PM kbmemfree kbmemused  %memused kbbuffers  kbcached  kbcommit   %commit  kbactive   kbinact   kbdirty
02:47:04 PM    903560   1159128     56.20     91392    403108    738284     28.56    988588    118040       376
02:47:05 PM    903312   1159376     56.21     91392    403144    738284     28.56    988656    118024       432
02:47:06 PM    903344   1159344     56.21     91392    403168    738284     28.56    988680    118020       456
02:47:07 PM    903312   1159376     56.21     91392    403192    738284     28.56    988712    118020       480
02:47:08 PM    903344   1159344     56.21     91392    403224    738284     28.56    988744    118020       512
02:47:09 PM    898224   1164464     56.45     91392    403252    758824     29.36    992004    118028       592
02:47:10 PM    897720   1164968     56.48     91392    403280    758824     29.36    992012    118028       596
02:47:11 PM    897720   1164968     56.48     91392    403300    758824     29.36    992044    118028       616
02:47:12 PM    897752   1164936     56.48     91392    403324    758824     29.36    992072    118028       640
02:47:13 PM    897720   1164968     56.48     91392    403352    758824     29.36    992096    118028       668
02:47:14 PM    897472   1165216     56.49     91396    403376    758824     29.36    992132    118028       696
02:47:15 PM    897596   1165092     56.48     91396    403404    758824     29.36    992176    118028       720
02:47:16 PM    897504   1165184     56.49     91396    403432    758824     29.36    992200    118028       748
02:47:17 PM    897472   1165216     56.49     91396    403456    758824     29.36    992228    118028       772
02:47:18 PM    897380   1165308     56.49     91396    403484    758824     29.36    992260    118028       800
02:47:19 PM    897380   1165308     56.49     91404    403516    758824     29.36    992292    118036       840
02:47:20 PM    897224   1165464     56.50     91404    403568    758824     29.36    992376    118028       876
02:47:21 PM    897224   1165464     56.50     91404    403600    758824     29.36    992412    118032       908
02:47:22 PM    897100   1165588     56.51     91404    403652    758824     29.36    992476    118028       960
02:47:23 PM    897132   1165556     56.51     91404    403688    758824     29.36    992508    118028       996
02:47:24 PM    897132   1165556     56.51     91416    403716    758824     29.36    992580    118028        44
02:47:25 PM    897132   1165556     56.51     91416    403764    758824     29.36    992632    118028        64
02:47:26 PM    896976   1165712     56.51     91416    403804    758824     29.36    992668    118028       108
02:47:27 PM    896852   1165836     56.52     91416    403848    758824     29.36    992724    118028       156
02:47:28 PM    896884   1165804     56.52     91416    403896    758824     29.36    992772    118028       204
02:47:29 PM    896760   1165928     56.52     91420    403936    758824     29.36    992852    118028       300
02:47:30 PM    896600   1166088     56.53     91420    403980    758824     29.36    992956    118028       340
02:47:31 PM    896512   1166176     56.54     91420    404024    758824     29.36    992968    118032       384
02:47:32 PM    896760   1165928     56.52     91420    404060    758824     29.36    993064    118028       420
02:47:33 PM    896480   1166208     56.54     91420    404100    758824     29.36    993112    118032       460
02:47:34 PM    896388   1166300     56.54     91424    404144    758824     29.36    993188    118028       508
02:47:35 PM    896320   1166368     56.55     91424    404188    758824     29.36    993284    118032       548
02:47:36 PM    896264   1166424     56.55     91424    404244    758824     29.36    993348    118028       604
02:47:37 PM    896388   1166300     56.54     91424    404288    758824     29.36    993468    118028       648
02:47:38 PM    896108   1166580     56.56     91424    404320    758824     29.36    993516    118028       680
02:47:39 PM    895860   1166828     56.57     91424    404368    758824     29.36    993560    118032       728
02:47:40 PM    895828   1166860     56.57     91424    404404    758824     29.36    993672    118028       764
02:47:41 PM    895736   1166952     56.57     91424    404436    758824     29.36    993776    118028       796
02:47:42 PM    895688   1167000     56.58     91424    404456    758824     29.36    994016    118028       816
02:47:43 PM    895736   1166952     56.57     91424    404484    758824     29.36    993912    118028       844
02:47:44 PM    895640   1167048     56.58     91432    404520    758824     29.36    994016    118028       888
02:47:45 PM    895576   1167112     56.58     91432    404560    758824     29.36    994108    118032       920
02:47:46 PM    895640   1167048     56.58     91432    404584    758824     29.36    994208    118032       944
02:47:47 PM    895384   1167304     56.59     91432    404616    758824     29.36    994336    118028       976
02:47:48 PM    895260   1167428     56.60     91432    404660    758824     29.36    994432    118028      1020
02:47:49 PM    895012   1167676     56.61     91436    404680    758824     29.36    994512    118028         4
02:47:50 PM    894724   1167964     56.62     91436    404724    758824     29.36    994660    118028        52
02:47:51 PM    894864   1167824     56.62     91436    404740    758824     29.36    994764    118028        80
02:47:52 PM    894756   1167932     56.62     91436    404780    758824     29.36    994712    118036       120
02:47:53 PM    894640   1168048     56.63     91436    404796    758824     29.36    994796    118036       136
02:47:54 PM    894576   1168112     56.63     91436    404820    758824     29.36    994880    118032       160
02:47:55 PM    894452   1168236     56.64     91436    404836    758824     29.36    994964    118028       212
02:47:56 PM    894516   1168172     56.63     91436    404868    758824     29.36    995056    118028       248
02:47:57 PM    894336   1168352     56.64     91436    404884    758824     29.36    995052    118028       264
02:47:58 PM    894332   1168356     56.64     91436    404908    758824     29.36    995072    118028       288
02:47:59 PM    894364   1168324     56.64     91444    404916    758824     29.36    995208    118028       304
02:48:00 PM    894208   1168480     56.65     91444    404952    758824     29.36    995216    118028       336
02:48:01 PM    894116   1168572     56.65     91444    404968    758824     29.36    995260    118028       352
02:48:02 PM    894148   1168540     56.65     91444    404984    758824     29.36    995320    118028       368
02:48:03 PM    894148   1168540     56.65     91444    405004    758824     29.36    995364    118028       388
02:48:04 PM    893992   1168696     56.66     91448    405024    758824     29.36    995400    118028       412
02:48:05 PM    893944   1168744     56.66     91448    405044    758824     29.36    995456    118032       428
02:48:06 PM    893712   1168976     56.67     91448    405068    758824     29.36    995524    118028       452
02:48:07 PM    893432   1169256     56.69     91448    405088    758824     29.36    995908    118028       472
02:48:08 PM    893464   1169224     56.68     91448    405104    758824     29.36    995816    118028       488
02:48:09 PM    893520   1169168     56.68     91448    405120    758824     29.36    995776    118028       504
02:48:10 PM    893396   1169292     56.69     91448    405140    758824     29.36    995844    118028       524
02:48:11 PM    893396   1169292     56.69     91448    405172    758824     29.36    995832    118036       556
02:48:12 PM    893392   1169296     56.69     91448    405196    758824     29.36    995928    118028       580
02:48:13 PM    893316   1169372     56.69     91448    405212    758824     29.36    995984    118028       596
02:48:14 PM    893360   1169328     56.69     91448    405232    758824     29.36    996028    118028         0
02:48:15 PM    893216   1169472     56.70     91456    405252    758824     29.36    996148    118032        84
02:48:16 PM    893188   1169500     56.70     91456    405276    758824     29.36    996108    118032       124
02:48:17 PM    893112   1169576     56.70     91456    405296    758824     29.36    996104    118032       144
02:48:18 PM    893120   1169568     56.70     91456    405312    758824     29.36    996052    118028       160
02:48:19 PM    893152   1169536     56.70     91456    405328    758824     29.36    996024    118028       176
02:48:20 PM    893144   1169544     56.70     91464    405352    758824     29.36    996144    118028       204
02:48:21 PM    893120   1169568     56.70     91464    405372    758824     29.36    996132    118032       224
02:48:22 PM    893028   1169660     56.71     91464    405392    758824     29.36    996188    118028       244
02:48:23 PM    893020   1169668     56.71     91464    405424    758824     29.36    996308    118032       276
02:48:24 PM    893028   1169660     56.71     91464    405452    758824     29.36    996220    118028       304
02:48:25 PM    893020   1169668     56.71     91464    405472    758824     29.36    996220    118032       324
02:48:26 PM    892864   1169824     56.71     91464    405500    758824     29.36    996252    118028       352
02:48:27 PM    892864   1169824     56.71     91464    405532    758824     29.36    996292    118032       384
02:48:28 PM    892704   1169984     56.72     91464    405572    758824     29.36    996344    118040       424
02:48:29 PM    892616   1170072     56.73     91464    405592    758824     29.36    996372    118028       444
02:48:30 PM    892640   1170048     56.72     91468    405620    758824     29.36    996392    118028       476
02:48:31 PM    892584   1170104     56.73     91468    405648    758824     29.36    996448    118028       500
02:48:32 PM    892648   1170040     56.72     91468    405664    758824     29.36    996492    118028       516
02:48:33 PM    892640   1170048     56.72     91468    405700    758824     29.36    996620    118028       552
02:48:34 PM    892236   1170452     56.74     91468    405712    758824     29.36    996656    118028       564
02:48:35 PM    892204   1170484     56.75     91476    405732    758824     29.36    996664    118028       592
02:48:36 PM    892368   1170320     56.74     91476    405768    758824     29.36    996716    118028       624
02:48:37 PM    892200   1170488     56.75     91476    405800    758824     29.36    996732    118032       656
02:48:38 PM    892176   1170512     56.75     91476    405812    758824     29.36    996932    118028       668
02:48:39 PM    892256   1170432     56.74     91476    405840    758824     29.36    996784    118028       696
02:48:40 PM    892232   1170456     56.74     91480    405920    758824     29.36    996812    118028       780
02:48:41 PM    892108   1170580     56.75     91480    405924    758824     29.36    996808    118028       780
02:48:42 PM    892140   1170548     56.75     91480    406000    758824     29.36    996860    118028       856
02:48:43 PM    891992   1170696     56.76     91480    406100    758824     29.36    996896    118028       956
02:48:44 PM    891992   1170696     56.76     91480    406092    758824     29.36    996908    118028       948
02:48:45 PM    891900   1170788     56.76     91484    406112    758824     29.36    996992    118028       956
02:48:46 PM    891580   1171108     56.78     91484    406220    758824     29.36    997104    118036      1060
02:48:47 PM    891580   1171108     56.78     91484    406292    758824     29.36    997232    118028      1132
02:48:48 PM    891488   1171200     56.78     91484    406292    758824     29.36    997468    118028      1132
02:48:49 PM    891480   1171208     56.78     91484    406344    758824     29.36    997324    118028        80
02:48:50 PM    891488   1171200     56.78     91484    406396    758824     29.36    997336    118028        96
02:48:51 PM    891396   1171292     56.78     91484    406500    758824     29.36    997452    118028       200
02:48:52 PM    891236   1171452     56.79     91484    406556    758824     29.36    997508    118028       260
02:48:53 PM    891204   1171484     56.79     91484    406564    758824     29.36    997540    118032       268
02:48:54 PM    891120   1171568     56.80     91484    406680    758824     29.36    997712    118028       384
02:48:55 PM    890964   1171724     56.81     91492    406668    758824     29.36    997732    118032       380
02:48:56 PM    890872   1171816     56.81     91492    406720    758824     29.36    997752    118028       432
02:48:57 PM    890816   1171872     56.81     91492    406736    758824     29.36    997824    118028       448
02:48:58 PM    890700   1171988     56.82     91492    406848    758824     29.36    997892    118028       560
02:48:59 PM    890560   1172128     56.83     91492    406880    758824     29.36    997908    118028       592
02:49:00 PM    890632   1172056     56.82     91496    406896    758824     29.36    997932    118032       612
02:49:01 PM    890616   1172072     56.82     91496    407020    758824     29.36    998092    118028       732
02:49:02 PM    890600   1172088     56.82     91496    407044    758824     29.36    998108    118028       756
02:49:03 PM    890492   1172196     56.83     91496    407100    758824     29.36    998168    118028       812
02:49:04 PM    890356   1172332     56.84     91496    407196    758824     29.36    998212    118028       908
02:49:05 PM    890224   1172464     56.84     91496    407228    758824     29.36    998220    118032       940
02:49:06 PM    890248   1172440     56.84     91496    407276    758824     29.36    998352    118032       988
02:49:07 PM    890200   1172488     56.84     91496    407376    758824     29.36    998360    118028      1088
02:49:08 PM    890240   1172448     56.84     91496    407380    758824     29.36    998252    118028      1092
02:49:09 PM    890272   1172416     56.84     91496    407476    758824     29.36    998316    118032      1188
02:49:10 PM    890116   1172572     56.85     91496    407576    758824     29.36    998412    118032      1288
02:49:11 PM    889988   1172700     56.85     91504    407640    758824     29.36    998516    118028      1352
02:49:12 PM    890148   1172540     56.85     91504    407724    758824     29.36    998544    118028      1436
02:49:13 PM    889868   1172820     56.86     91504    407792    758824     29.36    998640    118028      1504
02:49:14 PM    889900   1172788     56.86     91508    407856    758824     29.36    998712    118028      1572
02:49:15 PM    889744   1172944     56.86     91508    407916    758824     29.36    998784    118028      1612
02:49:16 PM    889776   1172912     56.86     91508    408000    758824     29.36    998840    118028      1700
02:49:17 PM    889776   1172912     56.86     91508    408072    758824     29.36    998924    118032      1772
02:49:18 PM    889620   1173068     56.87     91508    408136    758824     29.36    998992    118028      1836
02:49:19 PM    889488   1173200     56.88     91508    408204    758824     29.36    999060    118028      1904
02:49:20 PM    889484   1173204     56.88     91508    408260    758824     29.36    999148    118036      1540
02:49:21 PM    889364   1173324     56.88     91508    408316    758824     29.36    999180    118028      1596
02:49:22 PM    889380   1173308     56.88     91508    408312    758824     29.36    999168    118032      1592
02:49:23 PM    889380   1173308     56.88     91508    408368    758824     29.36    999200    118028      1648
Average:       893853   1168835     56.67     91453    405376    758090     29.33    995448    118029       640
