Linux 4.4.0-31-generic (fw-suricata) 	12/08/2017 	_i686_	(1 CPU)

03:42:36 PM kbmemfree kbmemused  %memused kbbuffers  kbcached  kbcommit   %commit  kbactive   kbinact   kbdirty
03:42:37 PM   1075948    986740     47.84    104844    616824    744916     28.82    816188    114604      1460
03:42:38 PM   1075840    986848     47.84    104844    616884    744916     28.82    816276    114588      1520
03:42:39 PM   1075856    986832     47.84    104848    616876    744916     28.82    816364    114584      1568
03:42:40 PM   1075732    986956     47.85    104848    616984    744916     28.82    816392    114580      1668
03:42:41 PM   1075608    987080     47.85    104848    617052    744916     28.82    816500    114580      1736
03:42:42 PM   1075360    987328     47.87    104848    617052    744916     28.82    816536    114584      1736
03:42:43 PM   1075336    987352     47.87    104848    617172    744916     28.82    816600    114580      1856
03:42:44 PM   1075204    987484     47.87    104852    617216    744916     28.82    816672    114580      1904
03:42:45 PM   1075336    987352     47.87    104852    617288    744916     28.82    816748    114580      1972
03:42:46 PM   1075236    987452     47.87    104852    617280    744916     28.82    816736    114580      1964
03:42:47 PM   1075236    987452     47.87    104852    617400    744916     28.82    816828    114580      2084
03:42:48 PM   1075096    987592     47.88    104852    617444    744916     28.82    816880    114580      2128
03:42:49 PM   1075056    987632     47.88    104852    617532    744916     28.82    816960    114584      2216
03:42:50 PM   1075128    987560     47.88    104856    617520    744916     28.82    817012    114580       320
03:42:51 PM   1074956    987732     47.89    104856    617644    744916     28.82    817032    114580       416
03:42:52 PM   1075004    987684     47.88    104856    617692    744916     28.82    817144    114580       464
03:42:53 PM   1074956    987732     47.89    104856    617772    744916     28.82    817232    114588       544
03:42:54 PM   1074880    987808     47.89    104860    617764    744916     28.82    817196    114580       592
03:42:55 PM   1074872    987816     47.89    104860    617888    744916     28.82    817336    114580       656
03:42:56 PM   1074700    987988     47.90    104860    617932    744916     28.82    817412    114576       744
03:42:57 PM   1074580    988108     47.90    104860    618004    744916     28.82    817480    114580       816
03:42:58 PM   1074484    988204     47.91    104860    617996    744916     28.82    817468    114580       808
03:42:59 PM   1074468    988220     47.91    104864    618112    744916     28.82    817572    114576       928
03:43:00 PM   1074484    988204     47.91    104864    618164    744916     28.82    817652    114576       988
03:43:01 PM   1074468    988220     47.91    104864    618240    744916     28.82    817632    114576      1060
03:43:02 PM   1074360    988328     47.91    104864    618296    744916     28.82    817756    114580      1116
03:43:03 PM   1074228    988460     47.92    104864    618296    744916     28.82    817816    114584      1116
03:43:04 PM   1074136    988552     47.93    104872    618392    744916     28.82    817892    114580      1220
03:43:05 PM   1074120    988568     47.93    104872    618412    744916     28.82    817932    114580      1232
03:43:06 PM   1073988    988700     47.93    104872    618528    744916     28.82    818008    114580      1328
03:43:07 PM   1073972    988716     47.93    104872    618588    744916     28.82    818064    114580      1388
03:43:08 PM   1073888    988800     47.94    104872    618640    744916     28.82    818124    114588      1440
03:43:09 PM   1073848    988840     47.94    104876    618716    744916     28.82    818196    114580      1520
03:43:10 PM   1073740    988948     47.94    104876    618784    744916     28.82    818224    114584      1040
03:43:11 PM   1073700    988988     47.95    104876    618780    744916     28.82    818280    114580      1132
03:43:12 PM   1073764    988924     47.94    104876    618836    744916     28.82    818364    114584      1148
03:43:13 PM   1073716    988972     47.95    104876    618900    744916     28.82    818380    114580      1212
03:43:14 PM   1073632    989056     47.95    104880    619012    744916     28.82    818584    114580      1328
03:43:15 PM   1073212    989476     47.97    104880    619080    744916     28.82    818664    114580      1392
03:43:16 PM   1073340    989348     47.96    104880    619124    744916     28.82    818740    114580      1436
03:43:17 PM   1073220    989468     47.97    104880    619200    744916     28.82    818804    114580      1512
03:43:18 PM   1073136    989552     47.97    104880    619264    744916     28.82    818844    114588      1576
03:43:19 PM   1072964    989724     47.98    104884    619320    744916     28.82    818908    114584      1636
03:43:20 PM   1073084    989604     47.98    104884    619380    744916     28.82    818996    114580       408
03:43:21 PM   1073088    989600     47.98    104884    619380    744916     28.82    818972    114580       432
03:43:22 PM   1072756    989932     47.99    104884    619496    744916     28.82    819092    114580       548
03:43:23 PM   1072708    989980     47.99    104884    619556    744916     28.82    819148    114580       608
03:43:24 PM   1072968    989720     47.98    104884    619560    744916     28.82    819072    114588       612
03:43:25 PM   1072816    989872     47.99    104884    619692    744916     28.82    819196    114580       580
03:43:26 PM   1072748    989940     47.99    104884    619684    744916     28.82    819168    114580       584
03:43:27 PM   1072600    990088     48.00    104884    619804    744916     28.82    819304    114580       704
03:43:28 PM   1072708    989980     47.99    104884    619796    744916     28.82    819348    114580       696
03:43:29 PM   1072732    989956     47.99    104892    619908    744916     28.82    819400    114576       820
03:43:30 PM   1072640    990048     48.00    104892    619972    744916     28.82    819444    114576       844
03:43:31 PM   1072468    990220     48.01    104892    619972    744916     28.82    819492    114584       896
03:43:32 PM   1072268    990420     48.02    104892    620036    744916     28.82    819604    114584       960
03:43:33 PM   1072196    990492     48.02    104892    620156    744916     28.82    819656    114580      1080
03:43:34 PM   1072252    990436     48.02    104900    620140    744916     28.82    819684    114580      1072
03:43:35 PM   1072104    990584     48.02    104900    620268    744916     28.82    819752    114580      1208
03:43:36 PM   1072080    990608     48.03    104900    620324    744916     28.82    819848    114580      1264
03:43:37 PM   1072012    990676     48.03    104900    620388    744916     28.82    819900    114584      1328
03:43:38 PM   1071996    990692     48.03    104900    620452    744916     28.82    819980    114584      1392
03:43:39 PM   1071856    990832     48.04    104908    620496    744916     28.82    820040    114588      1444
03:43:40 PM   1071888    990800     48.03    104908    620520    744916     28.82    820068    114580      1464
03:43:41 PM   1071732    990956     48.04    104908    620640    744916     28.82    820184    114580      1584
03:43:42 PM   1071748    990940     48.04    104908    620636    744916     28.82    820204    114580      1580
03:43:43 PM   1071624    991064     48.05    104908    620692    744916     28.82    820276    114580      1636
03:43:44 PM   1071580    991108     48.05    104912    620796    744916     28.82    820340    114580      1692
03:43:45 PM   1071328    991360     48.06    104912    620876    744916     28.82    820424    114584      1256
03:43:46 PM   1071392    991296     48.06    104912    620872    744916     28.82    820440    114580      1276
03:43:47 PM   1071236    991452     48.07    104912    620928    744916     28.82    820480    114580      1332
03:43:48 PM   1071384    991304     48.06    104912    620992    744916     28.82    820588    114580      1396
03:43:49 PM   1071204    991484     48.07    104912    621116    744916     28.82    820660    114584      1520
03:43:50 PM   1071260    991428     48.06    104912    621172    744916     28.82    820720    114580       280
03:43:51 PM   1071292    991396     48.06    104912    621168    744916     28.82    820768    114580       312
03:43:52 PM   1071384    991304     48.06    104912    621228    744916     28.82    820772    114580       372
03:43:53 PM   1070988    991700     48.08    104912    621292    744916     28.82    820952    114580       436
03:43:54 PM   1070832    991856     48.09    104916    621408    744916     28.82    821048    114584       556
03:43:55 PM   1070856    991832     48.08    104916    621412    744916     28.82    821084    114588       560
03:43:56 PM   1070872    991816     48.08    104916    621476    744916     28.82    821132    114584       584
03:43:57 PM   1070740    991948     48.09    104916    621596    744916     28.82    821248    114580       704
03:43:58 PM   1070640    992048     48.09    104916    621656    744916     28.82    821316    114580       764
03:43:59 PM   1070572    992116     48.10    104916    621652    744916     28.82    821360    114576       760
03:44:00 PM   1070592    992096     48.10    104916    621780    744916     28.82    821460    114580       772
03:44:01 PM   1070484    992204     48.10    104916    621836    744916     28.82    821504    114576       832
03:44:02 PM   1070336    992352     48.11    104916    621896    744916     28.82    821560    114576       896
03:44:03 PM   1070588    992100     48.10    104916    621888    744916     28.82    821468    114576       888
03:44:04 PM   1070524    992164     48.10    104924    622004    744916     28.82    821604    114576      1012
03:44:05 PM   1070376    992312     48.11    104924    622068    744916     28.82    821652    114576      1104
03:44:06 PM   1070268    992420     48.11    104924    622132    744916     28.82    821716    114580      1172
03:44:07 PM   1070200    992488     48.12    104924    622124    744916     28.82    821748    114580      1164
03:44:08 PM   1070260    992428     48.11    104924    622244    744916     28.82    821800    114580      1284
03:44:09 PM   1069872    992816     48.13    104928    622300    744916     28.82    821844    114580      1344
03:44:10 PM   1069856    992832     48.13    104928    622364    744916     28.82    821916    114584      1404
03:44:11 PM   1069968    992720     48.13    104928    622420    744916     28.82    822012    114588      1460
03:44:12 PM   1069896    992792     48.13    104928    622492    744916     28.82    822068    114580      1532
03:44:13 PM   1069756    992932     48.14    104928    622552    744916     28.82    822144    114584      1592
03:44:14 PM   1069764    992924     48.14    104936    622612    744916     28.82    822176    114580      1660
03:44:15 PM   1069748    992940     48.14    104936    622612    744916     28.82    822240    114584      1652
03:44:16 PM   1069656    993032     48.14    104936    622672    744916     28.82    822324    114584      1712
03:44:17 PM   1069624    993064     48.14    104936    622788    744916     28.82    822348    114584      1828
03:44:18 PM   1069524    993164     48.15    104936    622784    744916     28.82    822424    114580      1824
03:44:19 PM   1069408    993280     48.15    104940    622884    744916     28.82    822520    114580      1928
03:44:20 PM   1069292    993396     48.16    104940    622904    744916     28.82    822536    114580       160
03:44:21 PM   1069244    993444     48.16    104940    623020    744916     28.82    822592    114580       248
03:44:22 PM   1069160    993528     48.17    104940    623080    744916     28.82    822688    114580       312
03:44:23 PM   1069128    993560     48.17    104940    623124    744916     28.82    822748    114580       356
03:44:24 PM   1069160    993528     48.17    104944    623192    744916     28.82    822812    114580       428
03:44:25 PM   1068880    993808     48.18    104944    623252    744916     28.82    822872    114580       500
03:44:26 PM   1068904    993784     48.18    104944    623328    744916     28.82    822924    114588       568
03:44:27 PM   1068880    993808     48.18    104944    623384    744916     28.82    822984    114584       624
03:44:28 PM   1068780    993908     48.19    104944    623400    744916     28.82    823068    114584       640
03:44:29 PM   1068724    993964     48.19    104948    623512    744916     28.82    823128    114584       756
03:44:30 PM   1068640    994048     48.19    104948    623516    744916     28.82    823220    114580       764
03:44:31 PM   1068632    994056     48.19    104948    623620    744916     28.82    823212    114580       824
03:44:32 PM   1068648    994040     48.19    104948    623628    744916     28.82    823304    114580       832
03:44:33 PM   1068508    994180     48.20    104948    623744    744916     28.82    823364    114580       948
03:44:34 PM   1068500    994188     48.20    104952    623800    744916     28.82    823444    114576      1008
03:44:35 PM   1068496    994192     48.20    104952    623848    744916     28.82    823468    114580       960
03:44:36 PM   1068300    994388     48.21    104952    623860    744916     28.82    823556    114584      1024
03:44:37 PM   1068168    994520     48.21    104952    623976    744916     28.82    823572    114576      1080
03:44:38 PM   1068224    994464     48.21    104952    624036    744916     28.82    823664    114580      1140
03:44:39 PM   1068284    994404     48.21    104960    624020    744916     28.82    823660    114576      1184
03:44:40 PM   1068028    994660     48.22    104960    624148    744916     28.82    823796    114576      1288
03:44:41 PM   1068012    994676     48.22    104960    624220    744916     28.82    823820    114588      1364
03:44:42 PM   1068004    994684     48.22    104960    624292    744916     28.82    823984    114588      1436
03:44:43 PM   1068012    994676     48.22    104960    624288    744916     28.82    823992    114580      1432
03:44:44 PM   1067632    995056     48.24    104964    624408    744916     28.82    824100    114580      1556
03:44:45 PM   1067640    995048     48.24    104964    624468    744916     28.82    824160    114580      1612
03:44:46 PM   1067632    995056     48.24    104964    624528    744916     28.82    824200    114580      1672
03:44:47 PM   1067804    994884     48.23    104964    624572    744916     28.82    824256    114580      1716
03:44:48 PM   1067460    995228     48.25    104964    624648    744916     28.82    824336    114584      1792
03:44:49 PM   1067508    995180     48.25    104972    624696    744916     28.82    824400    114584      1848
03:44:50 PM   1067508    995180     48.25    104972    624700    744916     28.82    824372    114588      1844
03:44:51 PM   1067416    995272     48.25    104972    624820    744916     28.82    824480    114584      1964
03:44:52 PM   1067524    995164     48.25    104972    624880    744916     28.82    824548    114580      2024
03:44:53 PM   1067416    995272     48.25    104972    624936    744916     28.82    824572    114580      2080
03:44:54 PM   1067136    995552     48.26    104976    624992    744916     28.82    824664    114584      2140
03:44:55 PM   1067272    995416     48.26    104976    625060    744916     28.82    824680    114584       164
03:44:56 PM   1067408    995280     48.25    104976    625120    744916     28.82    824624    114580       252
Average:      1071458    991230     48.06    104908    620943    744916     28.82    820507    114581      1150
