Linux 4.4.0-31-generic (dpi-suricata) 	12/08/2017 	_i686_	(1 CPU)

02:34:39 PM kbmemfree kbmemused  %memused kbbuffers  kbcached  kbcommit   %commit  kbactive   kbinact   kbdirty
02:34:40 PM    490084   1572604     76.24     89608    389260   1237080     47.86   1407084    104420      1460
02:34:41 PM    489804   1572884     76.25     89608    389276   1237080     47.86   1407176    104400      1476
02:34:42 PM    489712   1572976     76.26     89608    389396   1237080     47.86   1407228    104396      1596
02:34:43 PM    489428   1573260     76.27     89608    389452   1237080     47.86   1407316    104396      1652
02:34:44 PM    489604   1573084     76.26     89616    389604   1237080     47.86   1407516    104396      1812
02:34:45 PM    778900   1283788     62.24     89616    389712    993028     38.42   1122616    104396      1960
02:34:46 PM    777040   1285648     62.33     89616    389792    993028     38.42   1124536    104388      2044
02:34:47 PM    775644   1287044     62.40     89616    389852    993028     38.42   1126020    104384      2104
02:34:48 PM    774404   1288284     62.46     89616    389924    993028     38.42   1127300    104384      2176
02:34:49 PM    772048   1290640     62.57     89624    389996    993028     38.42   1129436    104388      2256
02:34:50 PM    770096   1292592     62.67     89624    390076    993028     38.42   1131424    104384      2328
02:34:51 PM    767864   1294824     62.77     89624    390144    993028     38.42   1133592    104388      2396
02:34:52 PM    766468   1296220     62.84     89624    390224    993028     38.42   1135324    104388      2476
02:34:53 PM    764144   1298544     62.95     89624    390304    993028     38.42   1137508    104392      2556
02:34:54 PM    762408   1300280     63.04     89628    390392    993028     38.42   1139220    104388      2648
02:34:55 PM    760176   1302512     63.15     89628    390480    993028     38.42   1141652    104392      2732
02:34:56 PM    758192   1304496     63.24     89628    390584    993028     38.42   1143656    104396      2836
02:34:57 PM    756952   1305736     63.30     89628    390696    993028     38.42   1144676    104400      2944
02:34:58 PM    755712   1306976     63.36     89628    390784    993028     38.42   1146228    104400      3032
02:34:59 PM    753728   1308960     63.46     89632    390868    993028     38.42   1147876    104404      3120
02:35:00 PM    752116   1310572     63.54     89632    390976    993028     38.42   1149464    104404      3224
02:35:01 PM    750216   1312472     63.63     89632    391072    993028     38.42   1151116    104400       468
02:35:02 PM    748140   1314548     63.73     89632    391164    993028     38.42   1153552    104396       576
02:35:03 PM    746876   1315812     63.79     89632    391192    993028     38.42   1154972    104400       604
02:35:04 PM    744180   1318508     63.92     89640    391240    993028     38.42   1157580    104396       660
02:35:05 PM    743064   1319624     63.98     89640    391296    993028     38.42   1158664    104396       760
02:35:06 PM    742816   1319872     63.99     89640    391328    993028     38.42   1158832    104396       804
02:35:07 PM    741576   1321112     64.05     89640    391364    993028     38.42   1160044    104400       780
02:35:08 PM    741452   1321236     64.05     89640    391412    993028     38.42   1160092    104400       828
02:35:09 PM    739956   1322732     64.13     89648    391432    993028     38.42   1161744    104400       856
02:35:10 PM    738580   1324108     64.19     89648    391492    993028     38.42   1162856    104404       920
02:35:11 PM    737932   1324756     64.22     89648    391528    993028     38.42   1163720    104400       520
02:35:12 PM    737344   1325344     64.25     89648    391568    993028     38.42   1164256    104404       532
02:35:13 PM    736476   1326212     64.30     89648    391604    993028     38.42   1165168    104400       572
02:35:14 PM    735608   1327080     64.34     89652    391624    993028     38.42   1165888    104400       596
02:35:15 PM    734856   1327832     64.37     89652    391680    993028     38.42   1166788    104404       656
02:35:16 PM    733972   1328716     64.42     89652    391708    993028     38.42   1167580    104400       684
02:35:17 PM    733368   1329320     64.45     89652    391740    993028     38.42   1168176    104404       716
02:35:18 PM    732252   1330436     64.50     89652    391764    993028     38.42   1169272    104400       740
02:35:19 PM    732012   1330676     64.51     89652    391780    993028     38.42   1169416    104400       756
02:35:20 PM    730764   1331924     64.57     89652    391804    993028     38.42   1170832    104400       780
02:35:21 PM    730400   1332288     64.59     89652    391832    993028     38.42   1171212    104404       808
02:35:22 PM    729648   1333040     64.63     89652    391864    993028     38.42   1171976    104400       840
02:35:23 PM    729400   1333288     64.64     89652    391884    993028     38.42   1172020    104400       860
02:35:24 PM    729276   1333412     64.64     89660    391904    993028     38.42   1172364    104400       888
02:35:25 PM    728664   1334024     64.67     89660    391932    993028     38.42   1172948    104400       908
02:35:26 PM    728044   1334644     64.70     89660    391956    993028     38.42   1173408    104400       932
02:35:27 PM    727416   1335272     64.73     89660    391984    993028     38.42   1173968    104404       960
02:35:28 PM    726268   1336420     64.79     89660    392008    993028     38.42   1175064    104400       984
02:35:29 PM    725524   1337164     64.83     89664    392048    993028     38.42   1175884    104404      1028
02:35:30 PM    724416   1338272     64.88     89664    392084    993028     38.42   1176796    104396      1060
02:35:31 PM    723456   1339232     64.93     89664    392112    993028     38.42   1177768    104400       460
02:35:32 PM    722928   1339760     64.95     89664    392144    993028     38.42   1178444    104396       492
02:35:33 PM    722968   1339720     64.95     89664    392156    993028     38.42   1178692    104396       504
02:35:34 PM    722348   1340340     64.98     89664    392192    993028     38.42   1179256    104396       540
02:35:35 PM    722100   1340588     64.99     89664    392208    993028     38.42   1179500    104396       556
02:35:36 PM    721572   1341116     65.02     89664    392240    993028     38.42   1179948    104400       536
02:35:37 PM    720744   1341944     65.06     89664    392260    993028     38.42   1181108    104400       484
02:35:38 PM    720124   1342564     65.09     89664    392284    993028     38.42   1181624    104400       508
02:35:39 PM    718968   1343720     65.14     89668    392300    993028     38.42   1182728    104400       528
02:35:40 PM    718504   1344184     65.17     89668    392332    993028     38.42   1183096    104400       556
02:35:41 PM    717760   1344928     65.20     89668    392348    993028     38.42   1183688    104404       588
02:35:42 PM    717760   1344928     65.20     89668    392368    993028     38.42   1183928    104400       608
02:35:43 PM    716396   1346292     65.27     89668    392412    993028     38.42   1185052    104400       656
02:35:44 PM    715280   1347408     65.32     89676    392416    993028     38.42   1186272    104400       668
02:35:45 PM    714412   1348276     65.36     89676    392460    993028     38.42   1187284    104400       708
02:35:46 PM    712836   1349852     65.44     89676    392496    993028     38.42   1188588    104400       192
02:35:47 PM    712644   1350044     65.45     89676    392524    993028     38.42   1188992    104400       224
02:35:48 PM    712024   1350664     65.48     89676    392544    993028     38.42   1189688    104404       248
02:35:49 PM    710792   1351896     65.54     89680    392572    993028     38.42   1190840    104400       280
02:35:50 PM    710328   1352360     65.56     89680    392620    993028     38.42   1191464    104400       336
02:35:51 PM    709768   1352920     65.59     89680    392644    993028     38.42   1191880    104400       360
02:35:52 PM    709708   1352980     65.59     89680    392680    993028     38.42   1191900    104408       396
02:35:53 PM    709460   1353228     65.61     89680    392692    993028     38.42   1192200    104400       408
02:35:54 PM    709336   1353352     65.61     89680    392724    993028     38.42   1192236    104404       440
02:35:55 PM    709316   1353372     65.61     89680    392740    993028     38.42   1192276    104404       460
02:35:56 PM    708584   1354104     65.65     89680    392832    993028     38.42   1193280    104400       552
02:35:57 PM    708220   1354468     65.67     89680    392884    993028     38.42   1193456    104396       604
02:35:58 PM    707808   1354880     65.69     89680    392940    993028     38.42   1193936    104404       660
02:35:59 PM    707452   1355236     65.70     89688    392972    993028     38.42   1194140    104396       700
02:36:00 PM    706912   1355776     65.73     89688    393020    993028     38.42   1194952    104400       740
02:36:01 PM    706080   1356608     65.77     89688    393092    993028     38.42   1195828    104400       812
02:36:02 PM    705244   1357444     65.81     89688    393156    993028     38.42   1196620    104400       876
02:36:03 PM    704472   1358216     65.85     89688    393208    993028     38.42   1197424    104400       928
02:36:04 PM    703512   1359176     65.89     89692    393252    993028     38.42   1198488    104400       972
02:36:05 PM    703100   1359588     65.91     89692    393284    993028     38.42   1198720    104400      1004
02:36:06 PM    702884   1359804     65.92     89692    393356    993028     38.42   1198820    104404         4
02:36:07 PM    702356   1360332     65.95     89692    393420    993028     38.42   1199508    104408       108
02:36:08 PM    701868   1360820     65.97     89692    393476    993028     38.42   1199768    104404       164
02:36:09 PM    701652   1361036     65.98     89692    393548    993028     38.42   1200212    104404       236
02:36:10 PM    701156   1361532     66.01     89692    393628    993028     38.42   1200888    104408       352
02:36:11 PM    700248   1362440     66.05     89692    393692    993028     38.42   1202264    104408       416
02:36:12 PM    699504   1363184     66.09     89692    393760    993028     38.42   1202612    104404       484
02:36:13 PM    699120   1363568     66.11     89692    393820    993028     38.42   1202936    104404       544
02:36:14 PM    698504   1364184     66.14     89700    393844    993028     38.42   1203576    104404       576
02:36:15 PM    698016   1364672     66.16     89700    393936    993028     38.42   1204160    104404       660
02:36:16 PM    697180   1365508     66.20     89700    393996    993028     38.42   1205020    104404       720
02:36:17 PM    696776   1365912     66.22     89700    394040    993028     38.42   1205064    104404       764
02:36:18 PM    695776   1366912     66.27     89700    394128    993028     38.42   1206324    104404       852
02:36:19 PM    695152   1367536     66.30     89704    394180    993028     38.42   1206996    104408       908
02:36:20 PM    694036   1368652     66.35     89704    394252    993028     38.42   1208180    104404       984
02:36:21 PM    693424   1369264     66.38     89704    394316    993028     38.42   1208536    104404      1048
02:36:22 PM    693176   1369512     66.39     89704    394368    993028     38.42   1208604    104404      1100
02:36:23 PM    692060   1370628     66.45     89704    394424    993028     38.42   1209668    104404      1156
02:36:24 PM    691844   1370844     66.46     89708    394512    993028     38.42   1210164    104404      1248
02:36:25 PM    690728   1371960     66.51     89708    394576    993028     38.42   1211252    104408      1308
02:36:26 PM    688628   1374060     66.62     89708    394648    993028     38.42   1213656    104404      1380
02:36:27 PM    688248   1374440     66.63     89708    394704    993028     38.42   1214180    104404      1436
02:36:28 PM    687132   1375556     66.69     89708    394760    993028     38.42   1215348    104404      1492
02:36:29 PM    686736   1375952     66.71     89716    394844    993028     38.42   1215552    104420      1584
02:36:30 PM    685768   1376920     66.75     89716    394908    993028     38.42   1216576    104416      1640
02:36:31 PM    684744   1377944     66.80     89716    395004    993028     38.42   1217580    104428        56
02:36:32 PM    684144   1378544     66.83     89716    395080    993028     38.42   1217880    104416       120
02:36:33 PM    683752   1378936     66.85     89716    395164    993028     38.42   1218448    104416       204
02:36:34 PM    683164   1379524     66.88     89720    395220    993028     38.42   1219004    104416       264
02:36:35 PM    682296   1380392     66.92     89720    395296    993028     38.42   1219904    104416       368
02:36:36 PM    681520   1381168     66.96     89720    395360    993028     38.42   1220544    104416       432
02:36:37 PM    680932   1381756     66.99     89720    395428    993028     38.42   1220948    104416       500
02:36:38 PM    680528   1382160     67.01     89720    395496    993028     38.42   1221252    104416       572
02:36:39 PM    680032   1382656     67.03     89724    395552    993028     38.42   1221780    104420       632
02:36:40 PM    678924   1383764     67.09     89724    395668    993028     38.42   1222932    104420       752
02:36:41 PM    678552   1384136     67.10     89724    395720    993028     38.42   1223076    104420       804
02:36:42 PM    677708   1384980     67.14     89724    395800    993028     38.42   1224108    104420       884
02:36:43 PM    676816   1385872     67.19     89724    395860    993028     38.42   1225060    104424       944
02:36:44 PM    674856   1387832     67.28     89732    395908    993028     38.42   1226864    104420      1000
02:36:45 PM    674608   1388080     67.29     89732    395996    993028     38.42   1227216    104424      1080
02:36:46 PM    674404   1388284     67.30     89732    396036    993028     38.42   1227476    104424      1120
02:36:47 PM    674492   1388196     67.30     89732    396096    993028     38.42   1227224    104420      1180
02:36:48 PM    674368   1388320     67.31     89732    396148    993028     38.42   1227268    104420      1232
02:36:49 PM    674212   1388476     67.31     89732    396200    993028     38.42   1227292    104420      1284
02:36:50 PM    674244   1388444     67.31     89732    396252    993028     38.42   1227332    104424      1336
02:36:51 PM    674212   1388476     67.31     89732    396316    993028     38.42   1227440    104420      1400
02:36:52 PM    674120   1388568     67.32     89732    396364    993028     38.42   1227384    104424      1448
02:36:53 PM    674252   1388436     67.31     89732    396408    993028     38.42   1227416    104420      1492
02:36:54 PM    674096   1388592     67.32     89740    396476    993028     38.42   1227508    104424      1568
02:36:55 PM    674004   1388684     67.32     89740    396532    993028     38.42   1227544    104420      1616
02:36:56 PM    673848   1388840     67.33     89740    396576    993028     38.42   1227588    104424      1660
02:36:57 PM    673848   1388840     67.33     89740    396632    993028     38.42   1227636    104420      1716
02:36:58 PM    673724   1388964     67.34     89740    396688    993028     38.42   1227648    104420      1772
02:36:59 PM    673888   1388800     67.33     89748    396744    993028     38.42   1227620    104420      1836
Average:       705287   1357401     65.81     89677    392981   1001744     38.75   1196280    104405      1014
