Linux 4.4.0-31-generic (ids-suricata) 	12/08/2017 	_i686_	(1 CPU)

02:34:28 PM kbmemfree kbmemused  %memused kbbuffers  kbcached  kbcommit   %commit  kbactive   kbinact   kbdirty
02:34:29 PM    937928   1124760     54.53     90612    372020    746532     28.88    953476    117988       812
02:34:30 PM    938056   1124632     54.52     90616    372016    746532     28.88    953512    117972       816
02:34:31 PM    937964   1124724     54.53     90616    372088    746532     28.88    953568    117968       952
02:34:32 PM    937824   1124864     54.53     90616    372148    746532     28.88    953620    117968      1012
02:34:33 PM    937808   1124880     54.53     90616    372184    746532     28.88    953692    117968      1048
02:34:34 PM    932628   1130060     54.79     90616    372240    758824     29.36    956980    117972      1164
02:34:35 PM    932076   1130612     54.81     90624    372288    758824     29.36    957012    117976      1168
02:34:36 PM    932092   1130596     54.81     90624    372408    758824     29.36    957144    117976      1296
02:34:37 PM    931836   1130852     54.82     90624    372456    758824     29.36    957180    117976      1344
02:34:38 PM    931868   1130820     54.82     90624    372456    758824     29.36    957188    117980      1344
02:34:39 PM    931844   1130844     54.82     90624    372576    758824     29.36    957240    117976      1464
02:34:40 PM    931752   1130936     54.83     90628    372564    758824     29.36    957364    117976      1456
02:34:41 PM    931720   1130968     54.83     90628    372620    758824     29.36    957420    117976      1512
02:34:42 PM    931692   1130996     54.83     90628    372668    758824     29.36    957460    117980      1496
02:34:43 PM    931488   1131200     54.84     90628    372780    758824     29.36    957572    117976      1556
02:34:44 PM    931628   1131060     54.83     90628    372776    758824     29.36    957600    117976      1552
02:34:45 PM    931472   1131216     54.84     90632    372872    758824     29.36    957652    117984      1652
02:34:46 PM    931352   1131336     54.85     90632    372900    758824     29.36    957952    117976      1676
02:34:47 PM    931320   1131368     54.85     90632    373012    758824     29.36    957800    117976      1724
02:34:48 PM    931204   1131484     54.85     90632    373008    758824     29.36    957832    117976      1768
02:34:49 PM    931000   1131688     54.86     90632    373112    758824     29.36    958148    117976      1872
02:34:50 PM    929496   1133192     54.94     90632    373168    758824     29.36    959648    117980      1928
02:34:51 PM    928352   1134336     54.99     90632    373240    758824     29.36    960920    117976      2000
02:34:52 PM    927016   1135672     55.06     90632    373292    758824     29.36    962020    117976       508
02:34:53 PM    926420   1136268     55.09     90632    373380    758824     29.36    963052    117976       572
02:34:54 PM    925988   1136700     55.11     90632    373464    758824     29.36    963200    117976       656
02:34:55 PM    925884   1136804     55.11     90632    373616    758824     29.36    963292    117976       808
02:34:56 PM    925744   1136944     55.12     90632    373708    758824     29.36    963392    117976       920
02:34:57 PM    925616   1137072     55.13     90632    373772    758824     29.36    963584    117976       984
02:34:58 PM    925524   1137164     55.13     90632    373864    758824     29.36    963640    117976      1076
02:34:59 PM    925476   1137212     55.13     90632    373980    758824     29.36    963864    117976      1192
02:35:00 PM    925148   1137540     55.15     90636    374052    758824     29.36    963968    117976      1268
02:35:01 PM    924596   1138092     55.18     90636    374152    758824     29.36    964220    117976      1376
02:35:02 PM    924420   1138268     55.18     90636    374244    758824     29.36    964392    117976       940
02:35:03 PM    925016   1137672     55.15     90636    374288    758824     29.36    964396    117976      1012
02:35:04 PM    924800   1137888     55.17     90636    374340    758824     29.36    964400    117988      1072
02:35:05 PM    924776   1137912     55.17     90640    374364    758824     29.36    964372    117980      1100
02:35:06 PM    924556   1138132     55.18     90640    374404    758824     29.36    964832    117980      1176
02:35:07 PM    924564   1138124     55.18     90640    374448    758824     29.36    964548    117976      1204
02:35:08 PM    924284   1138404     55.19     90640    374516    758824     29.36    964712    117976      1272
02:35:09 PM    924284   1138404     55.19     90640    374552    758824     29.36    964688    117980      1308
02:35:10 PM    924224   1138464     55.19     90644    374588    758824     29.36    964744    117984      1348
02:35:11 PM    924252   1138436     55.19     90644    374648    758824     29.36    964916    117976      1408
02:35:12 PM    924120   1138568     55.20     90644    374692    758824     29.36    965032    117976      1452
02:35:13 PM    924136   1138552     55.20     90644    374736    758824     29.36    965088    117976      1496
02:35:14 PM    923596   1139092     55.22     90644    374768    758824     29.36    965396    117976      1528
02:35:16 PM    923924   1138764     55.21     90648    374792    758824     29.36    965304    117976      1556
02:35:17 PM    923340   1139348     55.24     90648    374824    758824     29.36    965884    117976      1584
02:35:18 PM    923748   1138940     55.22     90648    374844    758824     29.36    965312    117976      1604
02:35:19 PM    923540   1139148     55.23     90648    374860    758824     29.36    965756    117976      1620
02:35:20 PM    923848   1138840     55.21     90648    374880    758824     29.36    965404    117976      1640
02:35:21 PM    923860   1138828     55.21     90652    374900    758824     29.36    965584    117976      1664
02:35:22 PM    923356   1139332     55.24     90652    374924    758824     29.36    965724    117976      1684
02:35:23 PM    923772   1138916     55.22     90652    374948    758824     29.36    965460    117980      1708
02:35:24 PM    923504   1139184     55.23     90652    374956    758824     29.36    966048    117976      1716
02:35:25 PM    923660   1139028     55.22     90652    374972    758824     29.36    965568    117976      1732
02:35:26 PM    923644   1139044     55.22     90656    375000    758824     29.36    965608    117976      1764
02:35:27 PM    923524   1139164     55.23     90656    375016    758824     29.36    965604    117976       464
02:35:28 PM    923616   1139072     55.22     90656    375052    758824     29.36    965692    117976       468
02:35:29 PM    923288   1139400     55.24     90656    375076    758824     29.36    965792    117976       492
02:35:30 PM    923304   1139384     55.24     90656    375124    758824     29.36    965948    117976       540
02:35:31 PM    923132   1139556     55.25     90660    375132    758824     29.36    965868    117976       552
02:35:32 PM    923148   1139540     55.25     90660    375148    758824     29.36    965884    117976       588
02:35:33 PM    923164   1139524     55.24     90660    375188    758824     29.36    965916    117976       628
02:35:34 PM    923108   1139580     55.25     90660    375208    758824     29.36    966180    117976       648
02:35:35 PM    922836   1139852     55.26     90660    375216    758824     29.36    966176    117976       656
02:35:36 PM    923140   1139548     55.25     90660    375248    758824     29.36    966204    117976       128
02:35:37 PM    922840   1139848     55.26     90660    375260    758824     29.36    966524    117976       144
02:35:39 PM    923124   1139564     55.25     90660    375276    758824     29.36    966060    117976       180
02:35:40 PM    923244   1139444     55.24     90660    375316    758824     29.36    966068    117980       228
02:35:41 PM    923168   1139520     55.24     90660    375340    758824     29.36    966032    117980       252
02:35:42 PM    923152   1139536     55.25     90664    375356    758824     29.36    966164    117976       272
02:35:43 PM    922708   1139980     55.27     90664    375380    758824     29.36    966336    117980       312
02:35:44 PM    923112   1139576     55.25     90664    375412    758824     29.36    966356    117976       344
02:35:45 PM    923200   1139488     55.24     90664    375428    758824     29.36    966172    117976       364
02:35:46 PM    923100   1139588     55.25     90664    375472    758824     29.36    966476    117976       408
02:35:47 PM    923004   1139684     55.25     90668    375496    758824     29.36    966412    117976       436
02:35:48 PM    923076   1139612     55.25     90668    375520    758824     29.36    966284    117976       456
02:35:49 PM    922996   1139692     55.25     90668    375544    758824     29.36    966672    117980       480
02:35:50 PM    923044   1139644     55.25     90668    375568    758824     29.36    966308    117976       504
02:35:51 PM    922872   1139816     55.26     90668    375596    758824     29.36    966724    117980       532
02:35:52 PM    923100   1139588     55.25     90676    375612    758824     29.36    966356    117976       556
02:35:53 PM    923152   1139536     55.25     90676    375652    758824     29.36    966712    117976       588
02:35:54 PM    923212   1139476     55.24     90676    375672    758824     29.36    966152    117980       608
02:35:55 PM    923152   1139536     55.25     90676    375712    758824     29.36    966592    117980       648
02:35:56 PM    923224   1139464     55.24     90676    375740    758824     29.36    966232    117976       676
02:35:57 PM    923308   1139380     55.24     90684    375816    758824     29.36    966608    117980       760
02:35:58 PM    923136   1139552     55.25     90684    375808    758824     29.36    966304    117976       744
02:35:59 PM    923184   1139504     55.24     90684    375840    758824     29.36    966524    117976       776
02:36:00 PM    923036   1139652     55.25     90684    375872    758824     29.36    966392    117976       808
02:36:01 PM    923152   1139536     55.25     90684    375976    758824     29.36    966720    117980       912
02:36:02 PM    923200   1139488     55.24     90692    375972    758824     29.36    966460    117980       492
02:36:03 PM    923120   1139568     55.25     90692    376016    758824     29.36    966808    117976       488
02:36:04 PM    923004   1139684     55.25     90692    376108    758824     29.36    966584    117976       580
02:36:05 PM    923012   1139676     55.25     90692    376096    758824     29.36    966616    117980       568
02:36:06 PM    922896   1139792     55.26     90692    376176    758824     29.36    966640    117976       648
02:36:07 PM    923068   1139620     55.25     90700    376196    758824     29.36    966768    117976       664
02:36:08 PM    922728   1139960     55.27     90700    376240    758824     29.36    966828    117976       712
02:36:09 PM    922600   1140088     55.27     90700    376284    758824     29.36    967248    117976       756
02:36:10 PM    922636   1140052     55.27     90700    376324    758824     29.36    966900    117980       796
02:36:12 PM    922484   1140204     55.28     90708    376364    758824     29.36    967208    117984       280
02:36:13 PM    922164   1140524     55.29     90708    376384    758824     29.36    967648    117984       324
02:36:14 PM    922572   1140116     55.27     90708    376460    758824     29.36    967080    117976       424
02:36:15 PM    922500   1140188     55.28     90708    376552    758824     29.36    967268    117976       516
02:36:16 PM    922572   1140116     55.27     90708    376536    758824     29.36    967156    117980       500
02:36:17 PM    922532   1140156     55.28     90708    376552    758824     29.36    967280    117976       516
02:36:18 PM    922372   1140316     55.28     90716    376660    758824     29.36    967136    117976       608
02:36:19 PM    922416   1140272     55.28     90716    376656    758824     29.36    967252    117976       604
02:36:20 PM    922168   1140520     55.29     90716    376696    758824     29.36    967288    117976       644
02:36:21 PM    922448   1140240     55.28     90716    376736    758824     29.36    967368    117980       684
02:36:22 PM    922144   1140544     55.29     90720    376772    758824     29.36    967868    117980       724
02:36:23 PM    922292   1140396     55.29     90720    376884    758824     29.36    967504    117976       844
02:36:24 PM    921832   1140856     55.31     90720    376868    758824     29.36    967848    117976       828
02:36:25 PM    922304   1140384     55.29     90720    376944    758824     29.36    967552    117980       904
02:36:26 PM    922052   1140636     55.30     90720    377004    758824     29.36    967720    117980       964
02:36:27 PM    922108   1140580     55.30     90724    377076    758824     29.36    967592    117980      1040
02:36:28 PM    922136   1140552     55.29     90724    377068    758824     29.36    967748    117984      1032
02:36:29 PM    922152   1140536     55.29     90724    377160    758824     29.36    967672    117984      1124
02:36:30 PM    922020   1140668     55.30     90724    377200    758824     29.36    967720    117976      1164
02:36:31 PM    921928   1140760     55.30     90724    377208    758824     29.36    967804    117976      1172
02:36:32 PM    921880   1140808     55.31     90732    377240    758824     29.36    967904    117976       340
02:36:33 PM    921636   1141052     55.32     90732    377356    758824     29.36    967864    117976       440
02:36:34 PM    921620   1141068     55.32     90732    377372    758824     29.36    968104    117976       460
02:36:35 PM    921548   1141140     55.32     90732    377448    758824     29.36    967928    117976       536
02:36:36 PM    921508   1141180     55.32     90732    377492    758824     29.36    968164    117984       580
02:36:37 PM    921420   1141268     55.33     90736    377468    758824     29.36    968096    117984       560
02:36:38 PM    921472   1141216     55.33     90736    377500    758824     29.36    968152    117980       588
02:36:39 PM    920896   1141792     55.35     90736    377568    758824     29.36    968764    117980       656
02:36:40 PM    921300   1141388     55.33     90736    377620    758824     29.36    968128    117980       708
02:36:41 PM    921112   1141576     55.34     90736    377612    758824     29.36    968672    117988       700
02:36:42 PM    921340   1141348     55.33     90744    377664    758824     29.36    968128    117980       736
02:36:43 PM    921084   1141604     55.35     90744    377696    758824     29.36    968468    117980       776
02:36:44 PM    921192   1141496     55.34     90744    377764    758824     29.36    968348    117980       844
02:36:45 PM    921204   1141484     55.34     90744    377808    758824     29.36    968380    117980       888
02:36:46 PM    921048   1141640     55.35     90744    377840    758824     29.36    968424    117980       920
02:36:47 PM    921032   1141656     55.35     90748    377864    758824     29.36    968436    117980       440
02:36:48 PM    921080   1141608     55.35     90748    377896    758824     29.36    968484    117980       472
02:36:49 PM    921040   1141648     55.35     90748    377932    758824     29.36    968508    117980       508
02:36:50 PM    921080   1141608     55.35     90748    377964    758824     29.36    968540    117984       540
02:36:51 PM    921056   1141632     55.35     90748    377980    758824     29.36    968464    117980       556
Average:       924661   1138027     55.17     90673    375277    758385     29.34    964817    117978       904
