Linux 4.4.0-31-generic (ids-suricata) 	12/08/2017 	_i686_	(1 CPU)

04:25:14 PM kbmemfree kbmemused  %memused kbbuffers  kbcached  kbcommit   %commit  kbactive   kbinact   kbdirty
04:25:15 PM    521288   1541400     74.73     97604    662672    738424     28.57   1365404    118748       672
04:25:16 PM    521132   1541556     74.74     97612    662696    738424     28.57   1365468    118732       748
04:25:17 PM    521132   1541556     74.74     97612    662724    738424     28.57   1365508    118728       776
04:25:18 PM    521172   1541516     74.73     97620    662748    738424     28.57   1365552    118728         8
04:25:19 PM    521048   1541640     74.74     97620    662772    738424     28.57   1365560    118728        76
04:25:20 PM    516068   1546620     74.98     97620    662812    758964     29.36   1368800    118736       128
04:25:21 PM    515448   1547240     75.01     97628    662840    758964     29.36   1368836    118736       232
04:25:22 PM    515448   1547240     75.01     97628    662860    758964     29.36   1368888    118736       252
04:25:23 PM    515448   1547240     75.01     97628    662896    758964     29.36   1368912    118736       288
04:25:24 PM    515292   1547396     75.02     97628    662916    758964     29.36   1368948    118736       308
04:25:25 PM    515200   1547488     75.02     97628    662944    758964     29.36   1368976    118740       340
04:25:26 PM    515200   1547488     75.02     97632    662968    758964     29.36   1369000    118740       364
04:25:27 PM    515076   1547612     75.03     97632    662988    758964     29.36   1369036    118740       384
04:25:28 PM    515076   1547612     75.03     97632    663012    758964     29.36   1369044    118744       408
04:25:29 PM    515076   1547612     75.03     97632    663052    758964     29.36   1369080    118740       448
04:25:30 PM    515044   1547644     75.03     97632    663096    758964     29.36   1369116    118752       492
04:25:31 PM    515044   1547644     75.03     97632    663136    758964     29.36   1369184    118740       532
04:25:32 PM    514920   1547768     75.04     97632    663180    758964     29.36   1369244    118740       576
04:25:33 PM    514796   1547892     75.04     97632    663220    758964     29.36   1369300    118736       616
04:25:34 PM    514796   1547892     75.04     97632    663260    758964     29.36   1369348    118736       656
04:25:35 PM    514704   1547984     75.05     97632    663300    758964     29.36   1369404    118736       696
04:25:36 PM    514704   1547984     75.05     97640    663332    758964     29.36   1369440    118736       728
04:25:37 PM    514672   1548016     75.05     97640    663380    758964     29.36   1369500    118736       776
04:25:38 PM    514672   1548016     75.05     97640    663412    758964     29.36   1369548    118736       808
04:25:39 PM    514672   1548016     75.05     97640    663464    758964     29.36   1369620    118736       860
04:25:40 PM    514640   1548048     75.05     97640    663508    758964     29.36   1369296    118740       904
04:25:41 PM    514704   1547984     75.05     97644    663548    758964     29.36   1369368    118736       944
04:25:42 PM    514640   1548048     75.05     97644    663588    758964     29.36   1369440    118736       984
04:25:43 PM    514580   1548108     75.05     97644    663636    758964     29.36   1369500    118744      1032
04:25:44 PM    514456   1548232     75.06     97644    663664    758964     29.36   1369568    118736      1060
04:25:45 PM    514456   1548232     75.06     97644    663712    758964     29.36   1369644    118740      1108
04:25:46 PM    514424   1548264     75.06     97648    663768    758964     29.36   1369732    118736      1164
04:25:47 PM    514300   1548388     75.07     97648    663812    758964     29.36   1369800    118736      1208
04:25:48 PM    514300   1548388     75.07     97648    663844    758964     29.36   1369860    118736       624
04:25:49 PM    514176   1548512     75.07     97648    663880    758964     29.36   1369928    118736       660
04:25:50 PM    514084   1548604     75.08     97648    663924    758964     29.36   1370032    118740       704
04:25:51 PM    513912   1548776     75.09     97656    663948    758964     29.36   1370108    118736       728
04:25:52 PM    513836   1548852     75.09     97656    663976    758964     29.36   1370444    118736       756
04:25:53 PM    513924   1548764     75.08     97656    664032    758964     29.36   1370292    118736       140
04:25:54 PM    513768   1548920     75.09     97656    664052    758964     29.36   1370316    118736       204
04:25:55 PM    513700   1548988     75.10     97656    664096    758964     29.36   1370552    118736       248
04:25:56 PM    513264   1549424     75.12     97660    664128    758964     29.36   1370628    118740       308
04:25:57 PM    513576   1549112     75.10     97660    664160    758964     29.36   1370716    118736       340
04:25:58 PM    513172   1549516     75.12     97660    664176    758964     29.36   1370764    118736       332
04:25:59 PM    513172   1549516     75.12     97660    664212    758964     29.36   1370852    118736       368
04:26:00 PM    513048   1549640     75.13     97660    664236    758964     29.36   1370928    118736       392
04:26:01 PM    512924   1549764     75.13     97668    664268    758964     29.36   1371036    118736       440
04:26:02 PM    512892   1549796     75.13     97668    664304    758964     29.36   1371112    118748       476
04:26:03 PM    512832   1549856     75.14     97668    664328    758964     29.36   1371212    118744       500
04:26:04 PM    512756   1549932     75.14     97668    664348    758964     29.36   1371388    118736       520
04:26:05 PM    512804   1549884     75.14     97668    664368    758964     29.36   1371240    118736       540
04:26:06 PM    512552   1550136     75.15     97676    664384    758964     29.36   1371320    118736       556
04:26:07 PM    512552   1550136     75.15     97676    664400    758964     29.36   1371388    118736       572
04:26:08 PM    512452   1550236     75.16     97676    664420    758964     29.36   1371508    118736       592
04:26:09 PM    512300   1550388     75.16     97676    664444    758964     29.36   1371524    118736       616
04:26:10 PM    512332   1550356     75.16     97676    664460    758964     29.36   1371608    118736       632
04:26:11 PM    512152   1550536     75.17     97676    664480    758964     29.36   1371908    118736       652
04:26:12 PM    512176   1550512     75.17     97676    664492    758964     29.36   1371764    118736       664
04:26:13 PM    512052   1550636     75.18     97676    664512    758964     29.36   1371840    118736       684
04:26:14 PM    512052   1550636     75.18     97676    664524    758964     29.36   1371880    118736       696
04:26:15 PM    511924   1550764     75.18     97676    664548    758964     29.36   1371904    118740       720
04:26:16 PM    511956   1550732     75.18     97684    664556    758964     29.36   1371956    118740       736
04:26:17 PM    511916   1550772     75.18     97684    664588    758964     29.36   1372068    118736       760
04:26:18 PM    511800   1550888     75.19     97684    664608    758964     29.36   1372124    118736       780
04:26:19 PM    511704   1550984     75.19     97684    664632    758964     29.36   1372180    118736       804
04:26:20 PM    511548   1551140     75.20     97684    664648    758964     29.36   1372240    118740       820
04:26:21 PM    511516   1551172     75.20     97688    664664    758964     29.36   1372280    118740       840
04:26:22 PM    511512   1551176     75.20     97688    664692    758964     29.36   1372344    118736       864
04:26:23 PM    511532   1551156     75.20     97688    664712    758964     29.36   1372540    118736       564
04:26:24 PM    511448   1551240     75.20     97688    664740    758964     29.36   1372460    118736       592
04:26:25 PM    511292   1551396     75.21     97688    664760    758964     29.36   1372520    118740       612
04:26:26 PM    511292   1551396     75.21     97688    664776    758964     29.36   1372564    118736       628
04:26:27 PM    511068   1551620     75.22     97688    664800    758964     29.36   1372564    118740       656
04:26:28 PM    511068   1551620     75.22     97688    664816    758964     29.36   1372584    118736        56
04:26:29 PM    510996   1551692     75.23     97688    664832    758964     29.36   1372720    118736       108
04:26:30 PM    511028   1551660     75.23     97688    664844    758964     29.36   1372728    118736       120
04:26:31 PM    510880   1551808     75.23     97688    664872    758964     29.36   1372716    118736       148
04:26:32 PM    510776   1551912     75.24     97688    664900    758964     29.36   1372752    118740       204
04:26:33 PM    510788   1551900     75.24     97688    664924    758964     29.36   1372776    118736       204
04:26:34 PM    510880   1551808     75.23     97688    664948    758964     29.36   1372796    118736       228
04:26:35 PM    510820   1551868     75.24     97688    664972    758964     29.36   1372824    118736       252
04:26:36 PM    510788   1551900     75.24     97696    664980    758964     29.36   1372892    118736       268
04:26:37 PM    510816   1551872     75.24     97696    665016    758964     29.36   1372916    118736       304
04:26:38 PM    510812   1551876     75.24     97696    665048    758964     29.36   1372972    118740       336
04:26:39 PM    510788   1551900     75.24     97696    665084    758964     29.36   1372952    118744       376
04:26:40 PM    510756   1551932     75.24     97696    665112    758964     29.36   1372884    118736       404
04:26:41 PM    510756   1551932     75.24     97696    665124    758964     29.36   1372888    118736       416
04:26:42 PM    510696   1551992     75.24     97696    665152    758964     29.36   1372936    118736       444
04:26:43 PM    510572   1552116     75.25     97696    665176    758964     29.36   1372984    118736       468
04:26:44 PM    510332   1552356     75.26     97696    665196    758964     29.36   1373284    118736       488
04:26:45 PM    510400   1552288     75.26     97696    665212    758964     29.36   1373132    118736       504
04:26:46 PM    510408   1552280     75.26     97704    665232    758964     29.36   1373096    118744       532
04:26:47 PM    510316   1552372     75.26     97704    665256    758964     29.36   1373128    118740       548
04:26:48 PM    510160   1552528     75.27     97704    665288    758964     29.36   1373168    118744       580
04:26:49 PM    510128   1552560     75.27     97704    665304    758964     29.36   1373180    118740       596
04:26:50 PM    509972   1552716     75.28     97704    665328    758964     29.36   1373304    118740       620
04:26:51 PM    510044   1552644     75.27     97712    665332    758964     29.36   1373348    118740       632
04:26:52 PM    510004   1552684     75.27     97712    665380    758964     29.36   1373260    118740       672
04:26:53 PM    510028   1552660     75.27     97712    665424    758964     29.36   1373424    118740       716
04:26:54 PM    509760   1552928     75.29     97712    665500    758964     29.36   1373504    118736       792
04:26:55 PM    509644   1553044     75.29     97712    665512    758964     29.36   1373604    118736       804
04:26:56 PM    509684   1553004     75.29     97716    665556    758964     29.36   1373564    118736       852
04:26:57 PM    509496   1553192     75.30     97716    665628    758964     29.36   1373660    118736       920
04:26:58 PM    509456   1553232     75.30     97716    665656    758964     29.36   1373876    118740       556
04:26:59 PM    509508   1553180     75.30     97716    665696    758964     29.36   1373772    118740       600
04:27:00 PM    509412   1553276     75.30     97716    665772    758964     29.36   1373676    118736       676
04:27:01 PM    509316   1553372     75.31     97724    665784    758964     29.36   1373700    118736       696
04:27:02 PM    509280   1553408     75.31     97724    665892    758964     29.36   1373836    118736       800
04:27:03 PM    509436   1553252     75.30     97724    665940    758964     29.36   1373864    118736       232
04:27:04 PM    509312   1553376     75.31     97724    665980    758964     29.36   1373856    118740       316
04:27:05 PM    509412   1553276     75.30     97724    666048    758964     29.36   1373880    118736       384
04:27:06 PM    509256   1553432     75.31     97732    666104    758964     29.36   1373964    118736       448
04:27:07 PM    509132   1553556     75.32     97732    666192    758964     29.36   1374048    118736       552
04:27:08 PM    509248   1553440     75.31     97732    666220    758964     29.36   1374144    118736       580
04:27:09 PM    509008   1553680     75.32     97732    666312    758964     29.36   1374112    118736       672
04:27:10 PM    509072   1553616     75.32     97732    666368    758964     29.36   1374216    118736       728
04:27:11 PM    508824   1553864     75.33     97736    666424    758964     29.36   1374272    118736       788
04:27:12 PM    508744   1553944     75.34     97736    666492    758964     29.36   1374336    118736       856
04:27:13 PM    508676   1554012     75.34     97736    666508    758964     29.36   1374404    118736       848
04:27:14 PM    508504   1554184     75.35     97736    666604    758964     29.36   1374680    118736       944
04:27:15 PM    508564   1554124     75.34     97736    666660    758964     29.36   1374644    118740      1000
04:27:16 PM    508564   1554124     75.34     97736    666728    758964     29.36   1374676    118736      1072
04:27:17 PM    508440   1554248     75.35     97736    666788    758964     29.36   1374732    118736      1140
04:27:18 PM    508192   1554496     75.36     97736    666856    758964     29.36   1374808    118736      1208
04:27:19 PM    508020   1554668     75.37     97736    666928    758964     29.36   1374868    118736      1280
04:27:20 PM    508044   1554644     75.37     97736    666960    758964     29.36   1374908    118740      1312
04:27:21 PM    507912   1554776     75.38     97736    667072    758964     29.36   1375012    118740      1424
04:27:22 PM    507892   1554796     75.38     97736    667140    758964     29.36   1375112    118736      1496
04:27:23 PM    507672   1555016     75.39     97736    667204    758964     29.36   1375120    118740      1560
04:27:24 PM    507524   1555164     75.40     97736    667284    758964     29.36   1375228    118740      1640
04:27:25 PM    507524   1555164     75.40     97736    667352    758964     29.36   1375300    118740      1708
04:27:26 PM    507564   1555124     75.39     97736    667432    758964     29.36   1375288    118740      1788
04:27:27 PM    507440   1555248     75.40     97744    667500    758964     29.36   1375364    118740      1856
04:27:28 PM    507440   1555248     75.40     97744    667576    758964     29.36   1375444    118740      1932
04:27:29 PM    507312   1555376     75.41     97744    667652    758964     29.36   1375520    118740      2008
04:27:30 PM    507312   1555376     75.41     97744    667720    758964     29.36   1375584    118740      2076
04:27:31 PM    507280   1555408     75.41     97744    667784    758964     29.36   1375640    118752      2140
04:27:32 PM    507188   1555500     75.41     97744    667840    758964     29.36   1375712    118740      2196
04:27:33 PM    507336   1555352     75.40     97744    667892    758964     29.36   1375688    118740       564
04:27:34 PM    507416   1555272     75.40     97744    667952    758964     29.36   1375388    118740       628
Average:       511789   1550899     75.19     97685    664895    758230     29.33   1371983    118738       701
