Linux 4.4.0-31-generic (fw-suricata) 	12/08/2017 	_i686_	(1 CPU)

05:00:40 PM kbmemfree kbmemused  %memused kbbuffers  kbcached  kbcommit   %commit  kbactive   kbinact   kbdirty
05:00:41 PM    791748   1270940     61.62    108256    892924    744916     28.82   1095752    114740       816
05:00:42 PM    791548   1271140     61.63    108256    892984    744916     28.82   1095836    114720       876
05:00:43 PM    791376   1271312     61.63    108256    893044    744916     28.82   1095836    114716       936
05:00:44 PM    791408   1271280     61.63    108256    893096    744916     28.82   1095932    114716       988
05:00:45 PM    791284   1271404     61.64    108260    893212    744916     28.82   1095968    114716      1108
05:00:46 PM    791160   1271528     61.64    108260    893220    744916     28.82   1096052    114716      1148
05:00:47 PM    791160   1271528     61.64    108260    893284    744916     28.82   1096096    114716      1212
05:00:48 PM    791168   1271520     61.64    108260    893336    744916     28.82   1096144    114716      1264
05:00:49 PM    791116   1271572     61.65    108260    893396    744916     28.82   1096236    114716      1136
05:00:50 PM    791112   1271576     61.65    108264    893448    744916     28.82   1096224    114716      1192
05:00:51 PM    790888   1271800     61.66    108264    893512    744916     28.82   1096352    114716      1352
05:00:52 PM    790864   1271824     61.66    108264    893576    744916     28.82   1096412    114720      1360
05:00:53 PM    790764   1271924     61.66    108264    893636    744916     28.82   1096448    114716      1420
05:00:54 PM    790804   1271884     61.66    108264    893688    744916     28.82   1096480    114716      1472
05:00:55 PM    790756   1271932     61.66    108268    893744    744916     28.82   1096592    114716      1532
05:00:56 PM    790664   1272024     61.67    108268    893868    744916     28.82   1096656    114716      1652
05:00:57 PM    790516   1272172     61.68    108268    893884    744916     28.82   1096664    114724      1668
05:00:58 PM    790556   1272132     61.67    108268    893936    744916     28.82   1096776    114716      1720
05:00:59 PM    790508   1272180     61.68    108272    893992    744916     28.82   1096856    114712       536
05:01:00 PM    790368   1272320     61.68    108276    894048    744916     28.82   1096872    114716       540
05:01:01 PM    790256   1272432     61.69    108276    894112    744916     28.82   1096956    114716       624
05:01:02 PM    790392   1272296     61.68    108276    894168    744916     28.82   1097016    114716       680
05:01:03 PM    790012   1272676     61.70    108276    894232    744916     28.82   1097096    114716       744
05:01:04 PM    790036   1272652     61.70    108276    894284    744916     28.82   1097152    114716       796
05:01:05 PM    790108   1272580     61.70    108280    894392    744916     28.82   1097192    114712       800
05:01:06 PM    790184   1272504     61.69    108280    894400    744916     28.82   1097212    114716       856
05:01:07 PM    789888   1272800     61.71    108280    894460    744916     28.82   1097332    114716       916
05:01:08 PM    789936   1272752     61.70    108280    894516    744916     28.82   1097392    114716       972
05:01:09 PM    789920   1272768     61.70    108280    894572    744916     28.82   1097412    114716      1028
05:01:10 PM    789788   1272900     61.71    108280    894628    744916     28.82   1097496    114716      1060
05:01:11 PM    789796   1272892     61.71    108280    894688    744916     28.82   1097576    114716      1128
05:01:12 PM    789640   1273048     61.72    108280    894820    744916     28.82   1097636    114724      1260
05:01:13 PM    789648   1273040     61.72    108280    894832    744916     28.82   1097660    114720      1272
05:01:14 PM    789688   1273000     61.72    108280    894892    744916     28.82   1097768    114724       832
05:01:15 PM    789516   1273172     61.72    108280    894948    744916     28.82   1097784    114720       852
05:01:16 PM    789424   1273264     61.73    108280    895008    744916     28.82   1097884    114724       924
05:01:17 PM    789480   1273208     61.73    108280    895064    744916     28.82   1097968    114720       980
05:01:18 PM    789440   1273248     61.73    108280    895120    744916     28.82   1097984    114716      1036
05:01:19 PM    789184   1273504     61.74    108280    895180    744916     28.82   1098064    114716      1096
05:01:20 PM    789136   1273552     61.74    108284    895240    744916     28.82   1098092    114716      1160
05:01:21 PM    789144   1273544     61.74    108284    895300    744916     28.82   1098140    114716      1216
05:01:22 PM    789012   1273676     61.75    108284    895360    744916     28.82   1098228    114720      1276
05:01:23 PM    789028   1273660     61.75    108284    895420    744916     28.82   1098316    114716      1336
05:01:24 PM    788944   1273744     61.75    108284    895480    744916     28.82   1098372    114716      1344
05:01:25 PM    788868   1273820     61.76    108288    895536    744916     28.82   1098400    114716      1336
05:01:26 PM    788688   1274000     61.76    108288    895600    744916     28.82   1098488    114716      1432
05:01:27 PM    788656   1274032     61.77    108288    895720    744916     28.82   1098532    114712      1560
05:01:28 PM    788572   1274116     61.77    108288    895728    744916     28.82   1098604    114720      1568
05:01:29 PM    788524   1274164     61.77    108288    895788    744916     28.82   1098664    114712      1628
05:01:30 PM    788424   1274264     61.78    108288    895844    744916     28.82   1098724    114716      1684
05:01:31 PM    788276   1274412     61.78    108288    895904    744916     28.82   1098744    114712      1744
05:01:32 PM    788324   1274364     61.78    108288    895956    744916     28.82   1098832    114712      1796
05:01:33 PM    788284   1274404     61.78    108288    896016    744916     28.82   1098932    114712      1856
05:01:34 PM    788200   1274488     61.79    108288    896072    744916     28.82   1098956    114716       476
05:01:35 PM    788152   1274536     61.79    108288    896136    744916     28.82   1099016    114716       508
05:01:36 PM    788060   1274628     61.79    108288    896188    744916     28.82   1099064    114716       576
05:01:37 PM    788036   1274652     61.80    108288    896248    744916     28.82   1099128    114716       636
05:01:38 PM    788012   1274676     61.80    108288    896304    744916     28.82   1099184    114720       692
05:01:39 PM    787920   1274768     61.80    108288    896368    744916     28.82   1099252    114716       756
05:01:40 PM    787916   1274772     61.80    108288    896476    744916     28.82   1099340    114716       852
05:01:41 PM    787920   1274768     61.80    108288    896492    744916     28.82   1099348    114720       876
05:01:42 PM    787812   1274876     61.81    108288    896544    744916     28.82   1099428    114720       928
05:01:43 PM    787664   1275024     61.81    108288    896612    744916     28.82   1099540    114720       996
05:01:44 PM    787696   1274992     61.81    108288    896676    744916     28.82   1099572    114716      1060
05:01:45 PM    787664   1275024     61.81    108296    896732    744916     28.82   1099616    114716      1104
05:01:46 PM    787556   1275132     61.82    108296    896792    744916     28.82   1099688    114716      1164
05:01:47 PM    787416   1275272     61.83    108296    896852    744916     28.82   1099756    114716      1224
05:01:48 PM    787424   1275264     61.83    108296    896912    744916     28.82   1099824    114720      1284
05:01:49 PM    787424   1275264     61.83    108296    896976    744916     28.82   1099892    114724       796
05:01:50 PM    787332   1275356     61.83    108296    897028    744916     28.82   1099960    114716       852
05:01:51 PM    787324   1275364     61.83    108296    897096    744916     28.82   1100028    114716       932
05:01:52 PM    787124   1275564     61.84    108296    897148    744916     28.82   1100064    114716       984
05:01:53 PM    787308   1275380     61.83    108296    897216    744916     28.82   1100080    114720      1052
05:01:54 PM    786952   1275736     61.85    108296    897268    744916     28.82   1100200    114716      1104
05:01:55 PM    786920   1275768     61.85    108300    897328    744916     28.82   1100232    114720      1168
05:01:56 PM    786868   1275820     61.85    108300    897392    744916     28.82   1100320    114720      1228
05:01:57 PM    786920   1275768     61.85    108300    897448    744916     28.82   1100328    114720      1284
05:01:58 PM    786712   1275976     61.86    108300    897512    744916     28.82   1100412    114724      1348
05:01:59 PM    786672   1276016     61.86    108300    897572    744916     28.82   1100476    114724      1356
05:02:00 PM    786664   1276024     61.86    108300    897636    744916     28.82   1100548    114720      1352
05:02:01 PM    786548   1276140     61.87    108300    897692    744916     28.82   1100604    114716      1444
05:02:02 PM    786416   1276272     61.87    108300    897752    744916     28.82   1100680    114712      1512
05:02:03 PM    786432   1276256     61.87    108300    897808    744916     28.82   1100732    114712      1568
05:02:04 PM    786408   1276280     61.87    108300    897872    744916     28.82   1100780    114716      1632
05:02:05 PM    786424   1276264     61.87    108304    897924    744916     28.82   1100852    114712      1688
05:02:06 PM    786200   1276488     61.88    108304    897988    744916     28.82   1100916    114712      1748
05:02:07 PM    786168   1276520     61.89    108304    898048    744916     28.82   1100976    114716      1808
05:02:08 PM    786200   1276488     61.88    108304    898108    744916     28.82   1101040    114712      1868
05:02:09 PM    786052   1276636     61.89    108304    898164    744916     28.82   1101080    114716       500
05:02:10 PM    786092   1276596     61.89    108308    898220    744916     28.82   1101116    114716       516
05:02:11 PM    785920   1276768     61.90    108308    898276    744916     28.82   1101208    114716       576
05:02:12 PM    786048   1276640     61.89    108308    898340    744916     28.82   1101280    114716       640
05:02:13 PM    785796   1276892     61.90    108308    898392    744916     28.82   1101316    114716       692
05:02:14 PM    785712   1276976     61.91    108308    898524    744916     28.82   1101424    114720       760
05:02:15 PM    785680   1277008     61.91    108308    898528    744916     28.82   1101492    114720       820
05:02:16 PM    785712   1276976     61.91    108308    898596    744916     28.82   1101524    114716       896
05:02:17 PM    785556   1277132     61.92    108308    898652    744916     28.82   1101616    114716       952
05:02:18 PM    785456   1277232     61.92    108308    898708    744916     28.82   1101600    114716      1008
05:02:19 PM    785432   1277256     61.92    108308    898764    744916     28.82   1101704    114716      1064
05:02:20 PM    785404   1277284     61.92    108312    898816    744916     28.82   1101776    114716      1092
05:02:21 PM    785308   1277380     61.93    108312    898884    744916     28.82   1101848    114724      1164
05:02:22 PM    785216   1277472     61.93    108312    898940    744916     28.82   1101880    114716      1220
05:02:23 PM    785224   1277464     61.93    108312    899008    744916     28.82   1101956    114716      1288
05:02:24 PM    785168   1277520     61.93    108312    899064    744916     28.82   1102032    114716       780
05:02:25 PM    785068   1277620     61.94    108316    899116    744916     28.82   1102104    114716       848
05:02:26 PM    785044   1277644     61.94    108316    899176    744916     28.82   1102120    114716       920
05:02:27 PM    784928   1277760     61.95    108316    899236    744916     28.82   1102196    114720       980
05:02:28 PM    784928   1277760     61.95    108316    899296    744916     28.82   1102272    114716      1040
05:02:29 PM    784836   1277852     61.95    108316    899360    744916     28.82   1102340    114720      1104
05:02:30 PM    784796   1277892     61.95    108320    899428    744916     28.82   1102372    114724      1176
05:02:31 PM    784688   1278000     61.96    108320    899492    744916     28.82   1102456    114716      1236
05:02:32 PM    784680   1278008     61.96    108320    899552    744916     28.82   1102488    114716      1296
05:02:33 PM    784532   1278156     61.97    108320    899612    744916     28.82   1102608    114716      1356
05:02:34 PM    784464   1278224     61.97    108320    899668    744916     28.82   1102620    114716      1360
05:02:35 PM    784496   1278192     61.97    108324    899724    744916     28.82   1102736    114720      1356
05:02:36 PM    784432   1278256     61.97    108324    899784    744916     28.82   1102764    114716      1448
05:02:37 PM    784324   1278364     61.98    108324    899840    744916     28.82   1102852    114712      1508
05:02:38 PM    784232   1278456     61.98    108324    899896    744916     28.82   1102916    114712      1564
05:02:39 PM    784156   1278532     61.98    108324    899960    744916     28.82   1102932    114716      1628
05:02:40 PM    784216   1278472     61.98    108328    900016    744916     28.82   1102976    114716      1688
05:02:41 PM    784068   1278620     61.99    108328    900076    744916     28.82   1103040    114716      1748
05:02:42 PM    783928   1278760     61.99    108328    900132    744916     28.82   1103104    114716      1804
05:02:43 PM    783908   1278780     62.00    108328    900184    744916     28.82   1103220    114716      1856
05:02:44 PM    783976   1278712     61.99    108328    900256    744916     28.82   1103240    114720       492
05:02:45 PM    783820   1278868     62.00    108332    900308    744916     28.82   1103328    114720       516
05:02:46 PM    783688   1279000     62.01    108332    900380    744916     28.82   1103484    114724       592
05:02:47 PM    783696   1278992     62.01    108332    900436    744916     28.82   1103460    114716       648
05:02:48 PM    783688   1279000     62.01    108332    900500    744916     28.82   1103552    114716       712
05:02:49 PM    783572   1279116     62.01    108332    900560    744916     28.82   1103584    114720       772
05:02:50 PM    783472   1279216     62.02    108332    900620    744916     28.82   1103688    114716       820
05:02:51 PM    783316   1279372     62.02    108332    900680    744916     28.82   1103724    114720       888
05:02:52 PM    783376   1279312     62.02    108332    900744    744916     28.82   1104076    114720       952
05:02:53 PM    783432   1279256     62.02    108332    900796    744916     28.82   1103816    114716      1004
05:02:54 PM    783316   1279372     62.02    108332    900856    744916     28.82   1103848    114716      1064
05:02:55 PM    783224   1279464     62.03    108332    900912    744916     28.82   1103904    114716      1092
05:02:56 PM    783224   1279464     62.03    108332    900972    744916     28.82   1103964    114716      1160
05:02:57 PM    783192   1279496     62.03    108332    901024    744916     28.82   1104060    114716      1212
05:02:58 PM    783100   1279588     62.03    108332    901096    744916     28.82   1104116    114724      1284
05:02:59 PM    783204   1279484     62.03    108332    901148    744916     28.82   1104072    114720       772
05:03:00 PM    782944   1279744     62.04    108336    901212    744916     28.82   1104072    114720       848
Average:       787244   1275444     61.83    108297    897066    744916     28.82   1099976    114717      1123
