Linux 4.4.0-31-generic (dpi-suricata) 	12/08/2017 	_i686_	(1 CPU)

04:00:15 PM  CPU    %usr   %nice    %sys %iowait    %irq   %soft  %steal  %guest  %gnice   %idle
04:00:16 PM  all    2.00    0.00   10.00    0.00    0.00    0.00    1.00    0.00    0.00   87.00
04:00:17 PM  all    3.03    0.00    4.04    0.00    0.00    0.00    0.00    0.00    0.00   92.93
04:00:18 PM  all    3.03    0.00    3.03    0.00    0.00    1.01    0.00    0.00    0.00   92.93
04:00:19 PM  all    4.95    0.00    2.97    0.00    0.00    0.00    0.99    0.00    0.00   91.09
04:00:20 PM  all    3.06    0.00    3.06   19.39    0.00    0.00    0.00    0.00    0.00   74.49
04:00:21 PM  all   58.42    0.00    2.97    0.00    0.00   37.62    0.99    0.00    0.00    0.00
04:00:22 PM  all   51.49    0.00    1.98    0.00    0.00   45.54    0.99    0.00    0.00    0.00
04:00:23 PM  all   49.49    0.00    0.00    0.00    0.00   50.51    0.00    0.00    0.00    0.00
04:00:24 PM  all   48.51    0.00    0.99    0.00    0.00   48.51    1.98    0.00    0.00    0.00
04:00:25 PM  all   50.00    0.00    1.00    0.00    0.00   47.00    2.00    0.00    0.00    0.00
04:00:26 PM  all   44.00    0.00    1.00    0.00    0.00   53.00    2.00    0.00    0.00    0.00
04:00:27 PM  all   43.56    0.00    0.99    0.00    0.00   52.48    2.97    0.00    0.00    0.00
04:00:28 PM  all   42.00    0.00    1.00    0.00    0.00   54.00    3.00    0.00    0.00    0.00
04:00:29 PM  all   42.00    0.00    0.00    0.00    0.00   54.00    4.00    0.00    0.00    0.00
04:00:30 PM  all   40.59    0.00    0.99    0.00    0.00   52.48    5.94    0.00    0.00    0.00
04:00:31 PM  all   36.00    0.00    1.00    0.00    0.00   60.00    3.00    0.00    0.00    0.00
04:00:32 PM  all   30.00    0.00    1.00    0.00    0.00   64.00    5.00    0.00    0.00    0.00
04:00:33 PM  all   34.00    0.00    0.00    0.00    0.00   65.00    1.00    0.00    0.00    0.00
04:00:34 PM  all   42.42    0.00    0.00    0.00    0.00   56.57    1.01    0.00    0.00    0.00
04:00:35 PM  all   34.65    0.00    0.99    0.00    0.00   62.38    1.98    0.00    0.00    0.00
04:00:36 PM  all   38.00    0.00    0.00    0.00    0.00   60.00    2.00    0.00    0.00    0.00
04:00:37 PM  all   33.66    0.00    0.99    0.00    0.00   61.39    3.96    0.00    0.00    0.00
04:00:38 PM  all   41.00    0.00    0.00    0.00    0.00   58.00    1.00    0.00    0.00    0.00
04:00:39 PM  all   34.34    0.00    1.01    0.00    0.00   63.64    1.01    0.00    0.00    0.00
04:00:40 PM  all   40.59    0.00    0.00    0.00    0.00   57.43    1.98    0.00    0.00    0.00
04:00:41 PM  all   32.32    0.00    2.02    0.00    0.00   64.65    1.01    0.00    0.00    0.00
04:00:42 PM  all   35.64    0.00    1.98    0.00    0.00   61.39    0.99    0.00    0.00    0.00
04:00:43 PM  all   40.00    0.00    0.00    0.00    0.00   59.00    1.00    0.00    0.00    0.00
04:00:44 PM  all   38.00    0.00    1.00    0.00    0.00   61.00    0.00    0.00    0.00    0.00
04:00:45 PM  all   34.65    0.00    0.00    0.00    0.00   64.36    0.99    0.00    0.00    0.00
04:00:46 PM  all   38.38    0.00    1.01    0.00    0.00   59.60    1.01    0.00    0.00    0.00
04:00:47 PM  all   36.00    0.00    0.00    0.00    0.00   63.00    1.00    0.00    0.00    0.00
04:00:48 PM  all   37.00    0.00    1.00    0.00    0.00   62.00    0.00    0.00    0.00    0.00
04:00:49 PM  all   39.22    0.00    2.94    0.00    0.00   56.86    0.98    0.00    0.00    0.00
04:00:50 PM  all   41.00    0.00    1.00    0.00    0.00   57.00    1.00    0.00    0.00    0.00
04:00:51 PM  all   42.00    0.00    1.00    0.00    0.00   57.00    0.00    0.00    0.00    0.00
04:00:52 PM  all   44.55    0.00    0.99    0.00    0.00   52.48    1.98    0.00    0.00    0.00
04:00:53 PM  all   43.00    0.00    1.00    0.00    0.00   55.00    1.00    0.00    0.00    0.00
04:00:54 PM  all   44.00    0.00    0.00    0.00    0.00   55.00    1.00    0.00    0.00    0.00
04:00:55 PM  all   42.00    0.00    2.00    0.00    0.00   55.00    1.00    0.00    0.00    0.00
04:00:56 PM  all   41.00    0.00    0.00    0.00    0.00   58.00    1.00    0.00    0.00    0.00
04:00:57 PM  all   48.00    0.00    1.00    0.00    0.00   51.00    0.00    0.00    0.00    0.00
04:00:58 PM  all   45.54    0.00    0.99    0.00    0.00   52.48    0.99    0.00    0.00    0.00
04:00:59 PM  all   46.94    0.00    0.00    0.00    0.00   52.04    1.02    0.00    0.00    0.00
04:01:00 PM  all   35.29    0.00    1.96    0.00    0.00   61.76    0.98    0.00    0.00    0.00
04:01:01 PM  all   41.00    0.00    0.00    0.00    0.00   58.00    1.00    0.00    0.00    0.00
04:01:02 PM  all   40.40    0.00    0.00    0.00    0.00   59.60    0.00    0.00    0.00    0.00
04:01:03 PM  all   49.50    0.00    0.99    0.00    0.00   48.51    0.99    0.00    0.00    0.00
04:01:04 PM  all   36.63    0.00    0.99    0.00    0.00   61.39    0.99    0.00    0.00    0.00
04:01:05 PM  all   43.00    0.00    1.00    0.00    0.00   54.00    2.00    0.00    0.00    0.00
04:01:06 PM  all   41.58    0.00    0.99    0.00    0.00   55.45    1.98    0.00    0.00    0.00
04:01:07 PM  all   36.36    0.00    1.01    0.00    0.00   62.63    0.00    0.00    0.00    0.00
04:01:08 PM  all   47.52    0.00    0.99    0.00    0.00   49.50    1.98    0.00    0.00    0.00
04:01:09 PM  all   44.55    0.00    1.98    0.00    0.00   53.47    0.00    0.00    0.00    0.00
04:01:10 PM  all   41.00    0.00    0.00    0.00    0.00   58.00    1.00    0.00    0.00    0.00
04:01:11 PM  all   45.00    0.00    1.00    0.00    0.00   52.00    2.00    0.00    0.00    0.00
04:01:12 PM  all   32.35    0.00    0.00    0.00    0.00   64.71    2.94    0.00    0.00    0.00
04:01:13 PM  all   39.00    0.00    1.00    0.00    0.00   58.00    2.00    0.00    0.00    0.00
04:01:14 PM  all   44.44    0.00    0.00    0.00    0.00   54.55    1.01    0.00    0.00    0.00
04:01:15 PM  all   44.55    0.00    0.99    0.00    0.00   53.47    0.99    0.00    0.00    0.00
04:01:16 PM  all   45.54    0.00    0.99    0.00    0.00   52.48    0.99    0.00    0.00    0.00
04:01:17 PM  all   41.41    0.00    0.00    0.00    0.00   57.58    1.01    0.00    0.00    0.00
04:01:18 PM  all   43.00    0.00    2.00    0.00    0.00   54.00    1.00    0.00    0.00    0.00
04:01:19 PM  all   45.00    0.00    1.00    0.00    0.00   53.00    1.00    0.00    0.00    0.00
04:01:20 PM  all   37.62    0.00    0.00    0.00    0.00   60.40    1.98    0.00    0.00    0.00
04:01:21 PM  all   41.00    0.00    0.00    0.00    0.00   56.00    3.00    0.00    0.00    0.00
04:01:22 PM  all   47.00    0.00    1.00    0.00    0.00   50.00    2.00    0.00    0.00    0.00
04:01:23 PM  all   45.00    0.00    0.00    0.00    0.00   54.00    1.00    0.00    0.00    0.00
04:01:24 PM  all   42.00    0.00    0.00    0.00    0.00   56.00    2.00    0.00    0.00    0.00
04:01:25 PM  all   45.00    0.00    1.00    0.00    0.00   54.00    0.00    0.00    0.00    0.00
04:01:26 PM  all   39.60    0.00    0.99    0.00    0.00   56.44    2.97    0.00    0.00    0.00
04:01:27 PM  all   42.42    0.00    1.01    0.00    0.00   54.55    2.02    0.00    0.00    0.00
04:01:28 PM  all   44.12    0.00    1.96    0.00    0.00   52.94    0.98    0.00    0.00    0.00
04:01:29 PM  all   38.38    0.00    1.01    0.00    0.00   59.60    1.01    0.00    0.00    0.00
04:01:30 PM  all   43.56    0.00    0.99    0.00    0.00   54.46    0.99    0.00    0.00    0.00
04:01:31 PM  all   45.00    0.00    0.00    0.00    0.00   54.00    1.00    0.00    0.00    0.00
04:01:32 PM  all   38.61    0.00    0.99    0.00    0.00   58.42    1.98    0.00    0.00    0.00
04:01:33 PM  all   50.00    0.00    0.00    0.00    0.00   49.00    1.00    0.00    0.00    0.00
04:01:34 PM  all   44.00    0.00    0.00    0.00    0.00   52.00    4.00    0.00    0.00    0.00
04:01:35 PM  all   33.66    0.00    1.98    0.00    0.00   58.42    5.94    0.00    0.00    0.00
04:01:36 PM  all   41.00    0.00    2.00    0.00    0.00   56.00    1.00    0.00    0.00    0.00
04:01:37 PM  all   43.00    0.00    0.00    0.00    0.00   54.00    3.00    0.00    0.00    0.00
04:01:38 PM  all   45.54    0.00    0.99    0.00    0.00   53.47    0.00    0.00    0.00    0.00
04:01:39 PM  all   44.44    0.00    0.00    0.00    0.00   54.55    1.01    0.00    0.00    0.00
04:01:40 PM  all   38.61    0.00    1.98    0.00    0.00   58.42    0.99    0.00    0.00    0.00
04:01:41 PM  all   46.00    0.00    0.00    0.00    0.00   53.00    1.00    0.00    0.00    0.00
04:01:42 PM  all   43.00    0.00    0.00    0.00    0.00   55.00    2.00    0.00    0.00    0.00
04:01:43 PM  all   42.00    0.00    3.00    0.00    0.00   53.00    2.00    0.00    0.00    0.00
04:01:44 PM  all   51.00    0.00    0.00    0.00    0.00   47.00    2.00    0.00    0.00    0.00
04:01:45 PM  all   45.00    0.00    2.00    0.00    0.00   52.00    1.00    0.00    0.00    0.00
04:01:46 PM  all   39.00    0.00    1.00    0.00    0.00   59.00    1.00    0.00    0.00    0.00
04:01:47 PM  all   40.00    0.00    1.00    0.00    0.00   58.00    1.00    0.00    0.00    0.00
04:01:48 PM  all   48.04    0.00    0.98    0.00    0.00   49.02    1.96    0.00    0.00    0.00
04:01:49 PM  all   46.46    0.00    0.00    0.00    0.00   52.53    1.01    0.00    0.00    0.00
04:01:50 PM  all   41.00    0.00    1.00    0.00    0.00   57.00    1.00    0.00    0.00    0.00
04:01:51 PM  all   48.48    0.00    0.00    0.00    0.00   51.52    0.00    0.00    0.00    0.00
04:01:52 PM  all   44.55    0.00    1.98    0.00    0.00   52.48    0.99    0.00    0.00    0.00
04:01:53 PM  all   42.42    0.00    0.00    0.00    0.00   56.57    1.01    0.00    0.00    0.00
04:01:54 PM  all   44.55    0.00    1.98    0.00    0.00   52.48    0.99    0.00    0.00    0.00
04:01:55 PM  all   40.00    0.00    0.00    0.00    0.00   58.00    2.00    0.00    0.00    0.00
04:01:56 PM  all   43.00    0.00    2.00    0.00    0.00   55.00    0.00    0.00    0.00    0.00
04:01:57 PM  all   42.57    0.00    0.00    0.00    0.00   55.45    1.98    0.00    0.00    0.00
04:01:58 PM  all   45.00    0.00    1.00    0.00    0.00   53.00    1.00    0.00    0.00    0.00
04:01:59 PM  all   43.43    0.00    0.00    0.00    0.00   56.57    0.00    0.00    0.00    0.00
04:02:00 PM  all   51.49    0.00    0.00    0.00    0.00   47.52    0.99    0.00    0.00    0.00
04:02:01 PM  all   48.00    0.00    1.00    0.00    0.00   47.00    4.00    0.00    0.00    0.00
04:02:02 PM  all   45.00    0.00    1.00    0.00    0.00   52.00    2.00    0.00    0.00    0.00
04:02:03 PM  all   43.00    0.00    0.00    0.00    0.00   56.00    1.00    0.00    0.00    0.00
04:02:04 PM  all   51.00    0.00    1.00    0.00    0.00   47.00    1.00    0.00    0.00    0.00
04:02:05 PM  all   42.00    0.00    1.00    0.00    0.00   56.00    1.00    0.00    0.00    0.00
04:02:06 PM  all   45.54    0.00    0.99    0.00    0.00   51.49    1.98    0.00    0.00    0.00
04:02:07 PM  all   48.98    0.00    0.00    0.00    0.00   51.02    0.00    0.00    0.00    0.00
04:02:08 PM  all   45.10    0.00    0.98    0.00    0.00   52.94    0.98    0.00    0.00    0.00
04:02:09 PM  all   45.54    0.00    0.99    0.00    0.00   52.48    0.99    0.00    0.00    0.00
04:02:10 PM  all   41.41    0.00    1.01    0.00    0.00   56.57    1.01    0.00    0.00    0.00
04:02:11 PM  all   48.00    0.00    1.00    0.00    0.00   50.00    1.00    0.00    0.00    0.00
04:02:12 PM  all   45.00    0.00    0.00    0.00    0.00   53.00    2.00    0.00    0.00    0.00
04:02:13 PM  all   41.58    0.00    0.99    0.00    0.00   56.44    0.99    0.00    0.00    0.00
04:02:14 PM  all   44.44    0.00    0.00    0.00    0.00   54.55    1.01    0.00    0.00    0.00
04:02:15 PM  all   46.00    0.00    0.00    0.00    0.00   53.00    1.00    0.00    0.00    0.00
04:02:16 PM  all   49.50    0.00    0.99    0.00    0.00   47.52    1.98    0.00    0.00    0.00
04:02:17 PM  all   40.40    0.00    0.00    0.00    0.00   56.57    3.03    0.00    0.00    0.00
04:02:18 PM  all   44.55    0.00    0.99    0.00    0.00   52.48    1.98    0.00    0.00    0.00
04:02:19 PM  all   39.00    0.00    1.00    0.00    0.00   58.00    2.00    0.00    0.00    0.00
04:02:20 PM  all   45.54    0.00    1.98    0.00    0.00   50.50    1.98    0.00    0.00    0.00
04:02:21 PM  all    7.14    0.00    0.00    0.00    0.00    0.00    0.00    0.00    0.00   92.86
04:02:22 PM  all    2.04    0.00    0.00    0.00    0.00    0.00    0.00    0.00    0.00   97.96
04:02:23 PM  all    1.01    0.00    2.02    0.00    0.00    0.00    0.00    0.00    0.00   96.97
04:02:24 PM  all    2.00    0.00    0.00    0.00    0.00    0.00    1.00    0.00    0.00   97.00
04:02:25 PM  all    1.01    0.00    2.02    2.02    0.00    0.00    0.00    0.00    0.00   94.95
04:02:26 PM  all    1.02    0.00    1.02    9.18    0.00    0.00    0.00    0.00    0.00   88.78
04:02:27 PM  all    1.02    0.00    1.02    0.00    0.00    0.00    0.00    0.00    0.00   97.96
04:02:28 PM  all    1.00    0.00    2.00    0.00    0.00    0.00    1.00    0.00    0.00   96.00
04:02:29 PM  all    1.00    0.00    2.00    0.00    0.00    1.00    0.00    0.00    0.00   96.00
04:02:30 PM  all    2.02    0.00    1.01    3.03    0.00    0.00    0.00    0.00    0.00   93.94
04:02:31 PM  all    1.01    0.00    2.02    0.00    0.00    0.00    0.00    0.00    0.00   96.97
04:02:32 PM  all    2.04    0.00    1.02    0.00    0.00    0.00    0.00    0.00    0.00   96.94
04:02:33 PM  all    1.01    0.00    2.02    0.00    0.00    0.00    0.00    0.00    0.00   96.97
04:02:34 PM  all    2.00    0.00    1.00    0.00    0.00    0.00    1.00    0.00    0.00   96.00
04:02:35 PM  all    1.02    0.00    1.02    0.00    0.00    0.00    0.00    0.00    0.00   97.96
Average:     all   36.92    0.00    0.99    0.24    0.00   47.29    1.31    0.00    0.00   13.26
