Linux 4.4.0-31-generic (ids-suricata) 	12/08/2017 	_i686_	(1 CPU)

02:52:05 PM kbmemfree kbmemused  %memused kbbuffers  kbcached  kbcommit   %commit  kbactive   kbinact   kbdirty
02:52:06 PM    888764   1173924     56.91     91688    416340    745468     28.84   1002052    118128       104
02:52:07 PM    888608   1174080     56.92     91688    416392    745468     28.84   1002128    118112        96
02:52:08 PM    888484   1174204     56.93     91696    416492    745468     28.84   1002212    118108       308
02:52:09 PM    888484   1174204     56.93     91696    416572    745468     28.84   1002300    118108       384
02:52:10 PM    888376   1174312     56.93     91696    416580    745468     28.84   1002324    118108       456
02:52:11 PM    883156   1179532     57.18     91696    416640    758824     29.36   1005592    118116       468
02:52:12 PM    882692   1179996     57.21     91696    416688    758824     29.36   1005652    118116       516
02:52:13 PM    882692   1179996     57.21     91704    416784    758824     29.36   1005740    118116       620
02:52:14 PM    882692   1179996     57.21     91704    416848    758824     29.36   1005824    118116       692
02:52:15 PM    882660   1180028     57.21     91704    416844    758824     29.36   1005840    118116       688
02:52:16 PM    882536   1180152     57.21     91704    416896    758824     29.36   1005892    118116       740
02:52:17 PM    882568   1180120     57.21     91704    416936    758824     29.36   1005940    118116       780
02:52:18 PM    882412   1180276     57.22     91708    416956    758824     29.36   1006012    118120       804
02:52:19 PM    882320   1180368     57.22     91708    417064    758824     29.36   1006064    118116       908
02:52:20 PM    882040   1180648     57.24     91708    417064    758824     29.36   1006080    118116       908
02:52:21 PM    882276   1180412     57.23     91708    417180    758824     29.36   1006164    118124      1024
02:52:22 PM    882072   1180616     57.24     91708    417276    758824     29.36   1006296    118116      1120
02:52:23 PM    882040   1180648     57.24     91708    417336    758824     29.36   1006360    118116      1180
02:52:24 PM    881916   1180772     57.24     91708    417396    758824     29.36   1006436    118116      1240
02:52:25 PM    881884   1180804     57.25     91708    417476    758824     29.36   1006504    118116      1320
02:52:26 PM    881636   1181052     57.26     91708    417540    758824     29.36   1006592    118116      1384
02:52:27 PM    881512   1181176     57.26     91708    417604    758824     29.36   1006652    118116      1448
02:52:28 PM    881384   1181304     57.27     91712    417668    758824     29.36   1006744    118120      1516
02:52:29 PM    881388   1181300     57.27     91712    417756    758824     29.36   1006880    118116      1600
02:52:30 PM    881420   1181268     57.27     91712    417856    758824     29.36   1006944    118116      1700
02:52:31 PM    880920   1181768     57.29     91712    417952    758824     29.36   1007100    118116       140
02:52:32 PM    880888   1181800     57.29     91712    418052    758824     29.36   1007176    118116       220
02:52:33 PM    880948   1181740     57.29     91716    418132    758824     29.36   1007336    118116       356
02:52:34 PM    880784   1181904     57.30     91716    418244    758824     29.36   1007464    118116       452
02:52:35 PM    880548   1182140     57.31     91716    418348    758824     29.36   1007556    118120       556
02:52:36 PM    880516   1182172     57.31     91716    418452    758824     29.36   1007664    118120       660
02:52:37 PM    880216   1182472     57.33     91716    418544    758824     29.36   1007772    118120       752
02:52:38 PM    880272   1182416     57.32     91724    418632    758824     29.36   1007892    118120       848
02:52:39 PM    880048   1182640     57.33     91724    418716    758824     29.36   1007964    118112       924
02:52:40 PM    880196   1182492     57.33     91724    418728    758824     29.36   1008040    118112       936
02:52:41 PM    880136   1182552     57.33     91724    418780    758824     29.36   1008092    118116       988
02:52:42 PM    879988   1182700     57.34     91724    418812    758824     29.36   1008140    118112      1020
02:52:43 PM    879960   1182728     57.34     91732    418840    758824     29.36   1008184    118112      1056
02:52:44 PM    880048   1182640     57.33     91732    418880    758824     29.36   1008268    118112      1088
02:52:45 PM    879868   1182820     57.34     91732    418920    758824     29.36   1008280    118116      1128
02:52:46 PM    879756   1182932     57.35     91732    418960    758824     29.36   1008376    118116      1168
02:52:47 PM    879804   1182884     57.35     91732    419000    758824     29.36   1008340    118120      1208
02:52:48 PM    879648   1183040     57.35     91736    419088    758824     29.36   1008380    118116      1300
02:52:49 PM    879712   1182976     57.35     91736    419100    758824     29.36   1008436    118144      1308
02:52:50 PM    879556   1183132     57.36     91736    419140    758824     29.36   1008496    118144      1348
02:52:51 PM    879524   1183164     57.36     91736    419168    758824     29.36   1008536    118144      1376
02:52:52 PM    879496   1183192     57.36     91736    419196    758824     29.36   1008572    118148      1404
02:52:53 PM    879624   1183064     57.36     91740    419236    758824     29.36   1008616    118152      1448
02:52:54 PM    879620   1183068     57.36     91740    419268    758824     29.36   1008668    118152      1476
02:52:55 PM    879528   1183160     57.36     91740    419288    758824     29.36   1008720    118144      1496
02:52:56 PM    879592   1183096     57.36     91740    419312    758824     29.36   1008756    118144      1520
02:52:57 PM    879468   1183220     57.36     91740    419332    758824     29.36   1008760    118144      1540
02:52:58 PM    879404   1183284     57.37     91744    419356    758824     29.36   1008812    118144      1568
02:52:59 PM    879280   1183408     57.37     91744    419388    758824     29.36   1008848    118148      1596
02:53:00 PM    879408   1183280     57.37     91744    419424    758824     29.36   1008896    118144      1632
02:53:01 PM    879376   1183312     57.37     91744    419460    758824     29.36   1008896    118148      1664
02:53:02 PM    879252   1183436     57.37     91744    419484    758824     29.36   1008916    118148      1692
02:53:03 PM    879160   1183528     57.38     91748    419504    758824     29.36   1008988    118148      1716
02:53:04 PM    879160   1183528     57.38     91748    419540    758824     29.36   1009056    118148      1748
02:53:05 PM    879288   1183400     57.37     91748    419568    758824     29.36   1009072    118152      1776
02:53:06 PM    879192   1183496     57.38     91748    419596    758824     29.36   1009056    118148        12
02:53:07 PM    879228   1183460     57.37     91748    419612    758824     29.36   1009116    118148        68
02:53:08 PM    879164   1183524     57.38     91748    419644    758824     29.36   1009112    118148       156
02:53:09 PM    879260   1183428     57.37     91748    419680    758824     29.36   1009188    118148       180
02:53:10 PM    879260   1183428     57.37     91748    419720    758824     29.36   1009192    118148       220
02:53:11 PM    879104   1183584     57.38     91748    419748    758824     29.36   1009220    118148       248
02:53:12 PM    879040   1183648     57.38     91748    419784    758824     29.36   1009256    118148       284
02:53:13 PM    878992   1183696     57.39     91752    419804    758824     29.36   1009476    118148       308
02:53:14 PM    879096   1183592     57.38     91752    419876    758824     29.36   1009388    118148       376
02:53:15 PM    879040   1183648     57.38     91752    419900    758824     29.36   1009348    118176       400
02:53:16 PM    879012   1183676     57.39     91752    419936    758824     29.36   1009388    118172       436
02:53:17 PM    879012   1183676     57.39     91752    419960    758824     29.36   1009424    118172       460
02:53:18 PM    878880   1183808     57.39     91756    420000    758824     29.36   1009464    118176       504
02:53:19 PM    879104   1183584     57.38     91756    420036    758824     29.36   1009504    118172       536
02:53:20 PM    879092   1183596     57.38     91756    420072    758824     29.36   1009540    118172       572
02:53:21 PM    879064   1183624     57.38     91756    420100    758824     29.36   1009572    118172       600
02:53:22 PM    878916   1183772     57.39     91756    420140    758824     29.36   1009588    118176       640
02:53:23 PM    878724   1183964     57.40     91760    420168    758824     29.36   1009624    118176       672
02:53:24 PM    878828   1183860     57.39     91760    420204    758824     29.36   1009676    118172       704
02:53:25 PM    878960   1183728     57.39     91760    420244    758824     29.36   1009732    118176       744
02:53:26 PM    878984   1183704     57.39     91760    420288    758824     29.36   1009892    118184       788
02:53:27 PM    878868   1183820     57.39     91760    420328    758824     29.36   1009848    118172       828
02:53:28 PM    878772   1183916     57.40     91760    420364    758824     29.36   1009872    118172       864
02:53:29 PM    878772   1183916     57.40     91760    420408    758824     29.36   1009932    118176       908
02:53:30 PM    878740   1183948     57.40     91760    420440    758824     29.36   1009988    118172       940
02:53:31 PM    878680   1184008     57.40     91760    420484    758824     29.36   1010020    118176       984
02:53:32 PM    878744   1183944     57.40     91760    420512    758824     29.36   1009996    118172      1012
02:53:33 PM    878712   1183976     57.40     91768    420536    758824     29.36   1010064    118172      1044
02:53:34 PM    878524   1184164     57.41     91768    420584    758824     29.36   1010112    118176      1084
02:53:35 PM    878436   1184252     57.41     91768    420624    758824     29.36   1010156    118172      1124
02:53:36 PM    878436   1184252     57.41     91768    420660    758824     29.36   1010188    118172      1156
02:53:37 PM    878624   1184064     57.40     91768    420708    758824     29.36   1010212    118172      1208
02:53:38 PM    878436   1184252     57.41     91776    420740    758824     29.36   1010308    118176      1248
02:53:39 PM    878528   1184160     57.41     91776    420788    758824     29.36   1010332    118172      1288
02:53:40 PM    878660   1184028     57.40     91776    420828    758824     29.36   1010372    118176      1328
02:53:41 PM    878536   1184152     57.41     91776    420872    758824     29.36   1010428    118172        68
02:53:42 PM    878504   1184184     57.41     91776    420916    758824     29.36   1010424    118180        92
02:53:43 PM    878220   1184468     57.42     91780    420972    758824     29.36   1010532    118184       204
02:53:44 PM    878348   1184340     57.42     91780    421008    758824     29.36   1010544    118184       224
02:53:45 PM    878300   1184388     57.42     91780    421052    758824     29.36   1010672    118184       268
02:53:46 PM    878356   1184332     57.42     91780    421088    758824     29.36   1010688    118184       308
02:53:47 PM    878348   1184340     57.42     91780    421132    758824     29.36   1010640    118184       352
02:53:48 PM    878320   1184368     57.42     91784    421168    758824     29.36   1010672    118184       392
02:53:49 PM    878188   1184500     57.43     91784    421208    758824     29.36   1010720    118184       428
02:53:50 PM    878256   1184432     57.42     91784    421252    758824     29.36   1010764    118184       472
02:53:51 PM    878292   1184396     57.42     91784    421300    758824     29.36   1010812    118184       520
02:53:52 PM    878168   1184520     57.43     91784    421336    758824     29.36   1010856    118184       556
02:53:53 PM    878168   1184520     57.43     91788    421380    758824     29.36   1010912    118184       604
02:53:54 PM    878044   1184644     57.43     91788    421416    758824     29.36   1010948    118184       636
02:53:55 PM    878168   1184520     57.43     91788    421464    758824     29.36   1011020    118188       684
02:53:56 PM    877888   1184800     57.44     91788    421500    758824     29.36   1011024    118188       720
02:53:57 PM    877952   1184736     57.44     91788    421548    758824     29.36   1011072    118184       768
02:53:58 PM    877920   1184768     57.44     91796    421584    758824     29.36   1011116    118188       812
02:53:59 PM    877796   1184892     57.44     91796    421640    758824     29.36   1011192    118184       860
02:54:00 PM    877640   1185048     57.45     91796    421684    758824     29.36   1011216    118184       904
02:54:01 PM    877668   1185020     57.45     91796    421732    758824     29.36   1011272    118184       952
02:54:02 PM    877756   1184932     57.45     91796    421768    758824     29.36   1011272    118184       988
02:54:03 PM    877544   1185144     57.46     91800    421828    758824     29.36   1011392    118184      1052
02:54:04 PM    877608   1185080     57.45     91800    421872    758824     29.36   1011432    118200      1092
02:54:05 PM    877580   1185108     57.45     91800    421908    758824     29.36   1011480    118196      1128
02:54:06 PM    877608   1185080     57.45     91800    421936    758824     29.36   1011492    118196      1156
02:54:07 PM    877548   1185140     57.46     91800    421996    758824     29.36   1011560    118196      1216
02:54:08 PM    877228   1185460     57.47     91808    422032    758824     29.36   1011604    118196      1260
02:54:09 PM    877292   1185396     57.47     91808    422088    758824     29.36   1011664    118196      1308
02:54:10 PM    877228   1185460     57.47     91808    422120    758824     29.36   1011696    118200      1340
02:54:11 PM    877260   1185428     57.47     91808    422156    758824     29.36   1011728    118200      1372
02:54:12 PM    877136   1185552     57.48     91808    422188    758824     29.36   1011772    118196      1408
02:54:13 PM    877264   1185424     57.47     91812    422224    758824     29.36   1011772    118196      1448
02:54:14 PM    877040   1185648     57.48     91812    422272    758824     29.36   1011840    118200      1492
02:54:15 PM    877048   1185640     57.48     91812    422308    758824     29.36   1012048    118196      1528
02:54:16 PM    877072   1185616     57.48     91812    422340    758824     29.36   1011888    118196         4
02:54:17 PM    877168   1185520     57.47     91812    422376    758824     29.36   1011924    118196        84
02:54:18 PM    877108   1185580     57.48     91816    422404    758824     29.36   1011968    118196       168
02:54:19 PM    877076   1185612     57.48     91816    422444    758824     29.36   1012020    118200       192
02:54:20 PM    877076   1185612     57.48     91816    422476    758824     29.36   1012020    118196       224
02:54:21 PM    876992   1185696     57.48     91816    422516    758824     29.36   1012036    118196       268
02:54:22 PM    877016   1185672     57.48     91816    422548    758824     29.36   1012104    118196       300
02:54:23 PM    877016   1185672     57.48     91820    422572    758824     29.36   1012160    118196       328
02:54:24 PM    876856   1185832     57.49     91820    422596    758824     29.36   1012044    118196       348
02:54:25 PM    876976   1185712     57.48     91820    422632    758824     29.36   1012084    118200       384
Average:       879546   1183142     57.36     91755    419839    758347     29.34   1009114    118156       842
