Linux 4.4.0-31-generic (fw-suricata) 	12/08/2017 	_i686_	(1 CPU)

04:25:24 PM  CPU    %usr   %nice    %sys %iowait    %irq   %soft  %steal  %guest  %gnice   %idle
04:25:25 PM  all    1.00    0.00   11.00    0.00    0.00    0.00    0.00    0.00    0.00   88.00
04:25:26 PM  all    1.01    0.00    5.05    0.00    0.00    0.00    0.00    0.00    0.00   93.94
04:25:27 PM  all    2.02    0.00    4.04    0.00    0.00    0.00    0.00    0.00    0.00   93.94
04:25:28 PM  all    3.06    0.00    3.06    0.00    0.00    0.00    0.00    0.00    0.00   93.88
04:25:29 PM  all    2.02    0.00    4.04    2.02    0.00    0.00    1.01    0.00    0.00   90.91
04:25:30 PM  all    1.01    0.00    4.04    0.00    0.00    0.00    0.00    0.00    0.00   94.95
04:25:31 PM  all    1.01    0.00    2.02    0.00    0.00    0.00    0.00    0.00    0.00   96.97
04:25:32 PM  all    1.00    0.00    3.00    0.00    0.00    0.00    0.00    0.00    0.00   96.00
04:25:33 PM  all    1.02    0.00    1.02    0.00    0.00    0.00    0.00    0.00    0.00   97.96
04:25:34 PM  all    1.01    0.00    2.02    2.02    0.00    0.00    1.01    0.00    0.00   93.94
04:25:35 PM  all    0.00    0.00    3.03    0.00    0.00    0.00    0.00    0.00    0.00   96.97
04:25:36 PM  all    1.03    0.00    1.03    0.00    0.00    0.00    0.00    0.00    0.00   97.94
04:25:37 PM  all    2.97    0.00    0.99    0.00    0.00    0.99    0.00    0.00    0.00   95.05
04:25:38 PM  all    1.98    0.00    2.97    0.00    0.00    0.00    0.00    0.00    0.00   95.05
04:25:39 PM  all    0.00    0.00    3.03    4.04    0.00    0.00    0.00    0.00    0.00   92.93
04:25:40 PM  all    0.00    0.00    4.00    0.00    0.00    0.00    1.00    0.00    0.00   95.00
04:25:41 PM  all    1.02    0.00    2.04    0.00    0.00    0.00    0.00    0.00    0.00   96.94
04:25:42 PM  all    0.99    0.00    2.97    0.00    0.00    0.00    0.99    0.00    0.00   95.05
04:25:43 PM  all    0.00    0.00    3.03    0.00    0.00    0.00    0.00    0.00    0.00   96.97
04:25:44 PM  all    2.02    0.00    2.02    2.02    0.00    0.00    0.00    0.00    0.00   93.94
04:25:45 PM  all    0.00    0.00    3.03    0.00    0.00    0.00    1.01    0.00    0.00   95.96
04:25:46 PM  all    0.00    0.00    3.00    0.00    0.00    0.00    1.00    0.00    0.00   96.00
04:25:47 PM  all    1.01    0.00    2.02    0.00    0.00    0.00    1.01    0.00    0.00   95.96
04:25:48 PM  all    1.02    0.00    2.04    0.00    0.00    0.00    0.00    0.00    0.00   96.94
04:25:49 PM  all    0.00    0.00    3.96    5.94    0.00    0.00    0.99    0.00    0.00   89.11
04:25:50 PM  all    1.03    0.00    2.06    0.00    0.00    0.00    0.00    0.00    0.00   96.91
04:25:51 PM  all    1.01    0.00    2.02    0.00    0.00    0.00    0.00    0.00    0.00   96.97
04:25:52 PM  all    1.00    0.00    2.00    0.00    0.00    0.00    1.00    0.00    0.00   96.00
04:25:53 PM  all    0.00    0.00    3.06    0.00    0.00    0.00    0.00    0.00    0.00   96.94
04:25:54 PM  all    0.00    0.00    3.03   17.17    0.00    0.00    0.00    0.00    0.00   79.80
04:25:55 PM  all    0.00    0.00    3.03    0.00    0.00    0.00    1.01    0.00    0.00   95.96
04:25:56 PM  all    2.00    0.00    2.00    0.00    0.00    1.00    0.00    0.00    0.00   95.00
04:25:57 PM  all    0.00    0.00    3.03    0.00    0.00    0.00    0.00    0.00    0.00   96.97
04:25:58 PM  all    3.03    0.00    1.01    0.00    0.00    0.00    1.01    0.00    0.00   94.95
04:25:59 PM  all    1.00    0.00    2.00    5.00    0.00    0.00    1.00    0.00    0.00   91.00
04:26:00 PM  all    1.01    0.00    2.02    0.00    0.00    1.01    0.00    0.00    0.00   95.96
04:26:01 PM  all    2.00    0.00    2.00    0.00    0.00    0.00    0.00    0.00    0.00   96.00
04:26:02 PM  all    1.02    0.00    2.04    0.00    0.00    0.00    1.02    0.00    0.00   95.92
04:26:03 PM  all    1.00    0.00    3.00    0.00    0.00    0.00    1.00    0.00    0.00   95.00
04:26:04 PM  all    1.01    0.00    2.02    2.02    0.00    0.00    1.01    0.00    0.00   93.94
04:26:05 PM  all    1.00    0.00    3.00    0.00    0.00    0.00    0.00    0.00    0.00   96.00
04:26:06 PM  all    0.00    0.00    3.06    0.00    0.00    0.00    0.00    0.00    0.00   96.94
04:26:07 PM  all    0.00    0.00    4.00    0.00    0.00    0.00    1.00    0.00    0.00   95.00
04:26:08 PM  all    0.00    0.00    4.00    0.00    0.00    0.00    0.00    0.00    0.00   96.00
04:26:09 PM  all    1.01    0.00    2.02    2.02    0.00    0.00    0.00    0.00    0.00   94.95
04:26:10 PM  all    0.99    0.00    3.96    0.00    0.00    0.00    0.99    0.00    0.00   94.06
04:26:11 PM  all    0.00    0.00    2.06    0.00    0.00    0.00    0.00    0.00    0.00   97.94
04:26:12 PM  all    0.99    0.00    3.96    0.00    0.00    0.00    0.00    0.00    0.00   95.05
04:26:13 PM  all    1.00    0.00    3.00    0.00    0.00    0.00    1.00    0.00    0.00   95.00
04:26:14 PM  all    0.00    0.00    4.08    1.02    0.00    0.00    0.00    0.00    0.00   94.90
04:26:15 PM  all    1.00    0.00    3.00    0.00    0.00    0.00    0.00    0.00    0.00   96.00
04:26:16 PM  all    1.01    0.00    3.03    0.00    0.00    0.00    0.00    0.00    0.00   95.96
04:26:17 PM  all    0.00    0.00    3.96    0.00    0.00    0.00    0.99    0.00    0.00   95.05
04:26:18 PM  all    1.01    0.00    3.03    0.00    0.00    0.00    0.00    0.00    0.00   95.96
04:26:19 PM  all    2.97    0.00    1.98    1.98    0.00    0.00    0.99    0.00    0.00   92.08
04:26:20 PM  all    1.01    0.00    2.02    0.00    0.00    0.00    1.01    0.00    0.00   95.96
04:26:21 PM  all    1.00    0.00    4.00    0.00    0.00    0.00    0.00    0.00    0.00   95.00
04:26:22 PM  all    0.00    0.00    3.03    0.00    0.00    0.00    1.01    0.00    0.00   95.96
04:26:23 PM  all    1.01    0.00    2.02    0.00    0.00    0.00    0.00    0.00    0.00   96.97
04:26:24 PM  all    1.01    0.00    3.03    2.02    0.00    0.00    0.00    0.00    0.00   93.94
04:26:25 PM  all    1.02    0.00    1.02    0.00    0.00    0.00    0.00    0.00    0.00   97.96
04:26:26 PM  all    2.00    0.00    3.00    0.00    0.00    0.00    0.00    0.00    0.00   95.00
04:26:27 PM  all    1.01    0.00    2.02    0.00    0.00    0.00    0.00    0.00    0.00   96.97
04:26:28 PM  all    1.02    0.00    2.04    0.00    0.00    0.00    0.00    0.00    0.00   96.94
04:26:29 PM  all    1.00    0.00    2.00   11.00    0.00    0.00    1.00    0.00    0.00   85.00
04:26:30 PM  all    0.00    0.00    4.04    0.00    0.00    0.00    0.00    0.00    0.00   95.96
04:26:31 PM  all    2.00    0.00    2.00    0.00    0.00    0.00    1.00    0.00    0.00   95.00
04:26:32 PM  all    1.01    0.00    2.02    0.00    0.00    0.00    0.00    0.00    0.00   96.97
04:26:33 PM  all    1.02    0.00    2.04    0.00    0.00    0.00    0.00    0.00    0.00   96.94
04:26:34 PM  all    1.98    0.00    2.97    4.95    0.00    0.99    0.00    0.00    0.00   89.11
04:26:35 PM  all    1.00    0.00    2.00    0.00    0.00    0.00    1.00    0.00    0.00   96.00
04:26:36 PM  all    1.02    0.00    2.04    0.00    0.00    0.00    0.00    0.00    0.00   96.94
04:26:37 PM  all    1.96    0.00    2.94    0.00    0.00    0.00    0.98    0.00    0.00   94.12
04:26:38 PM  all    1.02    0.00    2.04    0.00    0.00    0.00    0.00    0.00    0.00   96.94
04:26:39 PM  all    1.00    0.00    3.00    3.00    0.00    0.00    0.00    0.00    0.00   93.00
04:26:40 PM  all    0.00    0.00    2.06    0.00    0.00    0.00    0.00    0.00    0.00   97.94
04:26:41 PM  all    2.94    0.00    2.94    0.00    0.00    0.00    0.98    0.00    0.00   93.14
04:26:42 PM  all    0.00    0.00    3.00    0.00    0.00    0.00    1.00    0.00    0.00   96.00
04:26:43 PM  all    1.01    0.00    3.03    0.00    0.00    0.00    0.00    0.00    0.00   95.96
04:26:44 PM  all    0.00    0.00    2.02    1.01    0.00    1.01    0.00    0.00    0.00   95.96
04:26:45 PM  all    1.00    0.00    4.00    0.00    0.00    0.00    0.00    0.00    0.00   95.00
04:26:46 PM  all    1.02    0.00    2.04    0.00    0.00    0.00    0.00    0.00    0.00   96.94
04:26:47 PM  all    1.00    0.00    2.00    0.00    0.00    0.00    1.00    0.00    0.00   96.00
04:26:48 PM  all    2.00    0.00    2.00    0.00    0.00    0.00    0.00    0.00    0.00   96.00
04:26:49 PM  all    0.00    0.00    4.08    1.02    0.00    0.00    0.00    0.00    0.00   94.90
04:26:50 PM  all    1.00    0.00    2.00    0.00    0.00    0.00    1.00    0.00    0.00   96.00
04:26:51 PM  all    0.00    0.00    3.06    0.00    0.00    0.00    0.00    0.00    0.00   96.94
04:26:52 PM  all    1.00    0.00    3.00    0.00    0.00    0.00    0.00    0.00    0.00   96.00
04:26:53 PM  all    1.02    0.00    2.04    0.00    0.00    0.00    0.00    0.00    0.00   96.94
04:26:54 PM  all    2.00    0.00    2.00    3.00    0.00    0.00    0.00    0.00    0.00   93.00
04:26:55 PM  all    1.00    0.00    2.00    0.00    0.00    0.00    1.00    0.00    0.00   96.00
04:26:56 PM  all    1.98    0.00    2.97    0.00    0.00    0.00    0.00    0.00    0.00   95.05
04:26:57 PM  all    1.02    0.00    2.04    0.00    0.00    0.00    0.00    0.00    0.00   96.94
04:26:58 PM  all    0.99    0.00    2.97    0.00    0.00    0.00    0.99    0.00    0.00   95.05
04:26:59 PM  all    1.02    0.00    2.04    2.04    0.00    0.00    0.00    0.00    0.00   94.90
04:27:00 PM  all    1.96    0.00    2.94    0.00    0.00    0.00    1.96    0.00    0.00   93.14
04:27:01 PM  all    0.00    0.00    4.04    0.00    0.00    0.00    0.00    0.00    0.00   95.96
04:27:02 PM  all    1.01    0.00    2.02    0.00    0.00    0.00    0.00    0.00    0.00   96.97
04:27:03 PM  all    1.00    0.00    3.00    0.00    0.00    0.00    1.00    0.00    0.00   95.00
04:27:04 PM  all    1.01    0.00    2.02   11.11    0.00    0.00    1.01    0.00    0.00   84.85
04:27:05 PM  all    1.01    0.00    3.03    0.00    0.00    0.00    0.00    0.00    0.00   95.96
04:27:06 PM  all    2.02    0.00    2.02    0.00    0.00    0.00    0.00    0.00    0.00   95.96
04:27:07 PM  all    1.98    0.00    1.98    0.00    0.00    0.00    1.98    0.00    0.00   94.06
04:27:08 PM  all    0.99    0.00    2.97    0.00    0.00    0.00    0.99    0.00    0.00   95.05
04:27:09 PM  all    1.01    0.00    3.03    5.05    0.00    0.00    0.00    0.00    0.00   90.91
04:27:10 PM  all    1.01    0.00    2.02    0.00    0.00    0.00    1.01    0.00    0.00   95.96
04:27:11 PM  all    1.00    0.00    3.00    0.00    0.00    0.00    1.00    0.00    0.00   95.00
04:27:12 PM  all    1.01    0.00    2.02    0.00    0.00    0.00    1.01    0.00    0.00   95.96
04:27:13 PM  all    1.01    0.00    2.02    0.00    0.00    1.01    0.00    0.00    0.00   95.96
04:27:14 PM  all    0.00    0.00    2.06    1.03    0.00    0.00    2.06    0.00    0.00   94.85
04:27:15 PM  all    2.91    0.00    1.94    0.00    0.00    0.00    1.94    0.00    0.00   93.20
04:27:16 PM  all    1.02    0.00    1.02    0.00    0.00    0.00    1.02    0.00    0.00   96.94
04:27:17 PM  all    2.02    0.00    2.02    0.00    0.00    0.00    0.00    0.00    0.00   95.96
04:27:18 PM  all    1.01    0.00    2.02    0.00    0.00    0.00    0.00    0.00    0.00   96.97
04:27:19 PM  all    1.01    0.00    3.03    1.01    0.00    0.00    1.01    0.00    0.00   93.94
04:27:20 PM  all    1.01    0.00    2.02    0.00    0.00    0.00    1.01    0.00    0.00   95.96
04:27:21 PM  all    0.00    0.00    3.00    0.00    0.00    0.00    1.00    0.00    0.00   96.00
04:27:22 PM  all    0.99    0.00    2.97    0.00    0.00    0.00    1.98    0.00    0.00   94.06
04:27:23 PM  all    1.01    0.00    2.02    0.00    0.00    1.01    0.00    0.00    0.00   95.96
04:27:24 PM  all    1.01    0.00    2.02    3.03    0.00    0.00    0.00    0.00    0.00   93.94
04:27:25 PM  all    0.00    0.00    3.03    0.00    0.00    0.00    0.00    0.00    0.00   96.97
04:27:26 PM  all    0.00    0.00    3.03    0.00    0.00    0.00    1.01    0.00    0.00   95.96
04:27:27 PM  all    1.01    0.00    2.02    0.00    0.00    0.00    0.00    0.00    0.00   96.97
04:27:28 PM  all    0.00    0.00    3.96    0.00    0.00    0.00    1.98    0.00    0.00   94.06
04:27:29 PM  all    1.00    0.00    3.00    2.00    0.00    0.00    1.00    0.00    0.00   93.00
04:27:30 PM  all    1.01    0.00    4.04    0.00    0.00    0.00    0.00    0.00    0.00   94.95
04:27:31 PM  all    1.02    0.00    3.06    0.00    0.00    0.00    0.00    0.00    0.00   95.92
04:27:32 PM  all    2.00    0.00    3.00    0.00    0.00    0.00    0.00    0.00    0.00   95.00
04:27:33 PM  all    1.98    0.00    4.95    0.00    0.00    0.00    0.99    0.00    0.00   92.08
04:27:34 PM  all    2.00    0.00    5.00    1.00    0.00    1.00    0.00    0.00    0.00   91.00
04:27:35 PM  all    2.04    0.00    3.06    0.00    0.00    0.00    0.00    0.00    0.00   94.90
04:27:36 PM  all    1.01    0.00    4.04    0.00    0.00    0.00    0.00    0.00    0.00   94.95
04:27:37 PM  all    1.01    0.00    4.04    0.00    0.00    0.00    0.00    0.00    0.00   94.95
04:27:38 PM  all    0.00    0.00    3.03    0.00    0.00    0.00    1.01    0.00    0.00   95.96
04:27:39 PM  all    2.00    0.00    4.00   13.00    0.00    0.00    0.00    0.00    0.00   81.00
04:27:40 PM  all    1.98    0.00    3.96    0.00    0.00    0.99    0.00    0.00    0.00   93.07
04:27:41 PM  all    0.00    0.00    4.08    0.00    0.00    0.00    0.00    0.00    0.00   95.92
04:27:42 PM  all    1.02    0.00    3.06    0.00    0.00    0.00    0.00    0.00    0.00   95.92
04:27:43 PM  all    1.98    0.00    3.96    0.00    0.00    0.00    0.00    0.00    0.00   94.06
04:27:44 PM  all    2.00    0.00    5.00    6.00    0.00    0.00    0.00    0.00    0.00   87.00
Average:     all    1.04    0.00    2.83    0.83    0.00    0.06    0.42    0.00    0.00   94.82
