Linux 4.4.0-31-generic (fw-suricata) 	12/08/2017 	_i686_	(1 CPU)

03:09:52 PM  CPU    %usr   %nice    %sys %iowait    %irq   %soft  %steal  %guest  %gnice   %idle
03:09:53 PM  all    1.98    0.00    8.91    0.00    0.00    0.99    0.99    0.00    0.00   87.13
03:09:54 PM  all    1.00    0.00    3.00    2.00    0.00    0.00    0.00    0.00    0.00   94.00
03:09:55 PM  all    0.00    0.00    4.04    0.00    0.00    0.00    0.00    0.00    0.00   95.96
03:09:56 PM  all    1.01    0.00    4.04    0.00    0.00    0.00    0.00    0.00    0.00   94.95
03:09:57 PM  all    0.00    0.00    4.04    0.00    0.00    0.00    0.00    0.00    0.00   95.96
03:09:58 PM  all    1.98    0.00    1.98    0.00    0.00    0.00    1.98    0.00    0.00   94.06
03:09:59 PM  all    0.00    0.00    4.04    5.05    0.00    0.00    0.00    0.00    0.00   90.91
03:10:00 PM  all    2.00    0.00    1.00    0.00    0.00    0.00    1.00    0.00    0.00   96.00
03:10:01 PM  all    1.98    0.00    2.97    0.00    0.00    0.00    1.98    0.00    0.00   93.07
03:10:02 PM  all    1.00    0.00    2.00    0.00    0.00    0.00    1.00    0.00    0.00   96.00
03:10:03 PM  all    1.00    0.00    4.00    0.00    0.00    0.00    0.00    0.00    0.00   95.00
03:10:04 PM  all    0.00    0.00    3.96    9.90    0.00    0.00    0.99    0.00    0.00   85.15
03:10:05 PM  all    0.00    0.00    2.04    0.00    0.00    0.00    1.02    0.00    0.00   96.94
03:10:06 PM  all    1.96    0.00    1.96    0.00    0.00    0.00    1.96    0.00    0.00   94.12
03:10:07 PM  all    0.00    0.00    3.03    0.00    0.00    0.00    1.01    0.00    0.00   95.96
03:10:08 PM  all    0.00    0.00    2.97    0.00    0.00    0.00    1.98    0.00    0.00   95.05
03:10:09 PM  all    1.01    0.00    3.03    1.01    0.00    0.00    0.00    0.00    0.00   94.95
03:10:10 PM  all    0.99    0.00    2.97    0.00    0.00    0.00    1.98    0.00    0.00   94.06
03:10:11 PM  all    1.01    0.00    2.02    0.00    0.00    0.00    1.01    0.00    0.00   95.96
03:10:12 PM  all    0.99    0.00    2.97    0.00    0.00    0.00    0.99    0.00    0.00   95.05
03:10:13 PM  all    1.00    0.00    3.00    0.00    0.00    0.00    1.00    0.00    0.00   95.00
03:10:14 PM  all    1.00    0.00    3.00    2.00    0.00    0.00    0.00    0.00    0.00   94.00
03:10:15 PM  all    1.00    0.00    3.00    0.00    0.00    0.00    1.00    0.00    0.00   95.00
03:10:16 PM  all    0.00    0.00    3.96    0.00    0.00    0.00    1.98    0.00    0.00   94.06
03:10:17 PM  all    1.00    0.00    3.00    0.00    0.00    0.00    0.00    0.00    0.00   96.00
03:10:18 PM  all    3.00    0.00    1.00    0.00    0.00    0.00    0.00    0.00    0.00   96.00
03:10:19 PM  all    1.00    0.00    4.00    2.00    0.00    0.00    1.00    0.00    0.00   92.00
03:10:20 PM  all    1.00    0.00    3.00    0.00    0.00    0.00    1.00    0.00    0.00   95.00
03:10:21 PM  all    2.97    0.00    1.98    0.00    0.00    0.00    0.99    0.00    0.00   94.06
03:10:22 PM  all    1.00    0.00    3.00    0.00    0.00    0.00    0.00    0.00    0.00   96.00
03:10:23 PM  all    2.00    0.00    2.00    0.00    0.00    0.00    1.00    0.00    0.00   95.00
03:10:24 PM  all    0.98    0.00    2.94    3.92    0.00    0.00    0.98    0.00    0.00   91.18
03:10:25 PM  all    2.94    0.00    2.94    0.00    0.00    0.00    0.98    0.00    0.00   93.14
03:10:26 PM  all    1.00    0.00    3.00    0.00    0.00    0.00    1.00    0.00    0.00   95.00
03:10:27 PM  all    0.00    0.00    4.00    0.00    0.00    0.00    1.00    0.00    0.00   95.00
03:10:28 PM  all    0.00    0.00    3.06    0.00    0.00    0.00    0.00    0.00    0.00   96.94
03:10:29 PM  all    1.98    0.00    1.98    9.90    0.00    0.00    1.98    0.00    0.00   84.16
03:10:30 PM  all    0.00    0.00    3.03    0.00    0.00    0.00    0.00    0.00    0.00   96.97
03:10:31 PM  all    2.02    0.00    1.01    0.00    0.00    0.00    1.01    0.00    0.00   95.96
03:10:32 PM  all    1.00    0.00    2.00    0.00    0.00    0.00    1.00    0.00    0.00   96.00
03:10:33 PM  all    2.02    0.00    1.01    0.00    0.00    0.00    2.02    0.00    0.00   94.95
03:10:34 PM  all    0.99    0.00    2.97    1.98    0.00    0.00    0.99    0.00    0.00   93.07
03:10:35 PM  all    1.00    0.00    2.00    0.00    0.00    0.00    1.00    0.00    0.00   96.00
03:10:36 PM  all    1.00    0.00    2.00    0.00    0.00    0.00    2.00    0.00    0.00   95.00
03:10:37 PM  all    1.98    0.00    1.98    0.00    0.00    0.00    1.98    0.00    0.00   94.06
03:10:38 PM  all    1.00    0.00    2.00    0.00    0.00    0.00    1.00    0.00    0.00   96.00
03:10:39 PM  all    0.00    0.00    4.00    2.00    0.00    0.00    1.00    0.00    0.00   93.00
03:10:40 PM  all    0.99    0.00    2.97    0.00    0.00    0.00    1.98    0.00    0.00   94.06
03:10:41 PM  all    0.00    0.00    4.00    0.00    0.00    0.00    1.00    0.00    0.00   95.00
03:10:42 PM  all    0.99    0.00    3.96    0.00    0.00    0.00    0.99    0.00    0.00   94.06
03:10:43 PM  all    0.00    0.00    3.06    0.00    0.00    0.00    1.02    0.00    0.00   95.92
03:10:44 PM  all    1.96    0.00    2.94    1.96    0.00    0.00    1.96    0.00    0.00   91.18
03:10:45 PM  all    1.01    0.00    2.02    0.00    0.00    0.00    1.01    0.00    0.00   95.96
03:10:46 PM  all    0.00    0.00    3.00    0.00    0.00    0.00    1.00    0.00    0.00   96.00
03:10:47 PM  all    1.98    0.00    3.96    0.00    0.00    0.00    0.00    0.00    0.00   94.06
03:10:48 PM  all    1.00    0.00    2.00    0.00    0.00    0.00    2.00    0.00    0.00   95.00
03:10:49 PM  all    0.00    0.00    2.02    2.02    0.00    0.00    1.01    0.00    0.00   94.95
03:10:50 PM  all    1.00    0.00    2.00    0.00    0.00    0.00    2.00    0.00    0.00   95.00
03:10:51 PM  all    0.99    0.00    3.96    0.00    0.00    0.00    0.99    0.00    0.00   94.06
03:10:52 PM  all    2.00    0.00    3.00    0.00    0.00    0.00    1.00    0.00    0.00   94.00
03:10:53 PM  all    0.00    0.00    3.00    0.00    0.00    0.00    1.00    0.00    0.00   96.00
03:10:54 PM  all    1.00    0.00    2.00    2.00    0.00    1.00    1.00    0.00    0.00   93.00
03:10:55 PM  all    2.00    0.00    3.00    0.00    0.00    0.00    0.00    0.00    0.00   95.00
03:10:56 PM  all    0.99    0.00    2.97    0.00    0.00    0.00    1.98    0.00    0.00   94.06
03:10:57 PM  all    2.00    0.00    2.00    0.00    0.00    0.00    0.00    0.00    0.00   96.00
03:10:58 PM  all    1.00    0.00    3.00    0.00    0.00    1.00    0.00    0.00    0.00   95.00
03:10:59 PM  all    1.96    0.00    2.94    3.92    0.00    0.00    0.98    0.00    0.00   90.20
03:11:00 PM  all    1.01    0.00    2.02    0.00    0.00    0.00    1.01    0.00    0.00   95.96
03:11:01 PM  all    0.99    0.00    2.97    0.00    0.00    0.00    1.98    0.00    0.00   94.06
03:11:02 PM  all    1.00    0.00    3.00    0.00    0.00    1.00    0.00    0.00    0.00   95.00
03:11:03 PM  all    1.98    0.00    1.98    0.00    0.00    0.00    1.98    0.00    0.00   94.06
03:11:04 PM  all    2.00    0.00    3.00   12.00    0.00    0.00    1.00    0.00    0.00   82.00
03:11:05 PM  all    0.99    0.00    2.97    0.00    0.00    0.00    0.99    0.00    0.00   95.05
03:11:06 PM  all    0.99    0.00    3.96    0.00    0.00    0.00    0.99    0.00    0.00   94.06
03:11:07 PM  all    1.01    0.00    3.03    0.00    0.00    0.00    0.00    0.00    0.00   95.96
03:11:08 PM  all    0.99    0.00    2.97    0.00    0.00    0.00    1.98    0.00    0.00   94.06
03:11:09 PM  all    0.00    0.00    3.03    2.02    0.00    0.00    1.01    0.00    0.00   93.94
03:11:10 PM  all    1.01    0.00    2.02    0.00    0.00    0.00    0.00    0.00    0.00   96.97
03:11:11 PM  all    1.01    0.00    2.02    0.00    0.00    0.00    1.01    0.00    0.00   95.96
03:11:12 PM  all    2.00    0.00    2.00    0.00    0.00    0.00    1.00    0.00    0.00   95.00
03:11:13 PM  all    0.00    0.00    3.00    0.00    0.00    0.00    1.00    0.00    0.00   96.00
03:11:14 PM  all    0.99    0.00    3.96    1.98    0.00    0.00    0.99    0.00    0.00   92.08
03:11:15 PM  all    1.01    0.00    2.02    0.00    0.00    0.00    1.01    0.00    0.00   95.96
03:11:16 PM  all    0.99    0.00    3.96    0.00    0.00    0.00    0.99    0.00    0.00   94.06
03:11:17 PM  all    0.98    0.00    3.92    0.00    0.00    0.00    1.96    0.00    0.00   93.14
03:11:18 PM  all    1.01    0.00    3.03    0.00    0.00    0.00    0.00    0.00    0.00   95.96
03:11:19 PM  all    0.99    0.00    3.96    1.98    0.00    0.00    0.99    0.00    0.00   92.08
03:11:20 PM  all    1.98    0.00    1.98    0.00    0.00    0.00    0.99    0.00    0.00   95.05
03:11:21 PM  all    0.99    0.00    2.97    0.00    0.00    0.00    0.99    0.00    0.00   95.05
03:11:22 PM  all    0.00    0.00    3.06    0.00    0.00    0.00    1.02    0.00    0.00   95.92
03:11:23 PM  all    1.98    0.00    1.98    0.00    0.00    0.00    0.99    0.00    0.00   95.05
03:11:24 PM  all    1.01    0.00    2.02    2.02    0.00    0.00    2.02    0.00    0.00   92.93
03:11:25 PM  all    1.00    0.00    2.00    0.00    0.00    0.00    1.00    0.00    0.00   96.00
03:11:26 PM  all    0.00    0.00    3.03    0.00    0.00    0.00    1.01    0.00    0.00   95.96
03:11:27 PM  all    1.00    0.00    3.00    0.00    0.00    0.00    1.00    0.00    0.00   95.00
03:11:28 PM  all    2.00    0.00    1.00    0.00    0.00    0.00    1.00    0.00    0.00   96.00
03:11:29 PM  all    2.97    0.00    1.98    1.98    0.00    0.00    0.99    0.00    0.00   92.08
03:11:30 PM  all    1.01    0.00    2.02    0.00    0.00    0.00    1.01    0.00    0.00   95.96
03:11:31 PM  all    0.99    0.00    2.97    0.00    0.00    0.99    0.99    0.00    0.00   94.06
03:11:32 PM  all    1.01    0.00    2.02    0.00    0.00    0.00    0.00    0.00    0.00   96.97
03:11:33 PM  all    1.98    0.00    2.97    0.00    0.00    0.00    0.99    0.00    0.00   94.06
03:11:34 PM  all    1.01    0.00    1.01    5.05    0.00    0.00    1.01    0.00    0.00   91.92
03:11:35 PM  all    0.00    0.00    3.00    0.00    0.00    0.00    1.00    0.00    0.00   96.00
03:11:36 PM  all    2.00    0.00    2.00    0.00    0.00    1.00    1.00    0.00    0.00   94.00
03:11:37 PM  all    0.00    0.00    3.06    0.00    0.00    0.00    0.00    0.00    0.00   96.94
03:11:38 PM  all    0.99    0.00    1.98    0.00    0.00    0.00    1.98    0.00    0.00   95.05
03:11:39 PM  all    0.00    0.00    3.00   11.00    0.00    0.00    2.00    0.00    0.00   84.00
03:11:40 PM  all    1.00    0.00    3.00    0.00    0.00    0.00    1.00    0.00    0.00   95.00
03:11:41 PM  all    2.02    0.00    1.01    0.00    0.00    0.00    1.01    0.00    0.00   95.96
03:11:42 PM  all    2.02    0.00    1.01    0.00    0.00    0.00    1.01    0.00    0.00   95.96
03:11:43 PM  all    0.00    0.00    2.97    0.00    0.00    0.00    1.98    0.00    0.00   95.05
03:11:44 PM  all    2.04    0.00    2.04    1.02    0.00    0.00    0.00    0.00    0.00   94.90
03:11:45 PM  all    0.00    0.00    3.96    0.00    0.00    0.00    0.99    0.00    0.00   95.05
03:11:46 PM  all    0.99    0.00    1.98    0.00    0.00    0.99    0.99    0.00    0.00   95.05
03:11:47 PM  all    0.99    0.00    3.96    0.00    0.00    0.00    0.99    0.00    0.00   94.06
03:11:48 PM  all    2.02    0.00    1.01    0.00    0.00    0.00    1.01    0.00    0.00   95.96
03:11:49 PM  all    0.99    0.00    2.97    3.96    0.00    0.00    0.99    0.00    0.00   91.09
03:11:50 PM  all    1.01    0.00    3.03    0.00    0.00    0.00    0.00    0.00    0.00   95.96
03:11:51 PM  all    0.99    0.00    2.97    0.00    0.00    0.00    0.99    0.00    0.00   95.05
03:11:52 PM  all    1.00    0.00    3.00    0.00    0.00    0.00    1.00    0.00    0.00   95.00
03:11:53 PM  all    0.99    0.00    2.97    0.00    0.00    0.00    1.98    0.00    0.00   94.06
03:11:54 PM  all    0.00    0.00    4.95   12.87    0.00    0.00    0.00    0.00    0.00   82.18
03:11:55 PM  all    0.98    0.00    2.94   41.18    0.00    0.98    1.96    0.00    0.00   51.96
03:11:56 PM  all    0.00    0.00    2.02    0.00    0.00    0.00    1.01    0.00    0.00   96.97
03:11:57 PM  all    0.00    0.00    3.96    0.00    0.00    0.00    0.99    0.00    0.00   95.05
03:11:58 PM  all    2.02    0.00    2.02    0.00    0.00    0.00    0.00    0.00    0.00   95.96
03:11:59 PM  all    0.00    0.00    4.04    2.02    0.00    0.00    0.00    0.00    0.00   93.94
03:12:00 PM  all    2.02    0.00    2.02    0.00    0.00    0.00    0.00    0.00    0.00   95.96
03:12:01 PM  all    2.02    0.00    3.03    0.00    0.00    0.00    0.00    0.00    0.00   94.95
03:12:02 PM  all    1.98    0.00    4.95    0.00    0.00    0.00    0.00    0.00    0.00   93.07
03:12:03 PM  all    2.00    0.00    4.00    0.00    0.00    0.00    0.00    0.00    0.00   94.00
03:12:04 PM  all    1.00    0.00    4.00    3.00    0.00    0.00    0.00    0.00    0.00   92.00
03:12:05 PM  all    1.01    0.00    3.03    0.00    0.00    0.00    1.01    0.00    0.00   94.95
03:12:06 PM  all    1.00    0.00    3.00    0.00    0.00    1.00    0.00    0.00    0.00   95.00
03:12:07 PM  all    1.01    0.00    2.02    0.00    0.00    0.00    0.00    0.00    0.00   96.97
03:12:08 PM  all    2.00    0.00    3.00    0.00    0.00    0.00    0.00    0.00    0.00   95.00
03:12:09 PM  all    1.02    0.00    3.06    3.06    0.00    0.00    0.00    0.00    0.00   92.86
03:12:10 PM  all    1.96    0.00    5.88    0.00    0.00    0.00    0.00    0.00    0.00   92.16
03:12:11 PM  all    1.00    0.00    4.00    0.00    0.00    0.00    1.00    0.00    0.00   94.00
03:12:12 PM  all    1.98    0.00    3.96    0.00    0.00    0.00    0.00    0.00    0.00   94.06
Average:     all    1.10    0.00    2.87    1.11    0.00    0.06    0.90    0.00    0.00   93.95
