Linux 4.4.0-31-generic (dpi-suricata) 	12/08/2017 	_i686_	(1 CPU)

05:43:27 PM kbmemfree kbmemused  %memused kbbuffers  kbcached  kbcommit   %commit  kbactive   kbinact   kbdirty
05:43:28 PM    133060   1929628     93.55     72544    710032   1237200     47.86   1058356    801324       752
05:43:29 PM    132868   1929820     93.56     72544    710088   1237200     47.86   1058436    801308       808
05:43:30 PM    133052   1929636     93.55     72544    710216   1237200     47.86   1058568    801304       936
05:43:31 PM    132812   1929876     93.56     72544    710304   1237200     47.86   1058660    801304      1024
05:43:32 PM    132620   1930068     93.57     72544    710412   1237200     47.86   1058780    801304      1132
05:43:33 PM    131556   1931132     93.62     72552    710528   1237200     47.86   1059948    801300      1248
05:43:34 PM    130928   1931760     93.65     72552    710640   1237200     47.86   1060644    801300      1360
05:43:35 PM    421276   1641412     79.58     72552    710708    993368     38.43    775092    801300      1432
05:43:36 PM    419600   1643088     79.66     72568    710780    993368     38.43    776624    801300      1004
05:43:37 PM    417340   1645348     79.77     72568    710848    993368     38.43    778560    801296      1072
05:43:38 PM    416392   1646296     79.81     72572    710920    993368     38.43    780000    801296      1200
05:43:39 PM    414440   1648248     79.91     72572    710992    993368     38.43    782092    801296      1272
05:43:40 PM    412392   1650296     80.01     72572    711072    993368     38.43    784132    801296      1356
05:43:41 PM    410564   1652124     80.10     72572    711160    993368     38.43    785936    801300      1444
05:43:42 PM    408984   1653704     80.17     72572    711248    993368     38.43    787456    801300      1532
05:43:43 PM    406876   1655812     80.27     72580    711344    993368     38.43    789488    801308      1628
05:43:44 PM    404892   1657796     80.37     72580    711440    993368     38.43    791476    801300      1724
05:43:45 PM    402392   1660296     80.49     72580    711540    993368     38.43    794136    801300      1824
05:43:46 PM    399664   1663024     80.62     72580    711656    993368     38.43    796928    801300      1940
05:43:47 PM    396688   1666000     80.77     72580    711720    993368     38.43    799544    801300      2004
05:43:48 PM    394876   1667812     80.86     72588    711868    993368     38.43    801180    801296      2152
05:43:49 PM    392148   1670540     80.99     72588    711964    993368     38.43    804040    801296      2248
05:43:50 PM    389388   1673300     81.12     72588    712028    993368     38.43    806768    801300      2312
05:43:51 PM    387116   1675572     81.23     72588    712080    993368     38.43    809252    801300      2364
05:43:52 PM    385172   1677516     81.33     72588    712136    993368     38.43    811200    801296      2420
05:43:53 PM    384180   1678508     81.37     72596    712160    993368     38.43    812072    801296      2444
05:43:54 PM    383676   1679012     81.40     72596    712200    993368     38.43    812400    801296      2484
05:43:55 PM    383064   1679624     81.43     72596    712256    993368     38.43    813116    801296      2540
05:43:56 PM    382072   1680616     81.48     72596    712296    993368     38.43    814272    801296      2556
05:43:57 PM    380576   1682112     81.55     72596    712320    993368     38.43    815880    801296      2580
05:43:58 PM    379476   1683212     81.60     72600    712388    993368     38.43    816336    801304      2648
05:43:59 PM    378584   1684104     81.65     72600    712420    993368     38.43    817500    801296      2680
05:44:01 PM    377088   1685600     81.72     72600    712484    993368     38.43    819004    801300      2744
05:44:02 PM    376500   1686188     81.75     72600    712520    993368     38.43    819656    801296        80
05:44:03 PM    375756   1686932     81.78     72600    712544    993368     38.43    820748    801296       148
05:44:04 PM    374144   1688544     81.86     72608    712592    993368     38.43    822248    801304       200
05:44:05 PM    373896   1688792     81.87     72608    712612    993368     38.43    822276    801304       220
05:44:06 PM    373888   1688800     81.87     72608    712624    993368     38.43    822436    801300       232
05:44:07 PM    373772   1688916     81.88     72608    712652    993368     38.43    822608    801300       260
05:44:08 PM    373532   1689156     81.89     72608    712676    993368     38.43    822820    801300       284
05:44:09 PM    372912   1689776     81.92     72616    712700    993368     38.43    823312    801300       312
05:44:10 PM    371716   1690972     81.98     72616    712724    993368     38.43    824108    801304       336
05:44:11 PM    371376   1691312     82.00     72616    712756    993368     38.43    824756    801300       368
05:44:12 PM    371400   1691288     81.99     72616    712772    993368     38.43    824800    801300       280
05:44:13 PM    371096   1691592     82.01     72616    712800    993368     38.43    824800    801304       308
05:44:14 PM    371160   1691528     82.01     72620    712812    993368     38.43    825008    801300       340
05:44:15 PM    371036   1691652     82.01     72620    712832    993368     38.43    825104    801300       360
05:44:16 PM    370668   1692020     82.03     72620    712864    993368     38.43    825348    801300       392
05:44:17 PM    370840   1691848     82.02     72620    712892    993368     38.43    825192    801304       420
05:44:18 PM    370880   1691808     82.02     72620    712908    993368     38.43    825200    801300       436
05:44:19 PM    370756   1691932     82.03     72624    712948    993368     38.43    825512    801304       480
05:44:20 PM    370188   1692500     82.05     72624    712964    993368     38.43    825848    801300       496
05:44:21 PM    369792   1692896     82.07     72624    712988    993368     38.43    826252    801304       520
05:44:22 PM    369592   1693096     82.08     72624    713008    993368     38.43    826872    801300       540
05:44:23 PM    369604   1693084     82.08     72624    713036    993368     38.43    826640    801300       568
05:44:24 PM    369636   1693052     82.08     72632    713056    993368     38.43    826864    801300       588
05:44:25 PM    369232   1693456     82.10     72632    713080    993368     38.43    827268    801300       612
05:44:26 PM    368892   1693796     82.12     72632    713112    993368     38.43    827616    801296       644
05:44:27 PM    368552   1694136     82.13     72632    713136    993368     38.43    827712    801300       668
05:44:28 PM    368488   1694200     82.14     72632    713156    993368     38.43    827752    801300       688
05:44:29 PM    368480   1694208     82.14     72636    713176    993368     38.43    827984    801296       708
05:44:30 PM    367936   1694752     82.16     72636    713196    993368     38.43    828596    801296       728
05:44:31 PM    367628   1695060     82.18     72636    713220    993368     38.43    828676    801296       752
05:44:32 PM    367536   1695152     82.18     72636    713240    993368     38.43    829004    801296        68
05:44:33 PM    366920   1695768     82.21     72636    713280    993368     38.43    829568    801300        88
05:44:34 PM    366932   1695756     82.21     72640    713296    993368     38.43    829480    801300       140
05:44:35 PM    366752   1695936     82.22     72640    713324    993368     38.43    829508    801304       168
05:44:36 PM    366536   1696152     82.23     72640    713340    993368     38.43    829556    801300       184
05:44:37 PM    366444   1696244     82.23     72640    713364    993368     38.43    829616    801304       208
05:44:38 PM    366412   1696276     82.24     72640    713384    993368     38.43    829656    801300       228
05:44:39 PM    366436   1696252     82.24     72644    713404    993368     38.43    829880    801300       248
05:44:40 PM    366276   1696412     82.24     72644    713424    993368     38.43    829800    801300       268
05:44:41 PM    364048   1698640     82.35     72644    713464    993368     38.43    831868    801308       308
05:44:42 PM    364144   1698544     82.35     72644    713488    993368     38.43    831924    801308       332
05:44:43 PM    363960   1698728     82.36     72644    713504    993368     38.43    832356    801300       348
05:44:44 PM    363596   1699092     82.37     72652    713524    993368     38.43    832584    801300       368
05:44:45 PM    363384   1699304     82.38     72652    713552    993368     38.43    832904    801300       396
05:44:46 PM    363464   1699224     82.38     72652    713596    993368     38.43    832960    801304       440
05:44:47 PM    363316   1699372     82.39     72652    713624    993368     38.43    832936    801300       468
05:44:48 PM    363068   1699620     82.40     72652    713672    993368     38.43    833264    801296       516
05:44:49 PM    362852   1699836     82.41     72656    713716    993368     38.43    833360    801300       560
05:44:50 PM    362820   1699868     82.41     72656    713760    993368     38.43    833572    801300       604
05:44:51 PM    362444   1700244     82.43     72656    713788    993368     38.43    833928    801300       632
05:44:52 PM    361816   1700872     82.46     72656    713836    993368     38.43    834556    801304         0
05:44:53 PM    361824   1700864     82.46     72656    713860    993368     38.43    834584    801300        68
05:44:54 PM    361532   1701156     82.47     72664    713964    993368     38.43    834744    801300       204
05:44:55 PM    361472   1701216     82.48     72664    714052    993368     38.43    834924    801300       296
05:44:56 PM    361100   1701588     82.49     72664    714140    993368     38.43    835256    801296       384
05:44:57 PM    360676   1702012     82.51     72664    714156    993368     38.43    835628    801300       400
05:44:58 PM    360476   1702212     82.52     72664    714280    993368     38.43    835844    801300       524
05:44:59 PM    360288   1702400     82.53     72668    714324    993368     38.43    835872    801304       572
05:45:00 PM    360312   1702376     82.53     72668    714424    993368     38.43    836072    801300       672
05:45:01 PM    359904   1702784     82.55     72668    714512    993368     38.43    836216    801296       760
05:45:02 PM    359812   1702876     82.56     72668    714628    993368     38.43    836280    801296       884
05:45:03 PM    359804   1702884     82.56     72668    714716    993368     38.43    836408    801296       972
05:45:04 PM    359844   1702844     82.55     72676    714740    993368     38.43    836564    801300      1024
05:45:05 PM    359472   1703216     82.57     72676    714892    993368     38.43    836764    801300      1176
05:45:06 PM    358908   1703780     82.60     72676    714984    993368     38.43    837408    801300      1268
05:45:07 PM    358724   1703964     82.61     72676    715080    993368     38.43    837552    801308      1364
05:45:08 PM    358592   1704096     82.62     72676    715184    993368     38.43    837664    801300      1468
05:45:09 PM    357948   1704740     82.65     72684    715248    993368     38.43    838268    801296      1532
05:45:10 PM    357320   1705368     82.68     72684    715352    993368     38.43    838864    801296      1636
05:45:11 PM    356936   1705752     82.70     72684    715520    993368     38.43    839140    801300      1804
05:45:12 PM    356564   1706124     82.71     72684    715536    993368     38.43    839496    801300      1820
05:45:13 PM    356032   1706656     82.74     72684    715688    993368     38.43    839724    801300      1972
05:45:14 PM    355568   1707120     82.76     72688    715840    993368     38.43    840332    801300      2124
05:45:15 PM    355312   1707376     82.77     72688    715908    993368     38.43    840580    801300      2192
05:45:16 PM    355228   1707460     82.78     72688    716012    993368     38.43    840696    801304      2296
05:45:17 PM    354484   1708204     82.81     72688    716120    993368     38.43    841396    801296      2404
05:45:18 PM    354236   1708452     82.83     72688    716268    993368     38.43    841916    801304      2552
05:45:19 PM    353860   1708828     82.84     72696    716416    993368     38.43    842112    801300      2700
05:45:20 PM    352248   1710440     82.92     72696    716508    993368     38.43    844056    801300      2792
05:45:21 PM    349856   1712832     83.04     72696    716664    993368     38.43    846016    801304      2948
05:45:22 PM    346804   1715884     83.19     72696    716792    993368     38.43    849224    801304       648
05:45:23 PM    344076   1718612     83.32     72696    716960    993368     38.43    851892    801304       756
05:45:24 PM    342308   1720380     83.40     72704    717060    993368     38.43    853820    801296       856
05:45:25 PM    340604   1722084     83.49     72704    717128    993368     38.43    855580    801296       924
05:45:26 PM    338960   1723728     83.57     72704    717240    993368     38.43    857188    801296      1036
05:45:27 PM    337132   1725556     83.66     72704    717372    993368     38.43    859044    801296       552
05:45:28 PM    335768   1726920     83.72     72704    717504    993368     38.43    860640    801296       672
05:45:29 PM    333660   1729028     83.82     72708    717632    993368     38.43    862580    801296       832
05:45:30 PM    331676   1731012     83.92     72708    717696    993368     38.43    864444    801296       896
05:45:31 PM    330120   1732568     84.00     72708    717808    993368     38.43    866064    801296      1008
05:45:32 PM    328508   1734180     84.07     72708    717864    993368     38.43    867460    801300      1068
05:45:33 PM    327256   1735432     84.13     72708    718068    993368     38.43    868540    801300      1264
05:45:34 PM    327020   1735668     84.15     72712    718132    993368     38.43    868656    801304      1328
05:45:35 PM    327020   1735668     84.15     72712    718220    993368     38.43    868760    801296      1416
05:45:36 PM    326980   1735708     84.15     72712    718324    993368     38.43    868868    801300      1520
05:45:37 PM    326888   1735800     84.15     72712    718448    993368     38.43    868936    801296      1644
05:45:38 PM    326772   1735916     84.16     72712    718528    993368     38.43    869024    801300      1724
05:45:39 PM    326724   1735964     84.16     72716    718616    993368     38.43    869208    801304      1812
05:45:40 PM    326492   1736196     84.17     72716    718716    993368     38.43    869300    801300      1912
05:45:41 PM    315444   1747244     84.71     72716    718824    993368     38.43    880128    801300      2020
05:45:42 PM    315380   1747308     84.71     72716    718924    993368     38.43    880188    801300      2120
05:45:43 PM    315440   1747248     84.71     72716    719016    993368     38.43    880312    801304      2212
05:45:44 PM    315472   1747216     84.71     72720    719108    993368     38.43    880376    801300      2304
05:45:45 PM    315340   1747348     84.71     72720    719196    993368     38.43    880464    801300      2392
05:45:46 PM    315308   1747380     84.71     72720    719272    993368     38.43    880624    801300      2468
05:45:47 PM    315232   1747456     84.72     72720    719372    993368     38.43    880644    801296      2568
05:45:48 PM    315192   1747496     84.72     72720    719464    993368     38.43    880620    801300      2660
Average:       351959   1710729     82.94     72643    714118   1005560     38.90    843979    801300      1142
