Linux 4.4.0-31-generic (fw-suricata) 	12/08/2017 	_i686_	(1 CPU)

05:43:27 PM kbmemfree kbmemused  %memused kbbuffers  kbcached  kbcommit   %commit  kbactive   kbinact   kbdirty
05:43:28 PM    635820   1426868     69.18    110124   1044220    744916     28.82   1248812    114828      1160
05:43:29 PM    635712   1426976     69.18    110124   1044276    744916     28.82   1248896    114812      1216
05:43:30 PM    635728   1426960     69.18    110124   1044336    744916     28.82   1248956    114808      1276
05:43:31 PM    635464   1427224     69.19    110124   1044396    744916     28.82   1249012    114812      1336
05:43:32 PM    635480   1427208     69.19    110132   1044456    744916     28.82   1249080    114808      1444
05:43:33 PM    635588   1427100     69.19    110132   1044512    744916     28.82   1249132    114808      1500
05:43:34 PM    635480   1427208     69.19    110132   1044572    744916     28.82   1249196    114812      1560
05:43:35 PM    635372   1427316     69.20    110132   1044628    744916     28.82   1249256    114812      1616
05:43:36 PM    635324   1427364     69.20    110132   1044684    744916     28.82   1249316    114812      1672
05:43:37 PM    635340   1427348     69.20    110136   1044744    744916     28.82   1249376    114812      1732
05:43:38 PM    635232   1427456     69.20    110136   1044804    744916     28.82   1249436    114816      1792
05:43:39 PM    635248   1427440     69.20    110136   1044864    744916     28.82   1249488    114816      1852
05:43:40 PM    634984   1427704     69.22    110136   1044920    744916     28.82   1249560    114812      1908
05:43:41 PM    635092   1427596     69.21    110136   1044984    744916     28.82   1249612    114816      1972
05:43:42 PM    634860   1427828     69.22    110136   1045044    744916     28.82   1249672    114820      2032
05:43:43 PM    634876   1427812     69.22    110136   1045120    744916     28.82   1249736    114824       556
05:43:44 PM    634828   1427860     69.22    110136   1045176    744916     28.82   1249812    114816       636
05:43:45 PM    634876   1427812     69.22    110136   1045232    744916     28.82   1249868    114812       692
05:43:46 PM    634736   1427952     69.23    110136   1045288    744916     28.82   1249928    114812       748
05:43:47 PM    634596   1428092     69.23    110144   1045344    744916     28.82   1249992    114812       828
05:43:48 PM    634612   1428076     69.23    110148   1045404    744916     28.82   1250064    114812       608
05:43:49 PM    634596   1428092     69.23    110148   1045464    744916     28.82   1250120    114812       652
05:43:50 PM    634488   1428200     69.24    110148   1045520    744916     28.82   1250180    114812       708
05:43:51 PM    634348   1428340     69.25    110148   1045576    744916     28.82   1250220    114812       764
05:43:52 PM    634332   1428356     69.25    110152   1045632    744916     28.82   1250296    114812       860
05:43:53 PM    634380   1428308     69.24    110152   1045692    744916     28.82   1250356    114812       924
05:43:54 PM    634208   1428480     69.25    110152   1045756    744916     28.82   1250424    114816       952
05:43:55 PM    634224   1428464     69.25    110152   1045816    744916     28.82   1250480    114812      1016
05:43:56 PM    634208   1428480     69.25    110152   1045876    744916     28.82   1250540    114812      1076
05:43:57 PM    634132   1428556     69.26    110156   1045928    744916     28.82   1250604    114812      1136
05:43:58 PM    633960   1428728     69.27    110156   1045996    744916     28.82   1250656    114820       768
05:43:59 PM    634008   1428680     69.26    110156   1046068    744916     28.82   1250744    114816       832
05:44:00 PM    633836   1428852     69.27    110156   1046128    744916     28.82   1250800    114816       892
05:44:01 PM    633760   1428928     69.28    110156   1046180    744916     28.82   1250856    114816       944
05:44:02 PM    633712   1428976     69.28    110164   1046240    744916     28.82   1250932    114808      1008
05:44:03 PM    633636   1429052     69.28    110164   1046296    744916     28.82   1250992    114812      1064
05:44:04 PM    633588   1429100     69.28    110164   1046364    744916     28.82   1251056    114812      1132
05:44:05 PM    633636   1429052     69.28    110164   1046416    744916     28.82   1251120    114808      1184
05:44:06 PM    633464   1429224     69.29    110164   1046476    744916     28.82   1251164    114808      1244
05:44:07 PM    633480   1429208     69.29    110168   1046536    744916     28.82   1251244    114808      1308
05:44:08 PM    633496   1429192     69.29    110168   1046596    744916     28.82   1251288    114808      1368
05:44:09 PM    633356   1429332     69.29    110168   1046660    744916     28.82   1251356    114816      1432
05:44:10 PM    633372   1429316     69.29    110168   1046720    744916     28.82   1251412    114812      1492
05:44:11 PM    633232   1429456     69.30    110168   1046772    744916     28.82   1251476    114812      1544
05:44:12 PM    633248   1429440     69.30    110168   1046832    744916     28.82   1251532    114812      1604
05:44:13 PM    633140   1429548     69.31    110168   1046884    744916     28.82   1251588    114812      1656
05:44:14 PM    632844   1429844     69.32    110168   1046960    744916     28.82   1251648    114820      1732
05:44:15 PM    632892   1429796     69.32    110168   1047020    744916     28.82   1251724    114812      1792
05:44:16 PM    632844   1429844     69.32    110168   1047088    744916     28.82   1251792    114812      1860
05:44:17 PM    632768   1429920     69.32    110168   1047140    744916     28.82   1251840    114812      1912
05:44:18 PM    632720   1429968     69.33    110168   1047196    744916     28.82   1251900    114812       492
05:44:19 PM    632644   1430044     69.33    110168   1047256    744916     28.82   1251956    114812       516
05:44:20 PM    632720   1429968     69.33    110168   1047316    744916     28.82   1252020    114812       576
05:44:21 PM    632512   1430176     69.34    110168   1047376    744916     28.82   1252168    114812       636
05:44:22 PM    632216   1430472     69.35    110172   1047432    744916     28.82   1252232    114812       716
05:44:23 PM    632140   1430548     69.35    110172   1047496    744916     28.82   1252292    114816       728
05:44:24 PM    632216   1430472     69.35    110172   1047552    744916     28.82   1252352    114816       728
05:44:25 PM    631984   1430704     69.36    110172   1047612    744916     28.82   1252416    114816       788
05:44:26 PM    631968   1430720     69.36    110172   1047668    744916     28.82   1252480    114816       844
05:44:27 PM    632000   1430688     69.36    110172   1047724    744916     28.82   1252532    114816       928
05:44:28 PM    631968   1430720     69.36    110172   1047780    744916     28.82   1252588    114816       984
05:44:29 PM    631876   1430812     69.37    110172   1047844    744916     28.82   1252652    114820      1000
05:44:30 PM    631752   1430936     69.37    110172   1047904    744916     28.82   1252716    114808      1080
05:44:31 PM    631760   1430928     69.37    110172   1047976    744916     28.82   1252704    114808      1152
05:44:32 PM    631712   1430976     69.37    110176   1048032    744916     28.82   1252768    114808      1228
05:44:33 PM    631636   1431052     69.38    110176   1048088    744916     28.82   1252820    114808      1284
05:44:34 PM    631588   1431100     69.38    110176   1048144    744916     28.82   1252872    114808       812
05:44:35 PM    631512   1431176     69.38    110176   1048204    744916     28.82   1252928    114808       876
05:44:36 PM    631512   1431176     69.38    110176   1048268    744916     28.82   1252996    114812       940
05:44:37 PM    631472   1431216     69.39    110176   1048332    744916     28.82   1253056    114812      1012
05:44:38 PM    631372   1431316     69.39    110176   1048388    744916     28.82   1253116    114812      1068
05:44:39 PM    631232   1431456     69.40    110176   1048444    744916     28.82   1253172    114812      1124
05:44:40 PM    631124   1431564     69.40    110176   1048504    744916     28.82   1253232    114816      1184
05:44:41 PM    631140   1431548     69.40    110176   1048560    744916     28.82   1253296    114812      1240
05:44:42 PM    631024   1431664     69.41    110180   1048620    744916     28.82   1253368    114812      1300
05:44:43 PM    630992   1431696     69.41    110180   1048676    744916     28.82   1253456    114816      1356
05:44:44 PM    630844   1431844     69.42    110180   1048744    744916     28.82   1253476    114816      1424
05:44:45 PM    630884   1431804     69.41    110180   1048804    744916     28.82   1253532    114824      1484
05:44:46 PM    630744   1431944     69.42    110180   1048864    744916     28.82   1253636    114816      1544
05:44:47 PM    630848   1431840     69.42    110184   1048932    744916     28.82   1253676    114816      1616
05:44:48 PM    630744   1431944     69.42    110184   1048988    744916     28.82   1253724    114812      1672
05:44:49 PM    630760   1431928     69.42    110184   1049048    744916     28.82   1253804    114812      1732
05:44:50 PM    630620   1432068     69.43    110184   1049104    744916     28.82   1253856    114812      1788
05:44:51 PM    630512   1432176     69.43    110184   1049172    744916     28.82   1253908    114820      1856
05:44:52 PM    630364   1432324     69.44    110188   1049232    744916     28.82   1253984    114812      1916
05:44:53 PM    630356   1432332     69.44    110188   1049288    744916     28.82   1254048    114812      1972
05:44:54 PM    630380   1432308     69.44    110188   1049344    744916     28.82   1254108    114812        52
05:44:55 PM    630364   1432324     69.44    110188   1049404    744916     28.82   1254144    114816       156
05:44:56 PM    630248   1432440     69.45    110188   1049460    744916     28.82   1254220    114812       212
05:44:57 PM    630164   1432524     69.45    110192   1049520    744916     28.82   1254292    114812       324
05:44:58 PM    630116   1432572     69.45    110192   1049584    744916     28.82   1254360    114812       412
05:44:59 PM    630108   1432580     69.45    110192   1049640    744916     28.82   1254400    114812       468
05:45:00 PM    629992   1432696     69.46    110192   1049696    744916     28.82   1254464    114812       524
05:45:01 PM    629984   1432704     69.46    110192   1049760    744916     28.82   1254532    114816       588
05:45:02 PM    629872   1432816     69.46    110196   1049824    744916     28.82   1254616    114820       664
05:45:03 PM    629736   1432952     69.47    110196   1049892    744916     28.82   1254656    114812       732
05:45:04 PM    629752   1432936     69.47    110196   1049944    744916     28.82   1254724    114812       784
05:45:05 PM    629604   1433084     69.48    110196   1050004    744916     28.82   1254748    114808       844
05:45:06 PM    629756   1432932     69.47    110196   1050060    744916     28.82   1254868    114808       900
05:45:07 PM    629652   1433036     69.47    110200   1050120    744916     28.82   1254884    114808       988
05:45:08 PM    629388   1433300     69.49    110200   1050180    744916     28.82   1254972    114808      1048
05:45:09 PM    629364   1433324     69.49    110200   1050240    744916     28.82   1254980    114808      1108
05:45:10 PM    629412   1433276     69.49    110200   1050292    744916     28.82   1255104    114808      1160
05:45:11 PM    629372   1433316     69.49    110200   1050352    744916     28.82   1255172    114808      1220
05:45:12 PM    629288   1433400     69.49    110208   1050412    744916     28.82   1255212    114816      1280
05:45:13 PM    629116   1433572     69.50    110208   1050476    744916     28.82   1255268    114816      1344
05:45:14 PM    629096   1433592     69.50    110208   1050528    744916     28.82   1255408    114816      1396
05:45:15 PM    628860   1433828     69.51    110208   1050588    744916     28.82   1255468    114816      1456
05:45:16 PM    628868   1433820     69.51    110208   1050640    744916     28.82   1255540    114812      1508
05:45:17 PM    628776   1433912     69.52    110216   1050712    744916     28.82   1255604    114820      1580
05:45:18 PM    628716   1433972     69.52    110216   1050772    744916     28.82   1255676    114816      1640
05:45:19 PM    628652   1434036     69.52    110216   1050848    744916     28.82   1255732    114816      1716
05:45:20 PM    628536   1434152     69.53    110216   1050908    744916     28.82   1255816    114816      1776
05:45:21 PM    628488   1434200     69.53    110216   1050968    744916     28.82   1255884    114816      1836
05:45:22 PM    628520   1434168     69.53    110220   1051020    744916     28.82   1255920    114812      1888
05:45:23 PM    628364   1434324     69.54    110220   1051080    744916     28.82   1255992    114812      1948
05:45:24 PM    628388   1434300     69.54    110220   1051136    744916     28.82   1255936    114812      2000
05:45:25 PM    628256   1434432     69.54    110220   1051196    744916     28.82   1256036    114812      2064
05:45:26 PM    628360   1434328     69.54    110220   1051252    744916     28.82   1256060    114812      2120
05:45:27 PM    628296   1434392     69.54    110224   1051312    744916     28.82   1256136    114812      2180
05:45:28 PM    628140   1434548     69.55    110224   1051364    744916     28.82   1256156    114812      2232
05:45:29 PM    627988   1434700     69.55    110224   1051424    744916     28.82   1256244    114812       128
05:45:30 PM    628016   1434672     69.55    110224   1051480    744916     28.82   1256340    114812       160
05:45:31 PM    628032   1434656     69.55    110224   1051540    744916     28.82   1256368    114816       220
05:45:32 PM    628016   1434672     69.55    110228   1051608    744916     28.82   1256484    114816       340
05:45:33 PM    627876   1434812     69.56    110228   1051676    744916     28.82   1256560    114820       448
05:45:34 PM    627768   1434920     69.57    110228   1051740    744916     28.82   1256608    114812       504
05:45:35 PM    627784   1434904     69.56    110228   1051804    744916     28.82   1256652    114812       568
05:45:36 PM    627700   1434988     69.57    110228   1051860    744916     28.82   1256740    114812       624
05:45:37 PM    627604   1435084     69.57    110228   1051916    744916     28.82   1256816    114812       680
05:45:38 PM    627636   1435052     69.57    110228   1051972    744916     28.82   1256852    114812       736
05:45:39 PM    627512   1435176     69.58    110228   1052028    744916     28.82   1256876    114812       792
05:45:40 PM    627464   1435224     69.58    110228   1052092    744916     28.82   1256976    114812       856
05:45:41 PM    627388   1435300     69.58    110228   1052148    744916     28.82   1256992    114812       912
05:45:42 PM    627436   1435252     69.58    110232   1052204    744916     28.82   1257052    114812       972
05:45:43 PM    627512   1435176     69.58    110232   1052260    744916     28.82   1257112    114812      1028
05:45:44 PM    627388   1435300     69.58    110232   1052324    744916     28.82   1257172    114816      1092
05:45:45 PM    627296   1435392     69.59    110232   1052388    744916     28.82   1257236    114812      1156
05:45:46 PM    627156   1435532     69.60    110232   1052444    744916     28.82   1257212    114808      1212
05:45:47 PM    627304   1435384     69.59    110240   1052504    744916     28.82   1257188    114820      1272
Average:       631420   1431268     69.39    110181   1048358    744916     28.82   1253107    114813      1146
