Linux 4.4.0-31-generic (ids-suricata) 	12/08/2017 	_i686_	(1 CPU)

04:37:49 PM kbmemfree kbmemused  %memused kbbuffers  kbcached  kbcommit   %commit  kbactive   kbinact   kbdirty
04:37:50 PM    484584   1578104     76.51     98528    697008    745608     28.84   1400032    118796       832
04:37:51 PM    484552   1578136     76.51     98528    697060    745608     28.84   1400112    118780       884
04:37:52 PM    484428   1578260     76.51     98528    697084    745608     28.84   1400132    118776       908
04:37:53 PM    484408   1578280     76.52     98528    697176    745608     28.84   1400196    118780      1000
04:37:54 PM    484584   1578104     76.51     98536    697236    745608     28.84   1400296    118776      1116
04:37:55 PM    484056   1578632     76.53     98536    697288    745608     28.84   1400920    118776      1168
04:37:56 PM    479132   1583556     76.77     98536    697352    758964     29.36   1403628    118784      1240
04:37:57 PM    478728   1583960     76.79     98536    697412    758964     29.36   1403680    118784      1300
04:37:58 PM    478480   1584208     76.80     98536    697468    758964     29.36   1403756    118784      1356
04:37:59 PM    478728   1583960     76.79     98540    697528    758964     29.36   1403816    118784      1432
04:38:00 PM    478636   1584052     76.80     98540    697576    758964     29.36   1403864    118784      1480
04:38:01 PM    478636   1584052     76.80     98540    697588    758964     29.36   1403884    118784      1492
04:38:02 PM    478512   1584176     76.80     98540    697640    758964     29.36   1403936    118784      1544
04:38:03 PM    478512   1584176     76.80     98540    697680    758964     29.36   1403988    118784      1584
04:38:04 PM    478356   1584332     76.81     98548    697772    758964     29.36   1404084    118784      1676
04:38:05 PM    478232   1584456     76.82     98548    697836    758964     29.36   1404144    118792      1740
04:38:06 PM    478264   1584424     76.81     98548    697904    758964     29.36   1404240    118788      1796
04:38:07 PM    478140   1584548     76.82     98548    697964    758964     29.36   1404292    118784      1856
04:38:08 PM    477956   1584732     76.83     98548    698032    758964     29.36   1404372    118784      1924
04:38:09 PM    477832   1584856     76.83     98548    698092    758964     29.36   1404444    118784      1988
04:38:10 PM    477864   1584824     76.83     98548    698156    758964     29.36   1404508    118788      2052
04:38:11 PM    477772   1584916     76.84     98548    698224    758964     29.36   1404600    118784       388
04:38:12 PM    477648   1585040     76.84     98548    698308    758964     29.36   1404676    118784       460
04:38:13 PM    477616   1585072     76.84     98548    698376    758964     29.36   1404752    118784       532
04:38:14 PM    477616   1585072     76.84     98552    698516    758964     29.36   1404916    118784       712
04:38:15 PM    477244   1585444     76.86     98552    698624    758964     29.36   1405040    118784       820
04:38:16 PM    477116   1585572     76.87     98552    698736    758964     29.36   1405152    118784       932
04:38:17 PM    476960   1585728     76.88     98552    698832    758964     29.36   1405264    118784      1028
04:38:18 PM    476992   1585696     76.88     98552    698940    758964     29.36   1405376    118788      1136
04:38:19 PM    476776   1585912     76.89     98560    699036    758964     29.36   1405504    118784      1232
04:38:20 PM    476716   1585972     76.89     98560    699152    758964     29.36   1405636    118784      1348
04:38:21 PM    476436   1586252     76.90     98560    699256    758964     29.36   1405752    118780       900
04:38:22 PM    476404   1586284     76.90     98560    699356    758964     29.36   1405860    118780      1080
04:38:23 PM    476216   1586472     76.91     98560    699420    758964     29.36   1405820    118780      1144
04:38:24 PM    476328   1586360     76.91     98568    699468    758964     29.36   1405888    118780      1200
04:38:25 PM    476216   1586472     76.91     98568    699516    758964     29.36   1405948    118784      1248
04:38:26 PM    476344   1586344     76.91     98568    699580    758964     29.36   1406032    118780      1312
04:38:27 PM    476124   1586564     76.92     98568    699636    758964     29.36   1406116    118780      1352
04:38:28 PM    475968   1586720     76.92     98568    699700    758964     29.36   1406212    118780      1416
04:38:29 PM    475904   1586784     76.93     98576    699764    758964     29.36   1406284    118784      1480
04:38:30 PM    476004   1586684     76.92     98576    699820    758964     29.36   1406328    118780      1536
04:38:31 PM    475844   1586844     76.93     98576    699888    758964     29.36   1406392    118784      1604
04:38:32 PM    475876   1586812     76.93     98576    699948    758964     29.36   1406488    118780      1664
04:38:33 PM    475908   1586780     76.93     98576    699992    758964     29.36   1406516    118780      1708
04:38:34 PM    475760   1586928     76.93     98584    700040    758964     29.36   1406508    118780      1756
04:38:35 PM    475880   1586808     76.93     98584    700080    758964     29.36   1406828    118780      1796
04:38:36 PM    475612   1587076     76.94     98584    700120    758964     29.36   1406756    118784      1836
04:38:37 PM    475564   1587124     76.94     98584    700164    758964     29.36   1406712    118788      1880
04:38:38 PM    475632   1587056     76.94     98584    700200    758964     29.36   1406764    118780      1916
04:38:39 PM    475568   1587120     76.94     98588    700228    758964     29.36   1406828    118780      1944
04:38:40 PM    475664   1587024     76.94     98588    700252    758964     29.36   1406836    118784      1968
04:38:41 PM    475600   1587088     76.94     98588    700292    758964     29.36   1406888    118780       444
04:38:42 PM    475412   1587276     76.95     98588    700344    758964     29.36   1406948    118780       476
04:38:43 PM    475164   1587524     76.96     98588    700388    758964     29.36   1407016    118780       520
04:38:44 PM    475472   1587216     76.95     98588    700424    758964     29.36   1407048    118784       556
04:38:45 PM    475264   1587424     76.96     98588    700452    758964     29.36   1407088    118780       584
04:38:46 PM    475108   1587580     76.97     98588    700488    758964     29.36   1407124    118780       568
04:38:47 PM    475016   1587672     76.97     98588    700524    758964     29.36   1407172    118780       584
04:38:48 PM    475172   1587516     76.96     98588    700556    758964     29.36   1407200    118784       620
04:38:49 PM    475048   1587640     76.97     98596    700596    758964     29.36   1407260    118780       684
04:38:50 PM    475096   1587592     76.97     98596    700636    758964     29.36   1407312    118780       724
04:38:51 PM    475096   1587592     76.97     98596    700668    758964     29.36   1407348    118780       756
04:38:52 PM    475032   1587656     76.97     98596    700708    758964     29.36   1407388    118780       796
04:38:53 PM    474976   1587712     76.97     98596    700764    758964     29.36   1407432    118792       852
04:38:54 PM    475008   1587680     76.97     98596    700804    758964     29.36   1407464    118792       892
04:38:55 PM    474912   1587776     76.98     98596    700836    758964     29.36   1407504    118792       924
04:38:56 PM    474944   1587744     76.97     98596    700868    758964     29.36   1407536    118796       404
04:38:57 PM    474804   1587884     76.98     98596    700916    758964     29.36   1407600    118792       452
04:38:58 PM    474912   1587776     76.98     98596    700956    758964     29.36   1407608    118792       508
04:38:59 PM    474848   1587840     76.98     98600    700988    758964     29.36   1407608    118796       552
04:39:00 PM    474788   1587900     76.98     98600    701028    758964     29.36   1407688    118792       592
04:39:01 PM    475008   1587680     76.97     98600    701072    758964     29.36   1407736    118792       636
04:39:02 PM    474912   1587776     76.98     98600    701120    758964     29.36   1407768    118796       684
04:39:03 PM    474788   1587900     76.98     98600    701156    758964     29.36   1407816    118792       720
04:39:04 PM    474724   1587964     76.99     98608    701200    758964     29.36   1407868    118792       764
04:39:05 PM    474732   1587956     76.98     98608    701236    758964     29.36   1407940    118792       800
04:39:06 PM    474580   1588108     76.99     98608    701280    758964     29.36   1407912    118792       844
04:39:07 PM    474632   1588056     76.99     98608    701312    758964     29.36   1408028    118796       876
04:39:08 PM    474624   1588064     76.99     98608    701348    758964     29.36   1408208    118792       912
04:39:09 PM    474736   1587952     76.98     98612    701400    758964     29.36   1408156    118804       964
04:39:10 PM    474760   1587928     76.98     98612    701440    758964     29.36   1408116    118792      1004
04:39:11 PM    474608   1588080     76.99     98612    701480    758964     29.36   1408160    118792       364
04:39:12 PM    474484   1588204     77.00     98612    701516    758964     29.36   1408216    118792       376
04:39:13 PM    474548   1588140     76.99     98612    701560    758964     29.36   1408264    118796       420
04:39:14 PM    474392   1588296     77.00     98620    701580    758964     29.36   1408300    118792       448
04:39:15 PM    474520   1588168     77.00     98620    701620    758964     29.36   1408336    118792       488
04:39:16 PM    474672   1588016     76.99     98620    701656    758964     29.36   1408372    118792       524
04:39:17 PM    474456   1588232     77.00     98620    701688    758964     29.36   1408424    118796       556
04:39:18 PM    474548   1588140     76.99     98620    701724    758964     29.36   1408452    118796       592
04:39:19 PM    474424   1588264     77.00     98624    701760    758964     29.36   1408488    118792       632
04:39:20 PM    474456   1588232     77.00     98624    701804    758964     29.36   1408528    118796       672
04:39:21 PM    474428   1588260     77.00     98624    701844    758964     29.36   1408580    118796       660
04:39:22 PM    474520   1588168     77.00     98624    701888    758964     29.36   1408628    118792       688
04:39:23 PM    474152   1588536     77.01     98624    701944    758964     29.36   1408684    118796       748
04:39:24 PM    474136   1588552     77.01     98624    701984    758964     29.36   1408728    118792       788
04:39:25 PM    474308   1588380     77.01     98624    702036    758964     29.36   1408764    118796       856
04:39:26 PM    474152   1588536     77.01     98624    702076    758964     29.36   1408820    118792       896
04:39:27 PM    474012   1588676     77.02     98624    702128    758964     29.36   1408872    118792       948
04:39:28 PM    473996   1588692     77.02     98624    702184    758964     29.36   1408932    118792      1004
04:39:29 PM    474292   1588396     77.01     98624    702224    758964     29.36   1408976    118792      1044
04:39:30 PM    474168   1588520     77.01     98624    702264    758964     29.36   1409028    118792      1092
04:39:31 PM    474152   1588536     77.01     98624    702304    758964     29.36   1409068    118792       580
04:39:32 PM    474152   1588536     77.01     98624    702348    758964     29.36   1409116    118792       612
04:39:33 PM    474152   1588536     77.01     98624    702384    758964     29.36   1409160    118792       672
04:39:34 PM    473872   1588816     77.03     98632    702416    758964     29.36   1409224    118792       712
04:39:35 PM    473936   1588752     77.02     98632    702468    758964     29.36   1409252    118796       772
04:39:36 PM    473928   1588760     77.02     98632    702512    758964     29.36   1409288    118792       816
04:39:37 PM    473872   1588816     77.03     98632    702556    758964     29.36   1409472    118792       860
04:39:38 PM    473928   1588760     77.02     98632    702592    758964     29.36   1409556    118796       896
04:39:39 PM    474000   1588688     77.02     98632    702652    758964     29.36   1409384    118800       956
04:39:40 PM    473804   1588884     77.03     98636    702696    758964     29.36   1409492    118792      1000
04:39:41 PM    473640   1589048     77.04     98636    702748    758964     29.36   1409608    118796       280
04:39:42 PM    473656   1589032     77.04     98636    702784    758964     29.36   1409556    118792       296
04:39:43 PM    473564   1589124     77.04     98636    702820    758964     29.36   1409592    118792       332
04:39:44 PM    473564   1589124     77.04     98636    702872    758964     29.36   1409652    118792       384
04:39:45 PM    473564   1589124     77.04     98640    702924    758964     29.36   1409712    118792       440
04:39:46 PM    473564   1589124     77.04     98640    702968    758964     29.36   1409756    118792       484
04:39:47 PM    473408   1589280     77.05     98640    703012    758964     29.36   1409796    118800       528
04:39:48 PM    473376   1589312     77.05     98640    703052    758964     29.36   1409840    118792       568
04:39:49 PM    473252   1589436     77.06     98640    703128    758964     29.36   1409916    118792       644
04:39:50 PM    473252   1589436     77.06     98644    703184    758964     29.36   1409984    118792       700
04:39:51 PM    473252   1589436     77.06     98644    703284    758964     29.36   1410080    118796       800
04:39:52 PM    473192   1589496     77.06     98644    703352    758964     29.36   1410160    118792       868
04:39:53 PM    473192   1589496     77.06     98644    703400    758964     29.36   1410204    118792       916
04:39:54 PM    473132   1589556     77.06     98644    703440    758964     29.36   1410240    118792       956
04:39:55 PM    473132   1589556     77.06     98644    703488    758964     29.36   1410272    118800      1004
04:39:56 PM    473040   1589648     77.07     98644    703520    758964     29.36   1410316    118792       984
04:39:57 PM    473104   1589584     77.06     98644    703576    758964     29.36   1410368    118796      1024
04:39:58 PM    472788   1589900     77.08     98644    703600    758964     29.36   1410400    118796      1048
04:39:59 PM    472852   1589836     77.08     98644    703660    758964     29.36   1410460    118796      1112
04:40:00 PM    472948   1589740     77.07     98652    703688    758964     29.36   1410512    118792      1164
04:40:01 PM    472760   1589928     77.08     98652    703720    758964     29.36   1410544    118792      1196
04:40:02 PM    472696   1589992     77.08     98652    703760    758964     29.36   1410572    118796      1236
04:40:03 PM    472540   1590148     77.09     98652    703796    758964     29.36   1410640    118796      1272
04:40:04 PM    472696   1589992     77.08     98652    703832    758964     29.36   1410720    118792      1308
04:40:05 PM    472700   1589988     77.08     98660    703884    758964     29.36   1410744    118804      1360
04:40:06 PM    472692   1589996     77.08     98660    703924    758964     29.36   1410776    118804       796
04:40:07 PM    472684   1590004     77.08     98660    703948    758964     29.36   1410808    118804       868
04:40:08 PM    472692   1589996     77.08     98660    703976    758964     29.36   1410744    118808       916
04:40:09 PM    472788   1589900     77.08     98660    704008    758964     29.36   1410672    118808       948
Average:       475502   1587186     76.95     98598    700850    758392     29.34   1407336    118789       975
