Linux 4.4.0-31-generic (dpi-suricata) 	12/08/2017 	_i686_	(1 CPU)

04:53:08 PM kbmemfree kbmemused  %memused kbbuffers  kbcached  kbcommit   %commit  kbactive   kbinact   kbdirty
04:53:09 PM    132024   1930664     93.60     94168    689184   1236584     47.84   1123228    738732       272
04:53:10 PM    131568   1931120     93.62     94168    689280   1236584     47.84   1123384    738716       352
04:53:11 PM    131484   1931204     93.63     94168    689444   1236584     47.84   1123504    738712       520
04:53:12 PM    131316   1931372     93.63     94168    689528   1236584     47.84   1123604    738712       604
04:53:13 PM    424628   1638060     79.41     94172    689628    992744     38.41    834612    738712       760
04:53:14 PM    424276   1638412     79.43     94172    689684    992744     38.41    835436    738704       844
04:53:15 PM    422880   1639808     79.50     94172    689780    992744     38.41    837236    738696       940
04:53:16 PM    420896   1641792     79.59     94172    689856    992744     38.41    839084    738696      1016
04:53:17 PM    419036   1643652     79.68     94172    689932    992744     38.41    840844    738696      1092
04:53:18 PM    417300   1645388     79.77     94176    690000    992744     38.41    842608    738696      1164
04:53:19 PM    415688   1647000     79.85     94176    690080    992744     38.41    844296    738696      1244
04:53:20 PM    413828   1648860     79.94     94176    690152    992744     38.41    845980    738700      1316
04:53:21 PM    411968   1650720     80.03     94176    690236    992744     38.41    847796    738700      1400
04:53:22 PM    410340   1652348     80.11     94176    690328    992744     38.41    849296    738700      1492
04:53:23 PM    408604   1654084     80.19     94184    690424    992744     38.41    851040    738696      1596
04:53:24 PM    407480   1655208     80.25     94184    690540    992744     38.41    852576    738708      1704
04:53:25 PM    406860   1655828     80.28     94184    690628    992744     38.41    853012    738704      1792
04:53:26 PM    406208   1656480     80.31     94184    690828    992744     38.41    853508    738740      1992
04:53:27 PM    405372   1657316     80.35     94184    690888    992744     38.41    854464    738768      2052
04:53:28 PM    404568   1658120     80.39     94192    690960    992744     38.41    855288    738768      2132
04:53:29 PM    404008   1658680     80.41     94192    690968    992744     38.41    855620    738772      2016
04:53:30 PM    403416   1659272     80.44     94192    691020    992744     38.41    856180    738768      2056
04:53:31 PM    402672   1660016     80.48     94192    691064    992744     38.41    856980    738772      2100
04:53:32 PM    401728   1660960     80.52     94192    691092    992744     38.41    857572    738768      2128
04:53:33 PM    401264   1661424     80.55     94192    691128    992744     38.41    858144    738768      2164
04:53:34 PM    400804   1661884     80.57     94192    691156    992744     38.41    858580    738768      2200
04:53:35 PM    400304   1662384     80.59     94192    691188    992744     38.41    859128    738768      2208
04:53:36 PM    400276   1662412     80.59     94192    691220    992744     38.41    859552    738768      2240
04:53:37 PM    399656   1663032     80.62     94192    691256    992744     38.41    860132    738768      2276
04:53:38 PM    398784   1663904     80.67     94196    691280    992744     38.41    860920    738772      2304
04:53:39 PM    398352   1664336     80.69     94196    691308    992744     38.41    861432    738768      1892
04:53:40 PM    397672   1665016     80.72     94196    691336    992744     38.41    862160    738772      1912
04:53:41 PM    396680   1666008     80.77     94196    691380    992744     38.41    863104    738772      1956
04:53:42 PM    396028   1666660     80.80     94196    691404    992744     38.41    863820    738772      1980
04:53:43 PM    395020   1667668     80.85     94204    691428    992744     38.41    864084    738772      2012
04:53:44 PM    394956   1667732     80.85     94204    691468    992744     38.41    864288    738776       132
04:53:45 PM    394492   1668196     80.87     94204    691492    992744     38.41    865100    738768       152
04:53:46 PM    393872   1668816     80.90     94204    691516    992744     38.41    865720    738768       176
04:53:47 PM    393128   1669560     80.94     94204    691544    992744     38.41    866496    738768       204
04:53:48 PM    392416   1670272     80.98     94212    691560    992744     38.41    867240    738768       280
04:53:49 PM    391704   1670984     81.01     94212    691592    992744     38.41    867968    738768       288
04:53:50 PM    391084   1671604     81.04     94212    691620    992744     38.41    868736    738776       320
04:53:51 PM    390528   1672160     81.07     94212    691652    992744     38.41    869220    738772       352
04:53:52 PM    389968   1672720     81.09     94212    691672    992744     38.41    869648    738772       372
04:53:53 PM    389316   1673372     81.13     94220    691692    992744     38.41    870416    738776       400
04:53:54 PM    388636   1674052     81.16     94220    691720    992744     38.41    870856    738772       420
04:53:55 PM    388432   1674256     81.17     94220    691740    992744     38.41    871316    738772       440
04:53:56 PM    388000   1674688     81.19     94220    691764    992744     38.41    872052    738772       464
04:53:57 PM    386976   1675712     81.24     94220    691804    992744     38.41    872848    738780       504
04:53:58 PM    386108   1676580     81.28     94224    691832    992744     38.41    873812    738772       536
04:53:59 PM    385456   1677232     81.31     94224    691864    992744     38.41    874432    738772       564
04:54:00 PM    385024   1677664     81.33     94224    691892    992744     38.41    875076    738768       592
04:54:01 PM    384436   1678252     81.36     94224    691924    992744     38.41    875472    738768       624
04:54:02 PM    383720   1678968     81.40     94224    691952    992744     38.41    876160    738768       652
04:54:03 PM    383072   1679616     81.43     94232    691972    992744     38.41    876860    738768       680
04:54:04 PM    382172   1680516     81.47     94232    692004    992744     38.41    877804    738768       704
04:54:05 PM    381152   1681536     81.52     94232    692036    992744     38.41    878608    738768       736
04:54:06 PM    380540   1682148     81.55     94232    692064    992744     38.41    879312    738768       764
04:54:07 PM    380172   1682516     81.57     94232    692100    992744     38.41    879612    738768       800
04:54:08 PM    379860   1682828     81.58     94232    692128    992744     38.41    880000    738772       828
04:54:09 PM    379428   1683260     81.61     94232    692152    992744     38.41    880548    738768       852
04:54:10 PM    379024   1683664     81.62     94232    692172    992744     38.41    880992    738768       872
04:54:11 PM    378404   1684284     81.65     94232    692204    992744     38.41    881392    738772       904
04:54:12 PM    378032   1684656     81.67     94232    692224    992744     38.41    882056    738772       924
04:54:13 PM    377440   1685248     81.70     94236    692264    992744     38.41    882488    738776       968
04:54:14 PM    376944   1685744     81.73     94236    692292    992744     38.41    882824    738776       120
04:54:15 PM    377040   1685648     81.72     94236    692324    992744     38.41    882868    738772       108
04:54:16 PM    376940   1685748     81.73     94236    692352    992744     38.41    882928    738776       156
04:54:17 PM    376792   1685896     81.73     94236    692376    992744     38.41    883164    738772       180
04:54:18 PM    376100   1686588     81.77     94240    692412    992744     38.41    883880    738772       220
04:54:19 PM    376184   1686504     81.76     94240    692452    992744     38.41    883748    738772       208
04:54:20 PM    376232   1686456     81.76     94240    692476    992744     38.41    883732    738768       204
04:54:21 PM    376172   1686516     81.76     94240    692512    992744     38.41    883764    738772       240
04:54:22 PM    376204   1686484     81.76     94240    692540    992744     38.41    883796    738768       268
04:54:23 PM    376328   1686360     81.76     94248    692564    992744     38.41    883844    738768       300
04:54:24 PM    376204   1686484     81.76     94248    692604    992744     38.41    883872    738768       352
04:54:25 PM    376140   1686548     81.76     94248    692652    992744     38.41    883936    738772       404
04:54:26 PM    376108   1686580     81.77     94248    692692    992744     38.41    884280    738776       444
04:54:27 PM    375612   1687076     81.79     94248    692736    992744     38.41    884764    738768       488
04:54:28 PM    375308   1687380     81.80     94248    692792    992744     38.41    885080    738772       544
04:54:29 PM    375188   1687500     81.81     94248    692828    992744     38.41    885152    738772       584
04:54:30 PM    374444   1688244     81.85     94248    692876    992744     38.41    886020    738772       632
04:54:31 PM    373644   1689044     81.89     94248    692912    992744     38.41    886564    738768       668
04:54:32 PM    373460   1689228     81.89     94248    692964    992744     38.41    886856    738776       720
04:54:33 PM    373120   1689568     81.91     94256    692996    992744     38.41    887476    738776       760
04:54:34 PM    372472   1690216     81.94     94256    693048    992744     38.41    888076    738772       804
04:54:35 PM    371916   1690772     81.97     94256    693088    992744     38.41    888736    738772       844
04:54:36 PM    369524   1693164     82.09     94256    693124    992744     38.41    890780    738772       880
04:54:37 PM    368996   1693692     82.11     94256    693228    992744     38.41    891268    738776       984
04:54:38 PM    368408   1694280     82.14     94260    693224    992744     38.41    891944    738796       984
04:54:39 PM    368160   1694528     82.15     94264    693264    992744     38.41    892468    738788        40
04:54:40 PM    366952   1695736     82.21     94264    693304    992744     38.41    893464    738788        60
04:54:41 PM    366424   1696264     82.24     94264    693356    992744     38.41    893960    738788       112
04:54:42 PM    365920   1696768     82.26     94264    693404    992744     38.41    894660    738788       164
04:54:43 PM    365680   1697008     82.27     94268    693444    992744     38.41    894964    738788       208
04:54:44 PM    365028   1697660     82.30     94268    693504    992744     38.41    895516    738788       300
04:54:45 PM    364440   1698248     82.33     94268    693548    992744     38.41    896156    738792       344
04:54:46 PM    363696   1698992     82.37     94268    693600    992744     38.41    896536    738796       396
04:54:47 PM    362872   1699816     82.41     94268    693632    992744     38.41    897532    738792       428
04:54:48 PM    362752   1699936     82.41     94272    693684    992744     38.41    897612    738796       484
04:54:49 PM    362440   1700248     82.43     94272    693724    992744     38.41    898092    738792       524
04:54:50 PM    361604   1701084     82.47     94272    693772    992744     38.41    898680    738792       572
04:54:51 PM    361512   1701176     82.47     94272    693804    992744     38.41    898824    738792       604
04:54:52 PM    361484   1701204     82.48     94272    693840    992744     38.41    898868    738792       640
04:54:53 PM    361080   1701608     82.49     94280    693876    992744     38.41    899424    738792       684
04:54:54 PM    360304   1702384     82.53     94280    693924    992744     38.41    900080    738792       728
04:54:55 PM    359836   1702852     82.55     94280    694016    992744     38.41    900564    738792       820
04:54:56 PM    359432   1703256     82.57     94280    694076    992744     38.41    901076    738792       880
04:54:57 PM    358656   1704032     82.61     94280    694148    992744     38.41    901660    738788       952
04:54:58 PM    358408   1704280     82.62     94284    694216    992744     38.41    901828    738792      1024
04:54:59 PM    357912   1704776     82.65     94284    694288    992744     38.41    902392    738788      1092
04:55:00 PM    357632   1705056     82.66     94284    694296    992744     38.41    902620    738792      1100
04:55:01 PM    357508   1705180     82.67     94284    694344    992744     38.41    903044    738792      1148
04:55:02 PM    356920   1705768     82.70     94284    694396    992744     38.41    903504    738792      1200
04:55:03 PM    356724   1705964     82.71     94288    694432    992744     38.41    903828    738792      1248
04:55:04 PM    356252   1706436     82.73     94288    694488    992744     38.41    904292    738788        44
04:55:05 PM    355776   1706912     82.75     94288    694532    992744     38.41    904816    738788        60
04:55:06 PM    355072   1707616     82.79     94288    694580    992744     38.41    905500    738792       108
04:55:07 PM    354636   1708052     82.81     94288    694624    992744     38.41    905712    738792       156
04:55:08 PM    354480   1708208     82.81     94296    694664    992744     38.41    905940    738796       204
04:55:09 PM    354172   1708516     82.83     94296    694712    992744     38.41    906404    738792       284
04:55:10 PM    353708   1708980     82.85     94296    694756    992744     38.41    906784    738792       328
04:55:11 PM    353244   1709444     82.87     94296    694796    992744     38.41    907032    738792       368
04:55:12 PM    352932   1709756     82.89     94296    694828    992744     38.41    907536    738792       400
04:55:13 PM    352408   1710280     82.92     94296    694860    992744     38.41    908224    738792       432
04:55:14 PM    352036   1710652     82.93     94296    694900    992744     38.41    908284    738796       476
04:55:15 PM    352036   1710652     82.93     94296    694928    992744     38.41    908284    738792       504
04:55:16 PM    352016   1710672     82.93     94296    694960    992744     38.41    908360    738792       536
04:55:17 PM    352008   1710680     82.93     94296    694988    992744     38.41    908384    738796       564
04:55:18 PM    352020   1710668     82.93     94304    695020    992744     38.41    908432    738792       604
04:55:19 PM    351868   1710820     82.94     94304    695056    992744     38.41    908428    738792       632
04:55:20 PM    351900   1710788     82.94     94304    695084    992744     38.41    908496    738788       660
04:55:21 PM    351728   1710960     82.95     94304    695112    992744     38.41    908532    738788       688
04:55:22 PM    351736   1710952     82.95     94304    695144    992744     38.41    908552    738788       720
04:55:23 PM    351784   1710904     82.95     94308    695164    992744     38.41    908544    738788       744
04:55:24 PM    351784   1710904     82.95     94308    695200    992744     38.41    908612    738788       776
04:55:25 PM    351776   1710912     82.95     94308    695224    992744     38.41    908644    738792       800
04:55:26 PM    351412   1711276     82.96     94308    695256    992744     38.41    908660    738788       832
04:55:27 PM    351540   1711148     82.96     94308    695284    992744     38.41    908572    738792       860
04:55:28 PM    351588   1711100     82.95     94308    695316    992744     38.41    908600    738792       892
Average:       371066   1691622     82.01     94240    692590    999711     38.67    888865    738770       805
