Linux 4.4.0-31-generic (dpi-suricata) 	12/08/2017 	_i686_	(1 CPU)

04:58:09 PM kbmemfree kbmemused  %memused kbbuffers  kbcached  kbcommit   %commit  kbactive   kbinact   kbdirty
04:58:10 PM    134956   1927732     93.46     94508    680396   1237208     47.86   1103936    754732      2756
04:58:11 PM    134552   1928136     93.48     94508    680576   1237208     47.86   1104112    754712      2936
04:58:12 PM    134428   1928260     93.48     94508    680668   1237208     47.86   1104216    754708      3028
04:58:13 PM    134544   1928144     93.48     94508    680756   1237208     47.86   1104280    754712      3116
04:58:14 PM    134420   1928268     93.48     94512    680848   1237208     47.86   1104400    754712       608
04:58:15 PM    133560   1929128     93.52     94512    680912   1237208     47.86   1105208    754712       632
04:58:16 PM    133300   1929388     93.54     94512    681020   1237208     47.86   1105748    754712       740
04:58:17 PM    429652   1633036     79.17     94512    681124    993368     38.43    814004    754708       848
04:58:18 PM    428196   1634492     79.24     94512    681200    993368     38.43    815480    754704       924
04:58:19 PM    426832   1635856     79.31     94524    681252    993368     38.43    816948    754704       648
04:58:20 PM    425716   1636972     79.36     94524    681332    993368     38.43    818172    754708       644
04:58:21 PM    424076   1638612     79.44     94524    681404    993368     38.43    819788    754704       716
04:58:22 PM    422248   1640440     79.53     94524    681500    993368     38.43    821724    754704       812
04:58:23 PM    420512   1642176     79.61     94524    681592    993368     38.43    823552    754712       904
04:58:24 PM    418868   1643820     79.69     94528    681684    993368     38.43    825212    754708      1036
04:58:25 PM    415892   1646796     79.84     94528    681792    993368     38.43    828084    754712      1144
04:58:26 PM    413196   1649492     79.97     94528    681892    993368     38.43    830652    754704      1244
04:58:27 PM    410840   1651848     80.08     94528    681976    993368     38.43    832744    754708      1328
04:58:28 PM    408544   1654144     80.19     94528    682072    993368     38.43    835008    754704      1424
04:58:29 PM    406376   1656312     80.30     94532    682160    993368     38.43    837176    754708      1512
04:58:30 PM    404144   1658544     80.41     94532    682252    993368     38.43    839524    754704      1568
04:58:31 PM    401600   1661088     80.53     94532    682300    993368     38.43    842156    754704      1616
04:58:32 PM    399120   1663568     80.65     94532    682360    993368     38.43    844488    754708      1676
04:58:33 PM    396952   1665736     80.76     94532    682408    993368     38.43    846592    754708      1724
04:58:34 PM    395044   1667644     80.85     94540    682440    993368     38.43    848532    754704      1764
04:58:35 PM    394068   1668620     80.90     94540    682488    993368     38.43    849660    754708      1816
04:58:36 PM    391960   1670728     81.00     94540    682528    993368     38.43    851704    754708      1856
04:58:37 PM    391092   1671596     81.04     94540    682556    993368     38.43    852608    754708      1884
04:58:38 PM    389512   1673176     81.12     94540    682592    993368     38.43    854160    754708      1920
04:58:39 PM    388704   1673984     81.16     94548    682628    993368     38.43    854596    754708      1964
04:58:40 PM    388272   1674416     81.18     94548    682672    993368     38.43    855412    754708      1988
04:58:42 PM    387124   1675564     81.23     94548    682696    993368     38.43    856176    754704      2012
04:58:43 PM    386164   1676524     81.28     94548    682748    993368     38.43    857288    754708      2064
04:58:44 PM    384964   1677724     81.34     94548    682788    993368     38.43    858460    754704      2104
04:58:45 PM    384024   1678664     81.38     94552    682816    993368     38.43    859580    754708      1584
04:58:46 PM    383528   1679160     81.41     94552    682844    993368     38.43    860068    754712      1644
04:58:47 PM    383280   1679408     81.42     94552    682880    993368     38.43    860384    754704      1680
04:58:48 PM    382660   1680028     81.45     94552    682900    993368     38.43    860892    754704      1700
04:58:49 PM    382320   1680368     81.46     94552    682920    993368     38.43    861188    754704      1720
04:58:50 PM    381988   1680700     81.48     94560    682932    993368     38.43    861620    754704       276
04:58:51 PM    381884   1680804     81.49     94560    682964    993368     38.43    861540    754704       240
04:58:52 PM    381884   1680804     81.49     94560    682992    993368     38.43    861588    754712       268
04:58:53 PM    380832   1681856     81.54     94560    683020    993368     38.43    862748    754708       296
04:58:54 PM    380708   1681980     81.54     94560    683052    993368     38.43    862756    754704       328
04:58:55 PM    380272   1682416     81.56     94568    683072    993368     38.43    863064    754704       304
04:58:56 PM    380088   1682600     81.57     94568    683104    993368     38.43    863160    754708       312
04:58:57 PM    380212   1682476     81.57     94568    683124    993368     38.43    863256    754704       332
04:58:58 PM    380024   1682664     81.58     94568    683144    993368     38.43    863496    754704       352
04:58:59 PM    379808   1682880     81.59     94568    683168    993368     38.43    863672    754704       376
04:59:00 PM    379716   1682972     81.59     94568    683188    993368     38.43    863860    754704       396
04:59:01 PM    379436   1683252     81.60     94568    683216    993368     38.43    863976    754704       432
04:59:02 PM    378848   1683840     81.63     94568    683252    993368     38.43    864892    754716       468
04:59:03 PM    377956   1684732     81.68     94568    683280    993368     38.43    865740    754708       496
04:59:04 PM    377816   1684872     81.68     94568    683292    993368     38.43    865780    754704       508
04:59:05 PM    377080   1685608     81.72     94576    683308    993368     38.43    866320    754704       532
04:59:06 PM    376956   1685732     81.73     94576    683336    993368     38.43    866768    754708       528
04:59:07 PM    376432   1686256     81.75     94576    683360    993368     38.43    867000    754704       552
04:59:08 PM    376496   1686192     81.75     94576    683384    993368     38.43    867044    754704       580
04:59:09 PM    376456   1686232     81.75     94576    683412    993368     38.43    867184    754704       608
04:59:10 PM    376116   1686572     81.77     94580    683428    993368     38.43    867688    754704       628
04:59:11 PM    375712   1686976     81.79     94580    683452    993368     38.43    867736    754704       648
04:59:12 PM    375744   1686944     81.78     94580    683472    993368     38.43    867984    754708       668
04:59:13 PM    375248   1687440     81.81     94580    683492    993368     38.43    868276    754704       688
04:59:14 PM    374952   1687736     81.82     94580    683520    993368     38.43    868616    754708       716
04:59:15 PM    373968   1688720     81.87     94588    683540    993368     38.43    869596    754708       744
04:59:16 PM    373852   1688836     81.88     94588    683572    993368     38.43    869788    754704       768
04:59:17 PM    373200   1689488     81.91     94588    683596    993368     38.43    870252    754704       792
04:59:18 PM    373016   1689672     81.92     94588    683620    993368     38.43    870580    754704       816
04:59:19 PM    372828   1689860     81.93     94588    683644    993368     38.43    870628    754704       840
04:59:20 PM    372620   1690068     81.94     94596    683664    993368     38.43    870880    754704       368
04:59:21 PM    371784   1690904     81.98     94596    683716    993368     38.43    872016    754712       400
04:59:22 PM    371164   1691524     82.01     94596    683744    993368     38.43    872380    754712       428
04:59:23 PM    370916   1691772     82.02     94596    683780    993368     38.43    872676    754716       464
04:59:24 PM    370884   1691804     82.02     94596    683804    993368     38.43    872752    754712       488
04:59:25 PM    370784   1691904     82.02     94604    683816    993368     38.43    873008    754704       252
04:59:26 PM    370544   1692144     82.04     94604    683848    993368     38.43    873248    754704       224
04:59:27 PM    369644   1693044     82.08     94604    683880    993368     38.43    874144    754704       256
04:59:28 PM    368964   1693724     82.11     94604    683912    993368     38.43    874928    754708       288
04:59:29 PM    368064   1694624     82.16     94604    684020    993368     38.43    875588    754708       396
04:59:30 PM    367752   1694936     82.17     94608    684032    993368     38.43    875712    754708       360
04:59:31 PM    367356   1695332     82.19     94608    684084    993368     38.43    876312    754704       424
04:59:32 PM    367176   1695512     82.20     94608    684116    993368     38.43    876612    754704       456
04:59:33 PM    366328   1696360     82.24     94608    684156    993368     38.43    877512    754704       496
04:59:34 PM    366080   1696608     82.25     94608    684196    993368     38.43    877600    754708       536
04:59:35 PM    365708   1696980     82.27     94608    684228    993368     38.43    878088    754708       568
04:59:36 PM    364840   1697848     82.31     94608    684316    993368     38.43    878928    754704       656
04:59:37 PM    364156   1698532     82.35     94608    684388    993368     38.43    879512    754704       728
04:59:38 PM    363848   1698840     82.36     94608    684500    993368     38.43    879628    754708       840
04:59:39 PM    363592   1699096     82.37     94608    684576    993368     38.43    879940    754708       916
04:59:40 PM    363412   1699276     82.38     94616    684676    993368     38.43    880304    754708       960
04:59:41 PM    363040   1699648     82.40     94616    684700    993368     38.43    880508    754704      1012
04:59:42 PM    363040   1699648     82.40     94616    684848    993368     38.43    880748    754704      1160
04:59:43 PM    362360   1700328     82.43     94616    684936    993368     38.43    881184    754704      1248
04:59:44 PM    362204   1700484     82.44     94616    685012    993368     38.43    881360    754708      1328
04:59:45 PM    361792   1700896     82.46     94616    685132    993368     38.43    881904    754704      1448
04:59:46 PM    361616   1701072     82.47     94616    685196    993368     38.43    881968    754708      1512
04:59:47 PM    360716   1701972     82.51     94616    685284    993368     38.43    883016    754704      1600
04:59:48 PM    360560   1702128     82.52     94616    685380    993368     38.43    883200    754708      1696
04:59:49 PM    360120   1702568     82.54     94616    685508    993368     38.43    883576    754704      1824
04:59:50 PM    359872   1702816     82.55     94620    685568    993368     38.43    883888    754704      1888
04:59:51 PM    359344   1703344     82.58     94620    685612    993368     38.43    884396    754708      1932
04:59:52 PM    358568   1704120     82.62     94620    685792    993368     38.43    885120    754708      2112
04:59:53 PM    358196   1704492     82.63     94620    685860    993368     38.43    885288    754704      2180
04:59:54 PM    357924   1704764     82.65     94620    685980    993368     38.43    885652    754704      2300
04:59:55 PM    357944   1704744     82.65     94624    686076    993368     38.43    885416    754704      1888
04:59:56 PM    357696   1704992     82.66     94624    686180    993368     38.43    885544    754704      1968
04:59:57 PM    357616   1705072     82.66     94624    686272    993368     38.43    885768    754704      2072
04:59:58 PM    356512   1706176     82.72     94624    686376    993368     38.43    886764    754708      2176
04:59:59 PM    355952   1706736     82.74     94624    686552    993368     38.43    887156    754712      2352
05:00:00 PM    355388   1707300     82.77     94628    686668    993368     38.43    887908    754708       280
05:00:01 PM    353512   1709176     82.86     94628    686824    993368     38.43    889808    754708       452
05:00:02 PM    351032   1711656     82.98     94628    686892    993368     38.43    892328    754704       520
05:00:03 PM    349452   1713236     83.06     94628    687008    993368     38.43    894236    754704       636
05:00:04 PM    348336   1714352     83.11     94628    687144    993368     38.43    895316    754704       772
05:00:05 PM    345484   1717204     83.25     94632    687276    993368     38.43    898152    754712       856
05:00:06 PM    343996   1718692     83.32     94632    687348    993368     38.43    899628    754708       944
05:00:07 PM    342516   1720172     83.39     94632    687492    993368     38.43    900896    754708      1088
05:00:08 PM    340656   1722032     83.48     94632    687576    993368     38.43    902824    754704      1172
05:00:09 PM    339012   1723676     83.56     94632    687692    993368     38.43    904512    754704      1288
05:00:10 PM    337524   1725164     83.64     94640    687808    993368     38.43    905996    754708      1412
05:00:11 PM    335696   1726992     83.73     94640    687960    993368     38.43    907696    754704      1556
05:00:12 PM    334208   1728480     83.80     94640    688040    993368     38.43    909340    754708      1636
05:00:13 PM    332720   1729968     83.87     94640    688140    993368     38.43    910880    754708      1736
05:00:14 PM    331232   1731456     83.94     94640    688248    993368     38.43    912264    754712      1844
05:00:15 PM    329184   1733504     84.04     94640    688348    993368     38.43    914184    754704      1944
05:00:16 PM    329124   1733564     84.04     94640    688452    993368     38.43    914388    754708      2016
05:00:17 PM    329000   1733688     84.05     94640    688532    993368     38.43    914432    754704      2096
05:00:18 PM    328836   1733852     84.06     94640    688628    993368     38.43    914568    754704      2192
05:00:19 PM    328844   1733844     84.06     94640    688660    993368     38.43    914584    754708      2228
05:00:20 PM    328488   1734200     84.07     94644    688812    993368     38.43    914740    754704      2384
05:00:21 PM    328340   1734348     84.08     94644    688904    993368     38.43    914852    754704      2472
05:00:22 PM    328224   1734464     84.09     94644    688924    993368     38.43    914856    754708      2492
05:00:23 PM    328216   1734472     84.09     94644    689036    993368     38.43    914992    754708      2604
05:00:24 PM    328092   1734596     84.09     94644    689156    993368     38.43    915064    754708      2724
05:00:25 PM    327844   1734844     84.11     94652    689228    993368     38.43    915232    754708      2804
05:00:26 PM    327852   1734836     84.11     94652    689324    993368     38.43    915264    754708      2892
05:00:27 PM    327728   1734960     84.11     94652    689352    993368     38.43    915304    754708      2920
05:00:28 PM    327728   1734960     84.11     94652    689472    993368     38.43    915388    754712      3040
05:00:29 PM    327644   1735044     84.12     94652    689616    993368     38.43    915424    754712      3184
05:00:30 PM    327652   1735036     84.12     94656    689672    993368     38.43    915416    754712      2692
Average:       357779   1704909     82.65     94587    684449   1005560     38.90    885537    754707      1270
