Linux 4.4.0-31-generic (fw-suricata) 	12/08/2017 	_i686_	(1 CPU)

04:12:49 PM kbmemfree kbmemused  %memused kbbuffers  kbcached  kbcommit   %commit  kbactive   kbinact   kbdirty
04:12:50 PM    966344   1096344     53.15    105816    723716    744916     28.82    924056    114656      1588
04:12:51 PM    966144   1096544     53.16    105816    723780    744916     28.82    924136    114656      1652
04:12:52 PM    966004   1096684     53.17    105816    723836    744916     28.82    924200    114636      1708
04:12:53 PM    965896   1096792     53.17    105816    723900    744916     28.82    924276    114636      1772
04:12:54 PM    965880   1096808     53.17    105816    723956    744916     28.82    924328    114640      1880
04:12:55 PM    965772   1096916     53.18    105816    724020    744916     28.82    924404    114636      1948
04:12:56 PM    965756   1096932     53.18    105816    724072    744916     28.82    924436    114636      2000
04:12:57 PM    965632   1097056     53.19    105816    724136    744916     28.82    924512    114636      2064
04:12:58 PM    965600   1097088     53.19    105816    724188    744916     28.82    924568    114636       552
04:12:59 PM    965516   1097172     53.19    105816    724248    744916     28.82    924584    114636       664
04:13:00 PM    965476   1097212     53.19    105816    724304    744916     28.82    924668    114640       740
04:13:01 PM    965376   1097312     53.20    105816    724364    744916     28.82    924744    114636       800
04:13:02 PM    965236   1097452     53.20    105816    724424    744916     28.82    924812    114636       860
04:13:03 PM    965340   1097348     53.20    105820    724416    744916     28.82    924836    114632       520
04:13:04 PM    965268   1097420     53.20    105820    724536    744916     28.82    924920    114632       608
04:13:05 PM    965152   1097536     53.21    105820    724612    744916     28.82    925012    114632       700
04:13:06 PM    965136   1097552     53.21    105820    724676    744916     28.82    925068    114640       764
04:13:07 PM    965128   1097560     53.21    105820    724736    744916     28.82    925140    114632       824
04:13:08 PM    964980   1097708     53.22    105820    724792    744916     28.82    925176    114632       880
04:13:09 PM    964904   1097784     53.22    105820    724860    744916     28.82    925260    114636       952
04:13:10 PM    964832   1097856     53.22    105820    724900    744916     28.82    925312    114636       992
04:13:11 PM    964904   1097784     53.22    105820    724908    744916     28.82    925352    114636      1000
04:13:12 PM    964740   1097948     53.23    105820    725024    744916     28.82    925380    114636      1116
04:13:13 PM    964764   1097924     53.23    105820    725088    744916     28.82    925476    114636      1180
04:13:14 PM    964516   1098172     53.24    105820    725128    744916     28.82    925544    114636      1216
04:13:15 PM    964532   1098156     53.24    105820    725200    744916     28.82    925616    114640      1288
04:13:16 PM    964368   1098320     53.25    105820    725260    744916     28.82    925664    114636      1348
04:13:17 PM    964392   1098296     53.25    105820    725320    744916     28.82    925728    114636      1408
04:13:18 PM    964236   1098452     53.25    105820    725368    744916     28.82    925800    114636      1456
04:13:19 PM    964372   1098316     53.25    105820    725440    744916     28.82    925820    114636      1512
04:13:20 PM    964268   1098420     53.25    105820    725496    744916     28.82    925900    114636      1568
04:13:21 PM    964260   1098428     53.25    105820    725564    744916     28.82    925968    114644      1636
04:13:22 PM    964120   1098568     53.26    105820    725616    744916     28.82    926016    114636      1688
04:13:23 PM    964160   1098528     53.26    105820    725692    744916     28.82    926072    114636      1200
04:13:24 PM    963988   1098700     53.27    105820    725752    744916     28.82    926160    114636      1296
04:13:25 PM    963912   1098776     53.27    105820    725812    744916     28.82    926220    114640      1388
04:13:26 PM    963992   1098696     53.27    105820    725856    744916     28.82    926288    114640      1432
04:13:27 PM    963864   1098824     53.27    105820    725924    744916     28.82    926444    114636      1500
04:13:28 PM    963616   1099072     53.28    105820    725980    744916     28.82    926488    114636      1556
04:13:29 PM    963516   1099172     53.29    105820    726044    744916     28.82    926544    114640      1620
04:13:30 PM    963332   1099356     53.30    105820    726104    744916     28.82    926592    114636      1680
04:13:31 PM    963532   1099156     53.29    105820    726164    744916     28.82    926640    114640      1740
04:13:32 PM    963360   1099328     53.30    105820    726220    744916     28.82    926724    114632      1796
04:13:33 PM    963268   1099420     53.30    105820    726280    744916     28.82    926784    114636       316
04:13:34 PM    963200   1099488     53.30    105820    726340    744916     28.82    926876    114632       400
04:13:35 PM    963408   1099280     53.29    105820    726396    744916     28.82    926884    114632       476
04:13:36 PM    963088   1099600     53.31    105820    726452    744916     28.82    926960    114632       532
04:13:37 PM    963144   1099544     53.31    105820    726528    744916     28.82    926940    114644       608
04:13:38 PM    963004   1099684     53.31    105820    726588    744916     28.82    927032    114640       552
04:13:39 PM    963136   1099552     53.31    105820    726644    744916     28.82    927036    114636       644
04:13:40 PM    962980   1099708     53.31    105820    726700    744916     28.82    927128    114636       688
04:13:41 PM    963044   1099644     53.31    105820    726748    744916     28.82    927176    114636       740
04:13:42 PM    962996   1099692     53.31    105820    726820    744916     28.82    927228    114636       812
04:13:43 PM    962904   1099784     53.32    105820    726880    744916     28.82    927320    114636       872
04:13:44 PM    962756   1099932     53.33    105820    726936    744916     28.82    927364    114636       932
04:13:45 PM    962656   1100032     53.33    105820    726940    744916     28.82    927392    114636       936
04:13:46 PM    962508   1100180     53.34    105820    727056    744916     28.82    927472    114636      1052
04:13:47 PM    962672   1100016     53.33    105820    727120    744916     28.82    927528    114640      1116
04:13:48 PM    962500   1100188     53.34    105820    727172    744916     28.82    927608    114636      1168
04:13:49 PM    962512   1100176     53.34    105820    727220    744916     28.82    927680    114636      1216
04:13:50 PM    962508   1100180     53.34    105820    727288    744916     28.82    927744    114636      1284
04:13:51 PM    962252   1100436     53.35    105820    727352    744916     28.82    927748    114636      1348
04:13:52 PM    962144   1100544     53.35    105820    727412    744916     28.82    927836    114644      1408
04:13:53 PM    962248   1100440     53.35    105820    727472    744916     28.82    927916    114636      1468
04:13:54 PM    962228   1100460     53.35    105820    727540    744916     28.82    927980    114636      1536
04:13:55 PM    962160   1100528     53.35    105820    727600    744916     28.82    928040    114636      1596
04:13:56 PM    962012   1100676     53.36    105820    727656    744916     28.82    928096    114636      1652
04:13:57 PM    962036   1100652     53.36    105820    727652    744916     28.82    928124    114636      1648
04:13:58 PM    962012   1100676     53.36    105820    727716    744916     28.82    928200    114644      1212
04:13:59 PM    961928   1100760     53.37    105820    727840    744916     28.82    928276    114640      1264
04:14:00 PM    961896   1100792     53.37    105820    727892    744916     28.82    928332    114636      1360
04:14:01 PM    961680   1101008     53.38    105820    727896    744916     28.82    928364    114640      1364
04:14:02 PM    961756   1100932     53.37    105820    728016    744916     28.82    928484    114636      1484
04:14:03 PM    961672   1101016     53.38    105820    728072    744916     28.82    928512    114640      1540
04:14:04 PM    961516   1101172     53.39    105820    728128    744916     28.82    928572    114636      1596
04:14:05 PM    961472   1101216     53.39    105820    728188    744916     28.82    928640    114636      1656
04:14:06 PM    961384   1101304     53.39    105820    728256    744916     28.82    928692    114636      1724
04:14:07 PM    961376   1101312     53.39    105820    728312    744916     28.82    928760    114636      1780
04:14:08 PM    961292   1101396     53.40    105820    728320    744916     28.82    928836    114648       312
04:14:09 PM    961240   1101448     53.40    105820    728428    744916     28.82    928912    114632       380
04:14:10 PM    961028   1101660     53.41    105820    728500    744916     28.82    928952    114636       472
04:14:11 PM    961044   1101644     53.41    105820    728552    744916     28.82    929016    114632       524
04:14:12 PM    960864   1101824     53.42    105820    728560    744916     28.82    929024    114640       532
04:14:13 PM    961024   1101664     53.41    105820    728668    744916     28.82    929124    114644       524
04:14:14 PM    960896   1101792     53.42    105820    728740    744916     28.82    929196    114640       644
04:14:15 PM    960880   1101808     53.42    105820    728796    744916     28.82    929252    114644       688
04:14:16 PM    960772   1101916     53.42    105820    728856    744916     28.82    929272    114636       752
04:14:17 PM    960788   1101900     53.42    105820    728900    744916     28.82    929360    114636       796
04:14:18 PM    960812   1101876     53.42    105820    728976    744916     28.82    929440    114636       872
04:14:19 PM    960640   1102048     53.43    105820    729032    744916     28.82    929496    114636       932
04:14:20 PM    960512   1102176     53.43    105820    729028    744916     28.82    929496    114636       936
04:14:21 PM    960564   1102124     53.43    105820    729080    744916     28.82    929548    114636       988
04:14:22 PM    960400   1102288     53.44    105820    729208    744916     28.82    929668    114636      1116
04:14:23 PM    960284   1102404     53.45    105820    729272    744916     28.82    929732    114644      1180
04:14:24 PM    960264   1102424     53.45    105820    729276    744916     28.82    929784    114644      1184
04:14:25 PM    960276   1102412     53.45    105820    729332    744916     28.82    929848    114636      1240
04:14:26 PM    960192   1102496     53.45    105820    729460    744916     28.82    929928    114640      1368
04:14:27 PM    960060   1102628     53.46    105820    729512    744916     28.82    929980    114636      1420
04:14:28 PM    960116   1102572     53.45    105820    729508    744916     28.82    929984    114636      1416
04:14:29 PM    960036   1102652     53.46    105820    729628    744916     28.82    930120    114636      1536
04:14:30 PM    959912   1102776     53.46    105820    729696    744916     28.82    930164    114644      1604
04:14:31 PM    959780   1102908     53.47    105820    729752    744916     28.82    930224    114636      1660
04:14:32 PM    959876   1102812     53.46    105820    729808    744916     28.82    930308    114636      1716
04:14:33 PM    959788   1102900     53.47    105820    729872    744916     28.82    930368    114632      1228
04:14:34 PM    959696   1102992     53.47    105820    729928    744916     28.82    930412    114632      1268
04:14:35 PM    959508   1103180     53.48    105820    729984    744916     28.82    930468    114632      1368
04:14:36 PM    959520   1103168     53.48    105820    729976    744916     28.82    930500    114632      1360
04:14:37 PM    959680   1103008     53.47    105820    730096    744916     28.82    930608    114632      1480
04:14:38 PM    959408   1103280     53.49    105820    730160    744916     28.82    930640    114636       248
04:14:39 PM    959416   1103272     53.49    105820    730220    744916     28.82    930696    114636       316
04:14:40 PM    959168   1103520     53.50    105820    730280    744916     28.82    930784    114636       396
04:14:41 PM    959276   1103412     53.49    105820    730352    744916     28.82    930828    114636       468
04:14:42 PM    959168   1103520     53.50    105820    730416    744916     28.82    930896    114640       532
04:14:43 PM    959076   1103612     53.50    105820    730472    744916     28.82    930920    114636       524
04:14:44 PM    959016   1103672     53.51    105820    730472    744916     28.82    930952    114636       600
04:14:45 PM    959076   1103612     53.50    105820    730592    744916     28.82    931084    114636       676
04:14:46 PM    958944   1103744     53.51    105820    730648    744916     28.82    931136    114636       732
04:14:47 PM    958952   1103736     53.51    105820    730712    744916     28.82    931192    114640       796
04:14:48 PM    958820   1103868     53.52    105820    730756    744916     28.82    931216    114636       736
04:14:49 PM    958788   1103900     53.52    105820    730828    744916     28.82    931320    114640       836
04:14:50 PM    958672   1104016     53.52    105820    730884    744916     28.82    931380    114636       884
04:14:51 PM    958672   1104016     53.52    105820    730936    744916     28.82    931444    114636       936
04:14:52 PM    958664   1104024     53.52    105820    730984    744916     28.82    931468    114636       984
04:14:53 PM    958548   1104140     53.53    105820    731048    744916     28.82    931544    114636      1048
04:14:54 PM    958580   1104108     53.53    105820    731128    744916     28.82    931620    114640      1132
04:14:55 PM    958408   1104280     53.54    105820    731192    744916     28.82    931680    114644      1196
04:14:56 PM    958456   1104232     53.53    105820    731244    744916     28.82    931740    114636      1248
04:14:57 PM    958324   1104364     53.54    105820    731312    744916     28.82    931804    114636      1316
04:14:58 PM    958292   1104396     53.54    105820    731376    744916     28.82    931872    114636      1380
04:14:59 PM    958168   1104520     53.55    105820    731428    744916     28.82    931912    114636      1432
04:15:00 PM    958176   1104512     53.55    105820    731428    744916     28.82    932016    114636      1432
04:15:01 PM    957924   1104764     53.56    105820    731548    744916     28.82    932084    114632      1552
04:15:02 PM    957920   1104768     53.56    105820    731608    744916     28.82    932144    114632      1620
04:15:03 PM    957820   1104868     53.56    105820    731660    744916     28.82    932216    114632      1672
04:15:04 PM    957756   1104932     53.57    105820    731720    744916     28.82    932296    114632      1784
04:15:05 PM    957672   1105016     53.57    105820    731776    744916     28.82    932288    114632      1816
04:15:06 PM    957712   1104976     53.57    105820    731836    744916     28.82    932332    114632      1876
04:15:07 PM    957572   1105116     53.58    105820    731896    744916     28.82    932388    114636      1936
04:15:08 PM    957712   1104976     53.57    105820    731900    744916     28.82    932372    114640      1440
04:15:09 PM    957712   1104976     53.57    105820    732016    744916     28.82    932364    114640      1488
Average:       961813   1100875     53.37    105820    727858    744916     28.82    928309    114637      1161
