Linux 4.4.0-31-generic (dpi-suricata) 	12/08/2017 	_i686_	(1 CPU)

02:32:08 PM kbmemfree kbmemused  %memused kbbuffers  kbcached  kbcommit   %commit  kbactive   kbinact   kbdirty
02:32:09 PM    790044   1272644     61.70     89428    380872    983984     38.07   1112916    104408       448
02:32:10 PM    790044   1272644     61.70     89428    380900    983984     38.07   1112948    104392       476
02:32:11 PM    790044   1272644     61.70     89428    380924    983984     38.07   1112984    104388       500
02:32:12 PM    789704   1272984     61.71     89428    380948    983984     38.07   1113000    104392       524
02:32:13 PM    789300   1273388     61.73     89436    380960    983984     38.07   1113028    104388       544
02:32:14 PM    788960   1273728     61.75     89436    381004    983984     38.07   1113848    104388       628
02:32:15 PM    787224   1275464     61.84     89436    381044    983984     38.07   1115628    104388       668
02:32:16 PM    785664   1277024     61.91     89436    381064    983984     38.07   1117136    104388       688
02:32:17 PM    784728   1277960     61.96     89436    381108    983984     38.07   1118348    104388       732
02:32:18 PM    782712   1279976     62.05     89436    381140    983984     38.07   1119996    104392       764
02:32:19 PM    781224   1281464     62.13     89436    381164    983984     38.07   1121600    104392       788
02:32:20 PM    779520   1283168     62.21     89444    381208    983984     38.07   1123292    104388         4
02:32:21 PM    778032   1284656     62.28     89444    381244    983984     38.07   1124812    104388        84
02:32:22 PM    776760   1285928     62.34     89444    381272    983984     38.07   1126144    104388       112
02:32:23 PM    774808   1287880     62.44     89448    381292    983984     38.07   1128104    104388       140
02:32:24 PM    772576   1290112     62.55     89448    381356    983984     38.07   1130136    104396       240
02:32:25 PM    770592   1292096     62.64     89448    381384    983984     38.07   1132180    104388       268
02:32:26 PM    768948   1293740     62.72     89448    381408    983984     38.07   1133848    104388       292
02:32:27 PM    765824   1296864     62.87     89448    381452    983984     38.07   1136476    104388       336
02:32:28 PM    764004   1298684     62.96     89456    381476    983984     38.07   1138404    104388       368
02:32:29 PM    761028   1301660     63.11     89456    381524    983984     38.07   1141668    104388       408
02:32:30 PM    759492   1303196     63.18     89456    381552    983984     38.07   1143384    104384       436
02:32:31 PM    757184   1305504     63.29     89456    381596    983984     38.07   1145584    104392       480
02:32:32 PM    755068   1307620     63.39     89456    381632    983984     38.07   1147592    104388       516
02:32:33 PM    753720   1308968     63.46     89464    381656    983984     38.07   1148912    104392       548
02:32:34 PM    752704   1309984     63.51     89464    381692    983984     38.07   1149908    104396       580
02:32:35 PM    752316   1310372     63.53     89464    381708    983984     38.07   1150408    104388       596
02:32:36 PM    751944   1310744     63.55     89464    381740    983984     38.07   1150780    104388       628
02:32:37 PM    751540   1311148     63.57     89464    381780    983984     38.07   1150988    104388       668
02:32:38 PM    750096   1312592     63.64     89464    381808    983984     38.07   1152120    104388       696
02:32:39 PM    749976   1312712     63.64     89464    381844    983984     38.07   1152524    104392       736
02:32:40 PM    749516   1313172     63.66     89464    381884    983984     38.07   1153432    104388       776
02:32:41 PM    749356   1313332     63.67     89464    381924    983984     38.07   1153620    104392       816
02:32:42 PM    749232   1313456     63.68     89464    381948    983984     38.07   1153660    104388       840
02:32:43 PM    748084   1314604     63.73     89472    381968    983984     38.07   1154684    104388       868
02:32:44 PM    747432   1315256     63.76     89472    382020    983984     38.07   1154964    104396       912
02:32:45 PM    747248   1315440     63.77     89472    382048    983984     38.07   1155280    104388       940
02:32:46 PM    747124   1315564     63.78     89472    382064    983984     38.07   1155364    104388       956
02:32:47 PM    746628   1316060     63.80     89472    382100    983984     38.07   1155744    104392       992
02:32:48 PM    746556   1316132     63.81     89476    382116    983984     38.07   1155700    104388      1012
02:32:49 PM    745860   1316828     63.84     89476    382136    983984     38.07   1156568    104388      1028
02:32:50 PM    745076   1317612     63.88     89476    382156    983984     38.07   1156884    104392       612
02:32:51 PM    745216   1317472     63.87     89476    382176    983984     38.07   1157212    104392       612
02:32:52 PM    745248   1317440     63.87     89476    382192    983984     38.07   1157284    104384       628
02:32:53 PM    744688   1318000     63.90     89480    382216    983984     38.07   1157456    104384       656
02:32:54 PM    744744   1317944     63.89     89480    382244    983984     38.07   1157628    104388       680
02:32:55 PM    744596   1318092     63.90     89480    382264    983984     38.07   1157984    104388        32
02:32:56 PM    744336   1318352     63.91     89480    382288    983984     38.07   1158144    104388       100
02:32:57 PM    744224   1318464     63.92     89480    382308    983984     38.07   1158128    104388       124
02:32:58 PM    743728   1318960     63.94     89484    382316    983984     38.07   1158680    104388       136
02:32:59 PM    743696   1318992     63.95     89484    382352    983984     38.07   1158808    104388       196
02:33:00 PM    743284   1319404     63.97     89484    382380    983984     38.07   1158852    104400       224
02:33:01 PM    743204   1319484     63.97     89484    382412    983984     38.07   1159124    104388       256
02:33:03 PM    743188   1319500     63.97     89484    382440    983984     38.07   1159108    104388       284
02:33:04 PM    742820   1319868     63.99     89492    382452    983984     38.07   1159600    104388       304
02:33:05 PM    742212   1320476     64.02     89492    382476    983984     38.07   1159976    104388       332
02:33:06 PM    741392   1321296     64.06     89492    382500    983984     38.07   1160620    104388       356
02:33:07 PM    741320   1321368     64.06     89492    382520    983984     38.07   1160904    104388       376
02:33:08 PM    741392   1321296     64.06     89492    382544    983984     38.07   1160812    104388       400
02:33:09 PM    741236   1321452     64.06     89496    382560    983984     38.07   1160916    104388       420
02:33:10 PM    740864   1321824     64.08     89496    382588    983984     38.07   1161240    104388       444
02:33:11 PM    740492   1322196     64.10     89496    382600    983984     38.07   1161644    104388       456
02:33:12 PM    740012   1322676     64.12     89496    382624    983984     38.07   1162084    104388       480
02:33:13 PM    740088   1322600     64.12     89496    382644    983984     38.07   1162056    104388       500
02:33:14 PM    739772   1322916     64.14     89500    382664    983984     38.07   1162504    104396       524
02:33:15 PM    739044   1323644     64.17     89500    382688    983984     38.07   1163272    104388       544
02:33:16 PM    738128   1324560     64.22     89500    382712    983984     38.07   1164184    104392       568
02:33:17 PM    737804   1324884     64.23     89500    382728    983984     38.07   1164240    104388       584
02:33:18 PM    737664   1325024     64.24     89500    382756    983984     38.07   1164348    104388       612
02:33:19 PM    737540   1325148     64.24     89508    382772    983984     38.07   1164464    104388       636
02:33:20 PM    737408   1325280     64.25     89508    382808    983984     38.07   1164824    104392       668
02:33:21 PM    735188   1327500     64.36     89508    382828    983984     38.07   1166592    104396       688
02:33:22 PM    734772   1327916     64.38     89508    382856    983984     38.07   1167116    104392       716
02:33:23 PM    734532   1328156     64.39     89508    382872    983984     38.07   1167608    104384       732
02:33:24 PM    734504   1328184     64.39     89508    382892    983984     38.07   1167756    104384       752
02:33:25 PM    734240   1328448     64.40     89508    382908    983984     38.07   1167828    104384       768
02:33:26 PM    734008   1328680     64.41     89508    382932    983984     38.07   1168116    104388       612
02:33:27 PM    733920   1328768     64.42     89508    382988    983984     38.07   1168060    104396       640
02:33:28 PM    733668   1329020     64.43     89508    383028    983984     38.07   1168556    104388       680
02:33:29 PM    733280   1329408     64.45     89516    383056    983984     38.07   1168632    104392       716
02:33:30 PM    733140   1329548     64.46     89516    383096    983984     38.07   1168688    104388       752
02:33:31 PM    732932   1329756     64.47     89516    383124    983984     38.07   1168716    104388       124
02:33:32 PM    732828   1329860     64.47     89516    383148    983984     38.07   1168824    104388       184
02:33:33 PM    732892   1329796     64.47     89516    383192    983984     38.07   1168960    104392       228
02:33:34 PM    732884   1329804     64.47     89520    383224    983984     38.07   1169084    104388       268
02:33:35 PM    732668   1330020     64.48     89520    383340    983984     38.07   1169392    104388       412
02:33:36 PM    732328   1330360     64.50     89520    383432    983984     38.07   1169472    104392       504
02:33:37 PM    732080   1330608     64.51     89520    383504    983984     38.07   1169628    104396       576
02:33:38 PM    732016   1330672     64.51     89520    383592    983984     38.07   1169808    104392       664
02:33:39 PM    731792   1330896     64.52     89528    383600    983984     38.07   1169984    104388       680
02:33:40 PM    731556   1331132     64.53     89528    383720    983984     38.07   1170184    104388       796
02:33:41 PM    731356   1331332     64.54     89528    383852    983984     38.07   1170280    104388       928
02:33:42 PM    730876   1331812     64.57     89528    383912    983984     38.07   1171004    104388       988
02:33:43 PM    730464   1332224     64.59     89528    384012    983984     38.07   1171444    104388      1088
02:33:44 PM    729992   1332696     64.61     89532    384032    983984     38.07   1171464    104388      1112
02:33:45 PM    730028   1332660     64.61     89532    384220    983984     38.07   1171576    104388      1296
02:33:46 PM    729972   1332716     64.61     89532    384264    983984     38.07   1171812    104388      1340
02:33:47 PM    729964   1332724     64.61     89532    384368    983984     38.07   1171772    104388      1444
02:33:48 PM    729584   1333104     64.63     89532    384416    983984     38.07   1172344    104392      1492
02:33:49 PM    729204   1333484     64.65     89540    384448    983984     38.07   1172576    104392      1532
02:33:50 PM    728908   1333780     64.66     89540    384632    983984     38.07   1172960    104388      1708
02:33:51 PM    728364   1334324     64.69     89540    384756    983984     38.07   1173332    104384       112
02:33:52 PM    727572   1335116     64.73     89540    384820    983984     38.07   1173880    104388       240
02:33:53 PM    726852   1335836     64.76     89540    384908    983984     38.07   1174684    104384       328
02:33:54 PM    726440   1336248     64.78     89548    385024    983984     38.07   1175212    104384       504
02:33:55 PM    726172   1336516     64.79     89548    385092    983984     38.07   1175320    104384       548
02:33:56 PM    726208   1336480     64.79     89548    385184    983984     38.07   1175360    104384       640
02:33:57 PM    725656   1337032     64.82     89548    385288    983984     38.07   1175788    104392       748
02:33:58 PM    725736   1336952     64.82     89548    385376    983984     38.07   1175828    104388       836
02:33:59 PM    725576   1337112     64.82     89552    385500    983984     38.07   1176200    104392       964
02:34:00 PM    724828   1337860     64.86     89552    385564    983984     38.07   1176728    104388      1028
02:34:01 PM    723824   1338864     64.91     89552    385684    983984     38.07   1177516    104388      1148
02:34:02 PM    723820   1338868     64.91     89552    385732    983984     38.07   1177612    104388      1196
02:34:03 PM    721804   1340884     65.01     89552    385860    983984     38.07   1179712    104388      1324
02:34:04 PM    718768   1343920     65.15     89560    385984    983984     38.07   1182840    104388      1456
02:34:05 PM    716784   1345904     65.25     89560    386068    983984     38.07   1184760    104388      1532
02:34:06 PM    715388   1347300     65.32     89560    386168    983984     38.07   1186564    104388      1632
02:34:07 PM    713560   1349128     65.41     89560    386260    983984     38.07   1188272    104388      1724
02:34:08 PM    711700   1350988     65.50     89560    386344    983984     38.07   1190204    104388      1808
02:34:09 PM    710344   1352344     65.56     89564    386428    983984     38.07   1191560    104388      1896
02:34:10 PM    707880   1354808     65.68     89564    386536    983984     38.07   1193928    104388      2000
02:34:11 PM    706060   1356628     65.77     89564    386624    983984     38.07   1195448    104388      2088
02:34:12 PM    704584   1358104     65.84     89564    386736    983984     38.07   1197324    104388      2200
02:34:13 PM    702472   1360216     65.94     89564    386840    983984     38.07   1199264    104392      2304
02:34:14 PM    700132   1362556     66.06     89568    386968    983984     38.07   1201148    104396      2436
02:34:15 PM    699976   1362712     66.06     89568    387024    983984     38.07   1201276    104392      2488
02:34:16 PM    699984   1362704     66.06     89568    387116    983984     38.07   1201368    104388      2580
02:34:17 PM    699828   1362860     66.07     89568    387204    983984     38.07   1201464    104388      2668
02:34:18 PM    699744   1362944     66.08     89568    387292    983984     38.07   1201516    104388      2756
02:34:19 PM    699704   1362984     66.08     89572    387380    983984     38.07   1201652    104388      2848
02:34:20 PM    699584   1363104     66.08     89572    387472    983984     38.07   1201768    104388      2936
02:34:21 PM    688452   1374236     66.62     89572    387556    983984     38.07   1212716    104384      3020
02:34:22 PM    688536   1374152     66.62     89572    387660    983984     38.07   1212696    104384      3124
02:34:23 PM    688628   1374060     66.62     89572    387712    983984     38.07   1212640    104384      3176
02:34:24 PM    688568   1374120     66.62     89576    387856    983984     38.07   1212788    104384      3324
02:34:25 PM    688388   1374300     66.63     89576    387928    983984     38.07   1212880    104388      3392
02:34:26 PM    688304   1374384     66.63     89592    388060    983984     38.07   1213008    104388       188
02:34:27 PM    688296   1374392     66.63     89592    388112    983984     38.07   1213120    104396       248
02:34:28 PM    688044   1374644     66.64     89592    388188    983984     38.07   1213068    104388       324
02:34:29 PM    688276   1374412     66.63     89596    388308    983984     38.07   1212844    104388       448
Average:       737412   1325276     64.25     89506    383546    983984     38.07   1164673    104389       896
