Linux 4.4.0-31-generic (fw-suricata) 	12/08/2017 	_i686_	(1 CPU)

02:32:08 PM  CPU    %usr   %nice    %sys %iowait    %irq   %soft  %steal  %guest  %gnice   %idle
02:32:09 PM  all    1.02    0.00   11.22    1.02    0.00    0.00    0.00    0.00    0.00   86.73
02:32:10 PM  all    2.00    0.00    4.00    0.00    0.00    0.00    0.00    0.00    0.00   94.00
02:32:11 PM  all    2.02    0.00    2.02    0.00    0.00    0.00    0.00    0.00    0.00   95.96
02:32:12 PM  all    0.00    0.00    4.12    0.00    0.00    0.00    0.00    0.00    0.00   95.88
02:32:13 PM  all    3.03    0.00    2.02    0.00    0.00    1.01    1.01    0.00    0.00   92.93
02:32:14 PM  all    1.01    0.00    2.02    5.05    0.00    0.00    1.01    0.00    0.00   90.91
02:32:15 PM  all    0.00    0.00    2.04    0.00    0.00    0.00    1.02    0.00    0.00   96.94
02:32:16 PM  all    2.00    0.00    2.00    0.00    0.00    0.00    1.00    0.00    0.00   95.00
02:32:17 PM  all    0.99    0.00    2.97    0.00    0.00    0.00    0.99    0.00    0.00   95.05
02:32:18 PM  all    0.99    0.00    1.98    0.00    0.00    0.00    1.98    0.00    0.00   95.05
02:32:19 PM  all    0.00    0.00    3.00    2.00    0.00    0.00    1.00    0.00    0.00   94.00
02:32:20 PM  all    1.98    0.00    1.98    0.00    0.00    0.00    0.99    0.00    0.00   95.05
02:32:21 PM  all    1.01    0.00    2.02    0.00    0.00    0.00    1.01    0.00    0.00   95.96
02:32:22 PM  all    1.01    0.00    2.02    0.00    0.00    0.00    0.00    0.00    0.00   96.97
02:32:23 PM  all    0.00    0.00    3.03    0.00    0.00    0.00    1.01    0.00    0.00   95.96
02:32:24 PM  all    0.99    0.00    2.97    1.98    0.00    0.00    0.99    0.00    0.00   93.07
02:32:25 PM  all    1.00    0.00    2.00    0.00    0.00    0.00    1.00    0.00    0.00   96.00
02:32:26 PM  all    1.01    0.00    2.02    0.00    0.00    0.00    1.01    0.00    0.00   95.96
02:32:27 PM  all    0.00    0.00    2.02    0.00    0.00    0.00    2.02    0.00    0.00   95.96
02:32:28 PM  all    1.00    0.00    3.00    0.00    0.00    0.00    1.00    0.00    0.00   95.00
02:32:29 PM  all    2.00    0.00    2.00   30.00    0.00    0.00    1.00    0.00    0.00   65.00
02:32:30 PM  all    0.00    0.00    3.92    0.98    0.00    0.00    1.96    0.00    0.00   93.14
02:32:31 PM  all    1.01    0.00    2.02    0.00    0.00    1.01    0.00    0.00    0.00   95.96
02:32:32 PM  all    0.99    0.00    2.97    0.00    0.00    0.00    0.99    0.00    0.00   95.05
02:32:33 PM  all    0.00    0.00    2.04    0.00    0.00    0.00    1.02    0.00    0.00   96.94
02:32:34 PM  all    1.01    0.00    2.02    6.06    0.00    0.00    1.01    0.00    0.00   89.90
02:32:35 PM  all    0.99    0.00    2.97    0.00    0.00    0.00    0.99    0.00    0.00   95.05
02:32:36 PM  all    1.01    0.00    1.01    0.00    0.00    0.00    2.02    0.00    0.00   95.96
02:32:37 PM  all    0.00    0.00    4.00    0.00    0.00    0.00    1.00    0.00    0.00   95.00
02:32:38 PM  all    0.00    0.00    3.00    0.00    0.00    1.00    1.00    0.00    0.00   95.00
02:32:39 PM  all    1.03    0.00    2.06   17.53    0.00    0.00    0.00    0.00    0.00   79.38
02:32:40 PM  all    1.96    0.00    1.96    0.00    0.00    0.00    1.96    0.00    0.00   94.12
02:32:41 PM  all    1.01    0.00    2.02    0.00    0.00    0.00    1.01    0.00    0.00   95.96
02:32:42 PM  all    2.00    0.00    2.00    0.00    0.00    0.00    1.00    0.00    0.00   95.00
02:32:43 PM  all    0.00    0.00    3.00    0.00    0.00    0.00    2.00    0.00    0.00   95.00
02:32:44 PM  all    0.99    0.00    2.97    5.94    0.00    0.00    1.98    0.00    0.00   88.12
02:32:45 PM  all    0.00    0.00    3.00    0.00    0.00    0.00    2.00    0.00    0.00   95.00
02:32:46 PM  all    0.99    0.00    3.96    0.00    0.00    0.00    0.99    0.00    0.00   94.06
02:32:47 PM  all    1.00    0.00    2.00    0.00    0.00    0.00    1.00    0.00    0.00   96.00
02:32:48 PM  all    1.98    0.00    1.98    0.00    0.00    0.99    1.98    0.00    0.00   93.07
02:32:49 PM  all    0.00    0.00    4.00    2.00    0.00    0.00    1.00    0.00    0.00   93.00
02:32:50 PM  all    0.00    0.00    2.04    0.00    0.00    0.00    1.02    0.00    0.00   96.94
02:32:51 PM  all    1.00    0.00    2.00    0.00    0.00    0.00    1.00    0.00    0.00   96.00
02:32:52 PM  all    0.98    0.00    3.92    0.00    0.00    0.00    1.96    0.00    0.00   93.14
02:32:53 PM  all    2.00    0.00    1.00    0.00    0.00    1.00    1.00    0.00    0.00   95.00
02:32:54 PM  all    0.00    0.00    3.03    2.02    0.00    0.00    2.02    0.00    0.00   92.93
02:32:55 PM  all    1.98    0.00    1.98    0.00    0.00    0.00    0.99    0.00    0.00   95.05
02:32:56 PM  all    0.00    0.00    4.00    0.00    0.00    0.00    1.00    0.00    0.00   95.00
02:32:57 PM  all    2.00    0.00    3.00    0.00    0.00    0.00    0.00    0.00    0.00   95.00
02:32:58 PM  all    1.96    0.00    3.92    0.00    0.00    0.00    0.98    0.00    0.00   93.14
02:32:59 PM  all    0.99    0.00    2.97    9.90    0.00    0.00    0.99    0.00    0.00   85.15
02:33:00 PM  all    1.00    0.00    3.00    0.00    0.00    0.00    1.00    0.00    0.00   95.00
02:33:01 PM  all    0.99    0.00    2.97    0.00    0.00    0.00    0.99    0.00    0.00   95.05
02:33:02 PM  all    0.99    0.00    2.97    0.00    0.00    0.99    0.99    0.00    0.00   94.06
02:33:03 PM  all    1.98    0.00    1.98    0.00    0.00    0.00    0.99    0.00    0.00   95.05
02:33:04 PM  all    1.02    0.00    2.04    4.08    0.00    0.00    0.00    0.00    0.00   92.86
02:33:05 PM  all    0.00    0.00    3.00    0.00    0.00    0.00    1.00    0.00    0.00   96.00
02:33:06 PM  all    1.00    0.00    3.00    0.00    0.00    0.00    1.00    0.00    0.00   95.00
02:33:07 PM  all    2.00    0.00    2.00    0.00    0.00    0.00    0.00    0.00    0.00   96.00
02:33:08 PM  all    1.00    0.00    2.00    0.00    0.00    0.00    2.00    0.00    0.00   95.00
02:33:09 PM  all    1.01    0.00    2.02    2.02    0.00    0.00    0.00    0.00    0.00   94.95
02:33:10 PM  all    0.00    0.00    2.02    0.00    0.00    0.00    1.01    0.00    0.00   96.97
02:33:11 PM  all    0.99    0.00    2.97    0.00    0.00    0.00    0.99    0.00    0.00   95.05
02:33:12 PM  all    1.01    0.00    2.02    0.00    0.00    0.00    1.01    0.00    0.00   95.96
02:33:13 PM  all    0.00    0.00    4.00    0.00    0.00    0.00    1.00    0.00    0.00   95.00
02:33:14 PM  all    0.99    0.00    2.97    4.95    0.00    0.00    1.98    0.00    0.00   89.11
02:33:15 PM  all    1.01    0.00    3.03    0.00    0.00    0.00    0.00    0.00    0.00   95.96
02:33:16 PM  all    0.00    0.00    2.04    0.00    0.00    0.00    1.02    0.00    0.00   96.94
02:33:17 PM  all    1.01    0.00    2.02    0.00    0.00    0.00    0.00    0.00    0.00   96.97
02:33:18 PM  all    1.00    0.00    3.00    0.00    0.00    0.00    1.00    0.00    0.00   95.00
02:33:19 PM  all    0.00    0.00    4.00    5.00    0.00    0.00    0.00    0.00    0.00   91.00
02:33:20 PM  all    0.99    0.00    2.97    0.00    0.00    0.99    0.99    0.00    0.00   94.06
02:33:21 PM  all    1.01    0.00    2.02    0.00    0.00    0.00    1.01    0.00    0.00   95.96
02:33:22 PM  all    0.99    0.00    3.96    0.00    0.00    0.00    0.00    0.00    0.00   95.05
02:33:23 PM  all    0.00    0.00    3.00    0.00    0.00    0.00    2.00    0.00    0.00   95.00
02:33:24 PM  all    0.99    0.00    2.97    2.97    0.00    0.00    0.99    0.00    0.00   92.08
02:33:25 PM  all    0.00    0.00    4.00    0.00    0.00    0.00    1.00    0.00    0.00   95.00
02:33:26 PM  all    0.99    0.00    2.97    0.00    0.00    0.00    0.99    0.00    0.00   95.05
02:33:27 PM  all    1.01    0.00    2.02    0.00    0.00    0.00    1.01    0.00    0.00   95.96
02:33:28 PM  all    0.00    0.00    3.00    0.00    0.00    0.00    2.00    0.00    0.00   95.00
02:33:29 PM  all    2.04    0.00    2.04    3.06    0.00    0.00    0.00    0.00    0.00   92.86
02:33:30 PM  all    1.00    0.00    3.00    0.00    0.00    0.00    0.00    0.00    0.00   96.00
02:33:31 PM  all    0.99    0.00    3.96    0.00    0.00    0.00    0.99    0.00    0.00   94.06
02:33:32 PM  all    1.01    0.00    3.03    0.00    0.00    0.00    0.00    0.00    0.00   95.96
02:33:33 PM  all    0.98    0.00    3.92    0.00    0.00    0.00    0.98    0.00    0.00   94.12
02:33:34 PM  all    1.00    0.00    2.00    3.00    0.00    0.00    0.00    0.00    0.00   94.00
02:33:35 PM  all    1.01    0.00    2.02    0.00    0.00    0.00    1.01    0.00    0.00   95.96
02:33:36 PM  all    0.00    0.00    4.95    0.00    0.00    0.00    0.99    0.00    0.00   94.06
02:33:37 PM  all    1.96    0.00    2.94    0.00    0.00    0.00    0.98    0.00    0.00   94.12
02:33:38 PM  all    1.00    0.00    4.00    0.00    0.00    0.00    0.00    0.00    0.00   95.00
02:33:39 PM  all    0.00    0.00    3.96    2.97    0.00    0.99    0.99    0.00    0.00   91.09
02:33:40 PM  all    1.98    0.00    2.97    0.00    0.00    0.00    0.99    0.00    0.00   94.06
02:33:41 PM  all    0.00    0.00    3.03    0.00    0.00    0.00    1.01    0.00    0.00   95.96
02:33:42 PM  all    1.01    0.00    3.03    0.00    0.00    0.00    0.00    0.00    0.00   95.96
02:33:43 PM  all    0.99    0.00    2.97    0.00    0.00    0.00    0.99    0.00    0.00   95.05
02:33:44 PM  all    1.98    0.00    1.98    2.97    0.00    0.00    1.98    0.00    0.00   91.09
02:33:45 PM  all    1.00    0.00    3.00    0.00    0.00    0.00    0.00    0.00    0.00   96.00
02:33:46 PM  all    0.99    0.00    2.97    0.00    0.00    0.00    0.99    0.00    0.00   95.05
02:33:47 PM  all    1.01    0.00    2.02    0.00    0.00    0.00    2.02    0.00    0.00   94.95
02:33:48 PM  all    1.00    0.00    4.00    0.00    0.00    0.00    0.00    0.00    0.00   95.00
02:33:49 PM  all    2.94    0.00    1.96    5.88    0.00    0.00    1.96    0.00    0.00   87.25
02:33:50 PM  all    0.00    0.00    3.96    0.00    0.00    0.00    0.99    0.00    0.00   95.05
02:33:51 PM  all    1.01    0.00    2.02    0.00    0.00    0.00    1.01    0.00    0.00   95.96
02:33:52 PM  all    0.98    0.00    3.92    0.00    0.00    0.00    1.96    0.00    0.00   93.14
02:33:53 PM  all    1.02    0.00    2.04    0.00    0.00    0.00    0.00    0.00    0.00   96.94
02:33:54 PM  all    1.01    0.00    2.02    5.05    0.00    0.00    1.01    0.00    0.00   90.91
02:33:55 PM  all    1.98    0.00    2.97    0.00    0.00    0.00    0.99    0.00    0.00   94.06
02:33:56 PM  all    1.01    0.00    2.02    0.00    0.00    0.00    0.00    0.00    0.00   96.97
02:33:57 PM  all    1.01    0.00    3.03    0.00    0.00    0.00    0.00    0.00    0.00   95.96
02:33:58 PM  all    1.96    0.00    2.94    0.00    0.00    0.00    1.96    0.00    0.00   93.14
02:33:59 PM  all    0.00    0.00    4.00    2.00    0.00    0.00    0.00    0.00    0.00   94.00
02:34:00 PM  all    1.96    0.00    2.94    0.00    0.00    0.00    0.98    0.00    0.00   94.12
02:34:01 PM  all    1.01    0.00    2.02    0.00    0.00    0.00    0.00    0.00    0.00   96.97
02:34:02 PM  all    1.01    0.00    2.02    0.00    0.00    0.00    1.01    0.00    0.00   95.96
02:34:03 PM  all    2.00    0.00    3.00    0.00    0.00    0.00    0.00    0.00    0.00   95.00
02:34:04 PM  all    0.00    0.00    3.00    3.00    0.00    0.00    1.00    0.00    0.00   93.00
02:34:05 PM  all    2.00    0.00    2.00    0.00    0.00    0.00    0.00    0.00    0.00   96.00
02:34:06 PM  all    1.00    0.00    3.00    0.00    0.00    0.00    1.00    0.00    0.00   95.00
02:34:07 PM  all    1.00    0.00    3.00    0.00    0.00    0.00    0.00    0.00    0.00   96.00
02:34:08 PM  all    1.00    0.00    2.00    0.00    0.00    0.00    1.00    0.00    0.00   96.00
02:34:09 PM  all    0.00    0.00    4.00    2.00    0.00    0.00    2.00    0.00    0.00   92.00
02:34:10 PM  all    1.98    0.00    2.97    0.00    0.00    0.00    0.00    0.00    0.00   95.05
02:34:11 PM  all    0.99    0.00    2.97    0.00    0.00    0.00    0.99    0.00    0.00   95.05
02:34:12 PM  all    0.99    0.00    3.96    0.00    0.00    0.00    0.00    0.00    0.00   95.05
02:34:13 PM  all    2.94    0.00    1.96    0.00    0.00    0.00    0.98    0.00    0.00   94.12
02:34:14 PM  all    2.02    0.00    3.03    2.02    0.00    0.00    0.00    0.00    0.00   92.93
02:34:15 PM  all    0.00    0.00    3.06    0.00    0.00    0.00    0.00    0.00    0.00   96.94
02:34:16 PM  all    2.00    0.00    4.00    0.00    0.00    0.00    0.00    0.00    0.00   94.00
02:34:17 PM  all    1.00    0.00    4.00    0.00    0.00    0.00    0.00    0.00    0.00   95.00
02:34:18 PM  all    3.00    0.00    3.00    0.00    0.00    0.00    0.00    0.00    0.00   94.00
02:34:19 PM  all    0.00    0.00    3.00    3.00    0.00    1.00    1.00    0.00    0.00   92.00
02:34:20 PM  all    1.02    0.00    2.04    0.00    0.00    0.00    0.00    0.00    0.00   96.94
02:34:21 PM  all    1.00    0.00    5.00    0.00    0.00    0.00    0.00    0.00    0.00   94.00
02:34:22 PM  all    0.00    0.00    3.06    0.00    0.00    0.00    0.00    0.00    0.00   96.94
02:34:23 PM  all    1.01    0.00    4.04    0.00    0.00    0.00    0.00    0.00    0.00   94.95
02:34:24 PM  all    0.99    0.00    3.96    5.94    0.00    0.99    0.00    0.00    0.00   88.12
02:34:25 PM  all    1.98    0.00    4.95    0.00    0.00    0.00    0.00    0.00    0.00   93.07
02:34:26 PM  all    2.02    0.00    3.03    0.00    0.00    0.00    0.00    0.00    0.00   94.95
02:34:27 PM  all    2.00    0.00    2.00    0.00    0.00    0.00    1.00    0.00    0.00   95.00
02:34:28 PM  all    1.02    0.00    2.04    0.00    0.00    0.00    0.00    0.00    0.00   96.94
Average:     all    1.03    0.00    2.88    1.03    0.00    0.07    0.82    0.00    0.00   94.17
