Linux 4.4.0-31-generic (ids-suricata) 	12/08/2017 	_i686_	(1 CPU)

02:39:29 PM kbmemfree kbmemused  %memused kbbuffers  kbcached  kbcommit   %commit  kbactive   kbinact   kbdirty
02:39:30 PM    921968   1140720     55.30     90916    384264    738284     28.56    970568    118020       460
02:39:31 PM    921720   1140968     55.31     90916    384304    738284     28.56    970628    118004       500
02:39:32 PM    921720   1140968     55.31     90916    384328    738284     28.56    970656    118000       524
02:39:33 PM    921704   1140984     55.32     90916    384352    738284     28.56    970680    118000       548
02:39:34 PM    921564   1141124     55.32     90916    384376    738284     28.56    970704    118000       572
02:39:35 PM    921580   1141108     55.32     90916    384396    738284     28.56    970728    118000       640
02:39:36 PM    916748   1145940     55.56     90916    384432    758824     29.36    973968    118008       680
02:39:37 PM    916220   1146468     55.58     90916    384452    758824     29.36    974004    118008       700
02:39:38 PM    916128   1146560     55.59     90924    384484    758824     29.36    974056    118008         0
02:39:39 PM    915880   1146808     55.60     90932    384500    758824     29.36    974080    118008        72
02:39:40 PM    915724   1146964     55.61     90932    384532    758824     29.36    974116    118008       168
02:39:41 PM    915756   1146932     55.60     90932    384556    758824     29.36    974144    118012       192
02:39:42 PM    915848   1146840     55.60     90932    384580    758824     29.36    974168    118008       216
02:39:43 PM    915632   1147056     55.61     90932    384604    758824     29.36    974200    118008       240
02:39:44 PM    915756   1146932     55.60     90936    384624    758824     29.36    974228    118008       264
02:39:45 PM    915708   1146980     55.61     90936    384672    758824     29.36    974264    118016       312
02:39:46 PM    915632   1147056     55.61     90936    384700    758824     29.36    974320    118008       340
02:39:47 PM    915632   1147056     55.61     90936    384736    758824     29.36    974360    118008       376
02:39:48 PM    915476   1147212     55.62     90936    384776    758824     29.36    974404    118008       416
02:39:49 PM    915508   1147180     55.62     90936    384812    758824     29.36    974444    118012       452
02:39:50 PM    915384   1147304     55.62     90936    384856    758824     29.36    974496    118008       496
02:39:51 PM    915352   1147336     55.62     90936    384892    758824     29.36    974536    118008       532
02:39:52 PM    915260   1147428     55.63     90936    384940    758824     29.36    974604    118008       580
02:39:53 PM    915260   1147428     55.63     90936    384980    758824     29.36    974644    118008       620
02:39:54 PM    915352   1147336     55.62     90936    385020    758824     29.36    974704    118008       660
02:39:55 PM    915260   1147428     55.63     90944    385060    758824     29.36    974760    118012       700
02:39:56 PM    915228   1147460     55.63     90944    385100    758824     29.36    974808    118008       740
02:39:57 PM    915136   1147552     55.63     90944    385144    758824     29.36    974896    118008       784
02:39:58 PM    915100   1147588     55.64     90944    385188    758824     29.36    974968    118012       828
02:39:59 PM    914980   1147708     55.64     90944    385224    758824     29.36    975016    118008       864
02:40:00 PM    914888   1147800     55.65     90948    385272    758824     29.36    975116    118008       912
02:40:01 PM    914764   1147924     55.65     90948    385376    758824     29.36    975200    118012      1016
02:40:02 PM    914608   1148080     55.66     90948    385360    758824     29.36    975240    118008      1000
02:40:03 PM    914728   1147960     55.65     90948    385392    758824     29.36    975320    118008      1032
02:40:04 PM    914764   1147924     55.65     90948    385436    758824     29.36    975416    118008      1076
02:40:05 PM    914608   1148080     55.66     90952    385468    758824     29.36    975432    118012      1112
02:40:06 PM    914508   1148180     55.66     90952    385516    758824     29.36    975632    118008      1160
02:40:07 PM    914072   1148616     55.69     90952    385532    758824     29.36    975752    118008      1176
02:40:08 PM    914084   1148604     55.68     90952    385568    758824     29.36    975964    118008       660
02:40:09 PM    914128   1148560     55.68     90960    385648    758824     29.36    975928    118008       676
02:40:10 PM    913972   1148716     55.69     90960    385636    758824     29.36    975988    118008       660
02:40:11 PM    914004   1148684     55.69     90960    385672    758824     29.36    976048    118012       696
02:40:12 PM    913848   1148840     55.70     90960    385692    758824     29.36    976128    118008       716
02:40:13 PM    913632   1149056     55.71     90960    385728    758824     29.36    976280    118008       148
02:40:14 PM    913456   1149232     55.72     90968    385764    758824     29.36    976304    118008       176
02:40:15 PM    913500   1149188     55.71     90968    385796    758824     29.36    976520    118008       232
02:40:16 PM    913484   1149204     55.71     90968    385828    758824     29.36    976352    118008       264
02:40:17 PM    913484   1149204     55.71     90968    385860    758824     29.36    976484    118012       296
02:40:18 PM    913236   1149452     55.73     90968    385876    758824     29.36    976568    118008       312
02:40:19 PM    913080   1149608     55.73     90972    385904    758824     29.36    976588    118020       320
02:40:20 PM    913200   1149488     55.73     90972    385928    758824     29.36    976656    118008       356
02:40:21 PM    913144   1149544     55.73     90972    385952    758824     29.36    976736    118008       384
02:40:22 PM    913012   1149676     55.74     90972    385972    758824     29.36    976944    118012       404
02:40:23 PM    912896   1149792     55.74     90972    385992    758824     29.36    976932    118008       424
02:40:24 PM    912748   1149940     55.75     90976    386012    758824     29.36    977076    118008       448
02:40:25 PM    912864   1149824     55.74     90976    386032    758824     29.36    976992    118008       464
02:40:26 PM    912616   1150072     55.76     90976    386048    758824     29.36    977080    118008       480
02:40:27 PM    912584   1150104     55.76     90976    386068    758824     29.36    977124    118008       500
02:40:28 PM    912456   1150232     55.76     90976    386092    758824     29.36    977216    118012       524
02:40:29 PM    912524   1150164     55.76     90980    386108    758824     29.36    977328    118012       544
02:40:30 PM    912444   1150244     55.76     90980    386128    758824     29.36    977416    118008       560
02:40:31 PM    912392   1150296     55.77     90980    386152    758824     29.36    977508    118012       584
02:40:32 PM    912400   1150288     55.77     90980    386172    758824     29.36    977416    118008       604
02:40:33 PM    912276   1150412     55.77     90980    386192    758824     29.36    977468    118008       624
02:40:34 PM    912116   1150572     55.78     90980    386216    758824     29.36    977548    118008       648
02:40:35 PM    911840   1150848     55.79     90980    386232    758824     29.36    977616    118008       668
02:40:36 PM    911840   1150848     55.79     90980    386260    758824     29.36    977708    118012       696
02:40:37 PM    911840   1150848     55.79     90980    386288    758824     29.36    977728    118008       724
02:40:38 PM    911904   1150784     55.79     90980    386304    758824     29.36    977712    118008       740
02:40:39 PM    911888   1150800     55.79     90980    386320    758824     29.36    977948    118008       756
02:40:40 PM    911772   1150916     55.80     90988    386340    758824     29.36    977864    118008       776
02:40:41 PM    911624   1151064     55.80     90988    386364    758824     29.36    977916    118012       800
02:40:42 PM    911656   1151032     55.80     90988    386388    758824     29.36    977940    118016       824
02:40:43 PM    911532   1151156     55.81     90988    386404    758824     29.36    977952    118008       532
02:40:44 PM    911532   1151156     55.81     90988    386432    758824     29.36    977992    118012       548
02:40:45 PM    911344   1151344     55.82     90996    386448    758824     29.36    978024    118008       584
02:40:46 PM    911368   1151320     55.82     90996    386464    758824     29.36    978072    118008       600
02:40:47 PM    911532   1151156     55.81     90996    386488    758824     29.36    978108    118012       624
02:40:48 PM    911384   1151304     55.82     90996    386504    758824     29.36    978316    118008        88
02:40:49 PM    911392   1151296     55.82     90996    386540    758824     29.36    978208    118012       116
02:40:50 PM    911284   1151404     55.82     91004    386552    758824     29.36    978144    118008       152
02:40:51 PM    911216   1151472     55.82     91004    386576    758824     29.36    978176    118008       176
02:40:52 PM    911252   1151436     55.82     91004    386600    758824     29.36    978220    118008       200
02:40:53 PM    911252   1151436     55.82     91004    386636    758824     29.36    978232    118012       236
02:40:54 PM    911252   1151436     55.82     91004    386672    758824     29.36    978268    118016       248
02:40:55 PM    911284   1151404     55.82     91008    386696    758824     29.36    978308    118008       288
02:40:56 PM    911036   1151652     55.83     91008    386720    758824     29.36    978360    118008       312
02:40:57 PM    911044   1151644     55.83     91008    386740    758824     29.36    978316    118008       332
02:40:58 PM    910996   1151692     55.83     91008    386764    758824     29.36    978464    118008       356
02:40:59 PM    910716   1151972     55.85     91008    386788    758824     29.36    978500    118008       380
02:41:00 PM    910804   1151884     55.84     91012    386808    758824     29.36    978552    118008       404
02:41:01 PM    910872   1151816     55.84     91012    386840    758824     29.36    978564    118008       436
02:41:02 PM    910780   1151908     55.84     91012    386868    758824     29.36    978580    118008       464
02:41:03 PM    910716   1151972     55.85     91012    386888    758824     29.36    978644    118012       484
02:41:04 PM    910468   1152220     55.86     91012    386908    758824     29.36    978644    118008       504
02:41:05 PM    910500   1152188     55.86     91020    386932    758824     29.36    978700    118008       528
02:41:06 PM    910320   1152368     55.87     91020    386952    758824     29.36    978972    118008       548
02:41:07 PM    910376   1152312     55.86     91020    386988    758824     29.36    978724    118008       584
02:41:08 PM    910508   1152180     55.86     91020    387072    758824     29.36    978712    118008       668
02:41:09 PM    910476   1152212     55.86     91020    387168    758824     29.36    978760    118008       764
02:41:10 PM    910508   1152180     55.86     91024    387220    758824     29.36    978936    118008       816
02:41:11 PM    910416   1152272     55.86     91024    387208    758824     29.36    978876    118012       804
02:41:12 PM    910416   1152272     55.86     91024    387292    758824     29.36    978984    118016       888
02:41:13 PM    910260   1152428     55.87     91024    387380    758824     29.36    979036    118008       976
02:41:14 PM    910112   1152576     55.88     91032    387352    758824     29.36    979144    118008       956
02:41:15 PM    910084   1152604     55.88     91032    387404    758824     29.36    979272    118008      1000
02:41:16 PM    909880   1152808     55.89     91032    387480    758824     29.36    979216    118008      1076
02:41:17 PM    909912   1152776     55.89     91032    387592    758824     29.36    979312    118008      1188
02:41:18 PM    909780   1152908     55.89     91032    387644    758824     29.36    979368    118008       508
02:41:19 PM    909780   1152908     55.89     91032    387640    758824     29.36    979420    118012       604
02:41:20 PM    909532   1153156     55.91     91036    387668    758824     29.36    979424    118008       588
02:41:21 PM    909504   1153184     55.91     91036    387772    758824     29.36    979520    118008       692
02:41:22 PM    909376   1153312     55.91     91036    387796    758824     29.36    979532    118008       716
02:41:23 PM    909432   1153256     55.91     91036    387852    758824     29.36    979632    118008       220
02:41:24 PM    909416   1153272     55.91     91036    387936    758824     29.36    979652    118008       288
02:41:25 PM    909412   1153276     55.91     91040    387960    758824     29.36    979684    118008       352
02:41:26 PM    909340   1153348     55.91     91040    388052    758824     29.36    979892    118008       444
02:41:27 PM    909108   1153580     55.93     91040    388096    758824     29.36    979844    118012       488
02:41:28 PM    909140   1153548     55.92     91040    388196    758824     29.36    979988    118008       588
02:41:29 PM    909076   1153612     55.93     91040    388188    758824     29.36    979984    118008       580
02:41:30 PM    908952   1153736     55.93     91044    388280    758824     29.36    980024    118016       672
02:41:31 PM    909016   1153672     55.93     91044    388332    758824     29.36    980128    118008       724
02:41:32 PM    908660   1154028     55.95     91044    388376    758824     29.36    980160    118008       768
02:41:33 PM    908596   1154092     55.95     91044    388432    758824     29.36    980516    118008       824
02:41:34 PM    908784   1153904     55.94     91044    388540    758824     29.36    980292    118008       908
02:41:35 PM    908604   1154084     55.95     91048    388596    758824     29.36    980260    118016       972
02:41:36 PM    908636   1154052     55.95     91048    388656    758824     29.36    980320    118008      1032
02:41:37 PM    908668   1154020     55.95     91048    388724    758824     29.36    980396    118008      1100
02:41:38 PM    908544   1154144     55.95     91048    388784    758824     29.36    980472    118008      1160
02:41:39 PM    908296   1154392     55.97     91048    388856    758824     29.36    980540    118008      1232
02:41:40 PM    908140   1154548     55.97     91052    388924    758824     29.36    980608    118008      1308
02:41:41 PM    908172   1154516     55.97     91052    388996    758824     29.36    980700    118008      1380
02:41:42 PM    908264   1154424     55.97     91052    389072    758824     29.36    980776    118008      1456
02:41:43 PM    908172   1154516     55.97     91052    389144    758824     29.36    980820    118008      1528
02:41:44 PM    908048   1154640     55.98     91052    389212    758824     29.36    980884    118008      1596
02:41:45 PM    907800   1154888     55.99     91060    389272    758824     29.36    980976    118008      1656
02:41:46 PM    907792   1154896     55.99     91060    389348    758824     29.36    981060    118012      1732
02:41:47 PM    907800   1154888     55.99     91060    389424    758824     29.36    981096    118008      1808
02:41:48 PM    907760   1154928     55.99     91060    389468    758824     29.36    981152    118008      1852
02:41:49 PM    908008   1154680     55.98     91060    389520    758824     29.36    980896    118008      1904
Average:       912340   1150348     55.77     90989    386485    757944     29.32    977326    118009       658
