Linux 4.4.0-31-generic (dpi-suricata) 	12/08/2017 	_i686_	(1 CPU)

05:45:59 PM kbmemfree kbmemused  %memused kbbuffers  kbcached  kbcommit   %commit  kbactive   kbinact   kbdirty
05:46:00 PM    160480   1902208     92.22     67332    686856   1236572     47.84   1047528    784864       804
05:46:01 PM    160308   1902380     92.23     67332    687016   1236572     47.84   1048180    784364       964
05:46:02 PM    160228   1902460     92.23     67340    687084   1236572     47.84   1048344    784344       564
05:46:03 PM    160088   1902600     92.24     67340    687192   1236572     47.84   1048380    784344       628
05:46:04 PM    159980   1902708     92.24     67348    687280   1236572     47.84   1048468    784340       848
05:46:05 PM    455576   1607112     77.91     67348    687412    992740     38.40    757248    784252       964
05:46:06 PM    455024   1607664     77.94     67348    687520    992740     38.40    758388    784220      1080
05:46:07 PM    453444   1609244     78.02     67348    687604    992740     38.40    759856    784216      1164
05:46:08 PM    451676   1611012     78.10     67348    687684    992740     38.40    761604    784216      1244
05:46:09 PM    450344   1612344     78.17     67356    687752    992740     38.40    762964    784216      1320
05:46:10 PM    448856   1613832     78.24     67356    687836    992740     38.40    764548    784216      1404
05:46:11 PM    447616   1615072     78.30     67356    687908    992740     38.40    765772    784216      1476
05:46:12 PM    446128   1616560     78.37     67356    687988    992740     38.40    767232    784220      1556
05:46:13 PM    445064   1617624     78.42     67356    688048    992740     38.40    768620    784220      1616
05:46:14 PM    443700   1618988     78.49     67364    688148    992740     38.40    770012    784216      1724
05:46:15 PM    442428   1620260     78.55     67364    688256    992740     38.40    771164    784216      1824
05:46:16 PM    441404   1621284     78.60     67364    688364    992740     38.40    772152    784224      1932
05:46:17 PM    440908   1621780     78.62     67364    688444    992740     38.40    772672    784216      2012
05:46:18 PM    440104   1622584     78.66     67364    688528    992740     38.40    773368    784216      2096
05:46:19 PM    439452   1623236     78.70     67368    688604    992740     38.40    773776    784216      2176
05:46:20 PM    438832   1623856     78.73     67368    688696    992740     38.40    774356    784216      2264
05:46:21 PM    438304   1624384     78.75     67368    688696    992740     38.40    774848    784216      2264
05:46:22 PM    437592   1625096     78.79     67368    688748    992740     38.40    775576    784216      2316
05:46:23 PM    437220   1625468     78.80     67368    688804    992740     38.40    775980    784220      2372
05:46:24 PM    436504   1626184     78.84     67376    688848    992740     38.40    776596    784216      2424
05:46:25 PM    436304   1626384     78.85     67376    688908    992740     38.40    777028    784216      2476
05:46:26 PM    436164   1626524     78.85     67376    688956    992740     38.40    777268    784216      2524
05:46:27 PM    435856   1626832     78.87     67376    689000    992740     38.40    777560    784224      2568
05:46:28 PM    435048   1627640     78.91     67376    689044    992740     38.40    778460    784216      2584
05:46:29 PM    434584   1628104     78.93     67380    689092    992740     38.40    778800    784220      2636
05:46:30 PM    433560   1629128     78.98     67380    689140    992740     38.40    779688    784216      2688
05:46:31 PM    432908   1629780     79.01     67380    689196    992740     38.40    780328    784220      2744
05:46:32 PM    432504   1630184     79.03     67380    689244    992740     38.40    780728    784216       188
05:46:33 PM    431520   1631168     79.08     67380    689292    992740     38.40    781636    784216       208
05:46:34 PM    430776   1631912     79.12     67388    689332    992740     38.40    782448    784220       272
05:46:35 PM    429908   1632780     79.16     67388    689372    992740     38.40    783200    784220       308
05:46:36 PM    429352   1633336     79.18     67388    689416    992740     38.40    783860    784224       352
05:46:37 PM    428732   1633956     79.21     67388    689436    992740     38.40    784292    784220       268
05:46:38 PM    428268   1634420     79.24     67388    689468    992740     38.40    784988    784220       224
05:46:39 PM    427648   1635040     79.27     67392    689500    992740     38.40    785688    784224       260
05:46:40 PM    426780   1635908     79.31     67392    689528    992740     38.40    786444    784220       312
05:46:41 PM    426256   1636432     79.33     67392    689564    992740     38.40    787140    784228       356
05:46:42 PM    425292   1637396     79.38     67392    689592    992740     38.40    787880    784220       384
05:46:43 PM    424828   1637860     79.40     67392    689620    992740     38.40    788480    784220       412
05:46:44 PM    423956   1638732     79.45     67400    689648    992740     38.40    789064    784224       448
05:46:45 PM    423584   1639104     79.46     67400    689676    992740     38.40    789592    784220       476
05:46:46 PM    423308   1639380     79.48     67400    689700    992740     38.40    789860    784220       500
05:46:47 PM    422340   1640348     79.52     67400    689736    992740     38.40    791060    784224       536
05:46:48 PM    421944   1640744     79.54     67400    689776    992740     38.40    791496    784228       576
05:46:49 PM    421048   1641640     79.59     67404    689800    992740     38.40    792304    784224       604
05:46:50 PM    420420   1642268     79.62     67404    689828    992740     38.40    792896    784220       628
05:46:51 PM    419904   1642784     79.64     67404    689864    992740     38.40    793468    784224       664
05:46:52 PM    418656   1644032     79.70     67404    689900    992740     38.40    794704    784224       700
05:46:53 PM    417924   1644764     79.74     67404    689936    992740     38.40    795496    784220       736
05:46:54 PM    417584   1645104     79.76     67408    689964    992740     38.40    795872    784220       768
05:46:55 PM    417088   1645600     79.78     67408    689996    992740     38.40    796400    784228       796
05:46:56 PM    416624   1646064     79.80     67408    690024    992740     38.40    796756    784220       824
05:46:57 PM    416468   1646220     79.81     67408    690048    992740     38.40    797156    784220       848
05:46:58 PM    416096   1646592     79.83     67408    690076    992740     38.40    797368    784220       876
05:46:59 PM    415164   1647524     79.87     67412    690096    992740     38.40    798304    784224       900
05:47:00 PM    414608   1648080     79.90     67412    690132    992740     38.40    798848    784220       932
05:47:01 PM    413988   1648700     79.93     67412    690152    992740     38.40    799504    784220       952
05:47:02 PM    413152   1649536     79.97     67412    690188    992740     38.40    800616    784224       552
05:47:03 PM    412564   1650124     80.00     67412    690220    992740     38.40    801068    784220       584
05:47:04 PM    411352   1651336     80.06     67412    690252    992740     38.40    802244    784224       616
05:47:05 PM    410316   1652372     80.11     67412    690288    992740     38.40    803132    784220       660
05:47:06 PM    409952   1652736     80.13     67412    690316    992740     38.40    803624    784220       688
05:47:07 PM    409460   1653228     80.15     67412    690340    992740     38.40    804260    784220       160
05:47:08 PM    409368   1653320     80.15     67412    690372    992740     38.40    804280    784220       212
05:47:09 PM    409152   1653536     80.16     67420    690396    992740     38.40    804360    784220       244
05:47:10 PM    409028   1653660     80.17     67420    690448    992740     38.40    804724    784220       292
05:47:11 PM    408748   1653940     80.18     67420    690484    992740     38.40    805000    784220       328
05:47:12 PM    408624   1654064     80.19     67420    690516    992740     38.40    805036    784224       308
05:47:13 PM    408536   1654152     80.19     67420    690544    992740     38.40    805352    784220       300
05:47:14 PM    408132   1654556     80.21     67424    690584    992740     38.40    805600    784220       344
05:47:15 PM    408040   1654648     80.22     67424    690616    992740     38.40    805616    784220       392
05:47:16 PM    408068   1654620     80.22     67424    690656    992740     38.40    805916    784228       436
05:47:17 PM    407728   1654960     80.23     67424    690700    992740     38.40    806136    784220       480
05:47:18 PM    406952   1655736     80.27     67424    690736    992740     38.40    806944    784220       516
05:47:19 PM    406460   1656228     80.29     67428    690772    992740     38.40    807368    784224       556
05:47:20 PM    406144   1656544     80.31     67428    690816    992740     38.40    807916    784228       596
05:47:21 PM    405780   1656908     80.33     67428    690852    992740     38.40    808116    784220       632
05:47:22 PM    405468   1657220     80.34     67428    690888    992740     38.40    808264    784220       668
05:47:23 PM    405104   1657584     80.36     67428    690928    992740     38.40    808908    784228       708
05:47:24 PM    404700   1657988     80.38     67432    690968    992740     38.40    809176    784224       752
05:47:25 PM    404424   1658264     80.39     67432    691008    992740     38.40    809712    784220       788
05:47:26 PM    403368   1659320     80.44     67432    691048    992740     38.40    810540    784220       828
05:47:27 PM    402716   1659972     80.48     67432    691084    992740     38.40    811176    784220       864
05:47:28 PM    402532   1660156     80.49     67432    691128    992740     38.40    811436    784224       908
05:47:29 PM    401352   1661336     80.54     67440    691220    992740     38.40    812456    784220       956
05:47:30 PM    401532   1661156     80.53     67440    691220    992740     38.40    812520    784224      1000
05:47:31 PM    400576   1662112     80.58     67440    691260    992740     38.40    813456    784220      1040
05:47:32 PM    400516   1662172     80.58     67440    691292    992740     38.40    813460    784220       468
05:47:33 PM    400412   1662276     80.59     67440    691332    992740     38.40    813748    784220       492
05:47:34 PM    399928   1662760     80.61     67448    691352    992740     38.40    814292    784220       520
05:47:35 PM    399588   1663100     80.63     67448    691396    992740     38.40    814524    784220       564
05:47:36 PM    399308   1663380     80.64     67448    691432    992740     38.40    814744    784220       600
05:47:37 PM    399124   1663564     80.65     67448    691484    992740     38.40    815096    784228       652
05:47:38 PM    398720   1663968     80.67     67448    691524    992740     38.40    815508    784224       688
05:47:39 PM    397944   1664744     80.71     67452    691564    992740     38.40    816196    784224       736
05:47:40 PM    397480   1665208     80.73     67452    691596    992740     38.40    816524    784220       764
05:47:41 PM    397108   1665580     80.75     67452    691636    992740     38.40    816800    784220       804
05:47:42 PM    396796   1665892     80.76     67452    691676    992740     38.40    817296    784220       292
05:47:43 PM    396268   1666420     80.79     67452    691716    992740     38.40    817668    784224       332
05:47:44 PM    395960   1666728     80.80     67460    691740    992740     38.40    818056    784220       380
05:47:45 PM    395712   1666976     80.82     67460    691792    992740     38.40    818448    784224       432
05:47:46 PM    395216   1667472     80.84     67460    691828    992740     38.40    819020    784224       468
05:47:47 PM    394876   1667812     80.86     67460    691872    992740     38.40    819304    784228       460
05:47:48 PM    394348   1668340     80.88     67460    691976    992740     38.40    819788    784224       536
05:47:49 PM    394132   1668556     80.89     67464    692040    992740     38.40    820040    784228       604
05:47:50 PM    393604   1669084     80.92     67464    692104    992740     38.40    820752    784224       680
05:47:51 PM    393200   1669488     80.94     67464    692160    992740     38.40    820972    784220       740
05:47:52 PM    393044   1669644     80.95     67464    692228    992740     38.40    821104    784220       808
05:47:53 PM    392768   1669920     80.96     67464    692236    992740     38.40    821240    784220       816
05:47:54 PM    392136   1670552     80.99     67468    692280    992740     38.40    821852    784220       864
05:47:55 PM    392192   1670496     80.99     67468    692328    992740     38.40    821860    784220       912
05:47:56 PM    391620   1671068     81.01     67468    692420    992740     38.40    822580    784220      1004
05:47:57 PM    390752   1671936     81.06     67468    692420    992740     38.40    823456    784224      1004
05:47:58 PM    389760   1672928     81.10     67468    692468    992740     38.40    824412    784224      1052
05:47:59 PM    389140   1673548     81.13     67472    692520    992740     38.40    825056    784220      1108
05:48:00 PM    388832   1673856     81.15     67472    692564    992740     38.40    825496    784224      1148
05:48:01 PM    388272   1674416     81.18     67472    692608    992740     38.40    825940    784220      1192
05:48:02 PM    387868   1674820     81.20     67472    692652    992740     38.40    826384    784220      1236
05:48:03 PM    387340   1675348     81.22     67472    692692    992740     38.40    826792    784220      1276
05:48:04 PM    387188   1675500     81.23     67476    692716    992740     38.40    826884    784220      1304
05:48:05 PM    386816   1675872     81.25     67476    692760    992740     38.40    827176    784228      1344
05:48:06 PM    386816   1675872     81.25     67476    692788    992740     38.40    827172    784220      1372
05:48:07 PM    386816   1675872     81.25     67476    692816    992740     38.40    827232    784220       488
05:48:08 PM    386724   1675964     81.25     67476    692848    992740     38.40    827272    784224       484
05:48:09 PM    386692   1675996     81.25     67476    692880    992740     38.40    827288    784224       520
05:48:10 PM    386600   1676088     81.26     67484    692920    992740     38.40    827304    784228       568
05:48:11 PM    386560   1676128     81.26     67484    692940    992740     38.40    827328    784220       588
05:48:12 PM    386600   1676088     81.26     67484    692972    992740     38.40    827364    784224       620
05:48:13 PM    386600   1676088     81.26     67484    693008    992740     38.40    827436    784224       652
05:48:14 PM    386476   1676212     81.26     67484    693028    992740     38.40    827476    784220       676
05:48:15 PM    386476   1676212     81.26     67492    693064    992740     38.40    827496    784224       712
05:48:16 PM    386568   1676120     81.26     67492    693080    992740     38.40    827488    784220       728
05:48:17 PM    386476   1676212     81.26     67492    693108    992740     38.40    827512    784220       204
05:48:18 PM    386540   1676148     81.26     67492    693144    992740     38.40    827520    784224       240
05:48:19 PM    386608   1676080     81.26     67492    693168    992740     38.40    827484    784220       280
Average:       403129   1659559     80.46     67419    690467   1001448     38.74    810389    784229       896
