Linux 4.4.0-31-generic (fw-suricata) 	12/08/2017 	_i686_	(1 CPU)

05:15:47 PM kbmemfree kbmemused  %memused kbbuffers  kbcached  kbcommit   %commit  kbactive   kbinact   kbdirty
05:15:48 PM    736744   1325944     64.28    108868    946352    744916     28.82   1149756    114768      1680
05:15:49 PM    736668   1326020     64.29    108868    946408    744916     28.82   1149832    114752      1736
05:15:50 PM    736496   1326192     64.29    108868    946468    744916     28.82   1149892    114748       192
05:15:51 PM    736420   1326268     64.30    108872    946520    744916     28.82   1149948    114748       340
05:15:52 PM    736372   1326316     64.30    108872    946584    744916     28.82   1150012    114748       404
05:15:53 PM    736296   1326392     64.30    108872    946640    744916     28.82   1150072    114748       460
05:15:54 PM    736156   1326532     64.31    108872    946700    744916     28.82   1150128    114748       520
05:15:55 PM    736016   1326672     64.32    108872    946760    744916     28.82   1150192    114748       588
05:15:56 PM    735908   1326780     64.32    108872    946820    744916     28.82   1150248    114748       648
05:15:57 PM    736048   1326640     64.32    108872    946872    744916     28.82   1150304    114748       700
05:15:58 PM    735876   1326812     64.32    108872    946936    744916     28.82   1150364    114748       764
05:15:59 PM    735924   1326764     64.32    108872    946992    744916     28.82   1150428    114748       820
05:16:00 PM    735876   1326812     64.32    108872    947052    744916     28.82   1150492    114748       880
05:16:01 PM    735800   1326888     64.33    108872    947104    744916     28.82   1150540    114748       932
05:16:02 PM    735660   1327028     64.33    108872    947168    744916     28.82   1150604    114752       996
05:16:03 PM    735644   1327044     64.34    108872    947240    744916     28.82   1150668    114760      1068
05:16:04 PM    735628   1327060     64.34    108872    947304    744916     28.82   1150740    114756      1132
05:16:05 PM    735520   1327168     64.34    108876    947356    744916     28.82   1150804    114748      1188
05:16:06 PM    735380   1327308     64.35    108880    947416    744916     28.82   1150864    114748      1232
05:16:07 PM    735428   1327260     64.35    108880    947472    744916     28.82   1150920    114748      1288
05:16:08 PM    735412   1327276     64.35    108880    947528    744916     28.82   1150984    114748      1344
05:16:09 PM    735148   1327540     64.36    108880    947596    744916     28.82   1151040    114752      1412
05:16:10 PM    735040   1327648     64.36    108880    947652    744916     28.82   1151104    114752      1468
05:16:11 PM    735180   1327508     64.36    108880    947708    744916     28.82   1151156    114752      1472
05:16:12 PM    735132   1327556     64.36    108880    947768    744916     28.82   1151216    114752      1532
05:16:13 PM    735056   1327632     64.36    108880    947824    744916     28.82   1151284    114752      1588
05:16:14 PM    734884   1327804     64.37    108880    947880    744916     28.82   1151344    114748      1644
05:16:15 PM    734932   1327756     64.37    108880    947940    744916     28.82   1151400    114748      1704
05:16:16 PM    735040   1327648     64.36    108888    947996    744916     28.82   1151468    114744      1744
05:16:17 PM    734776   1327912     64.38    108888    948056    744916     28.82   1151532    114744      1804
05:16:18 PM    734792   1327896     64.38    108888    948120    744916     28.82   1151592    114752      1868
05:16:19 PM    734652   1328036     64.38    108888    948188    744916     28.82   1151672    114744      1936
05:16:20 PM    734420   1328268     64.40    108888    948248    744916     28.82   1151724    114744      1444
05:16:21 PM    734436   1328252     64.39    108896    948308    744916     28.82   1151788    114748      1548
05:16:22 PM    734264   1328424     64.40    108896    948364    744916     28.82   1151856    114748      1604
05:16:23 PM    734436   1328252     64.39    108896    948428    744916     28.82   1151908    114752      1668
05:16:24 PM    734264   1328424     64.40    108896    948488    744916     28.82   1151968    114752      1728
05:16:25 PM    734156   1328532     64.41    108896    948548    744916     28.82   1152032    114752       144
05:16:26 PM    734140   1328548     64.41    108900    948608    744916     28.82   1152100    114748       232
05:16:27 PM    734312   1328376     64.40    108900    948660    744916     28.82   1152156    114748       284
05:16:28 PM    734048   1328640     64.41    108900    948720    744916     28.82   1152208    114748       344
05:16:29 PM    733940   1328748     64.42    108900    948780    744916     28.82   1152256    114752       404
05:16:30 PM    733924   1328764     64.42    108900    948844    744916     28.82   1152328    114748       476
05:16:31 PM    734032   1328656     64.41    108904    948900    744916     28.82   1152388    114748       540
05:16:32 PM    733908   1328780     64.42    108904    948960    744916     28.82   1152448    114748       600
05:16:33 PM    733816   1328872     64.42    108904    949012    744916     28.82   1152500    114748       652
05:16:34 PM    733800   1328888     64.43    108904    949084    744916     28.82   1152576    114756       724
05:16:35 PM    733800   1328888     64.43    108904    949140    744916     28.82   1152648    114748       780
05:16:36 PM    733620   1329068     64.43    108904    949204    744916     28.82   1152708    114748       844
05:16:37 PM    733676   1329012     64.43    108904    949264    744916     28.82   1152764    114752       904
05:16:38 PM    733496   1329192     64.44    108904    949324    744916     28.82   1152824    114752       964
05:16:39 PM    733544   1329144     64.44    108904    949376    744916     28.82   1152880    114748      1016
05:16:40 PM    733528   1329160     64.44    108904    949440    744916     28.82   1152952    114748      1080
05:16:41 PM    733428   1329260     64.44    108908    949500    744916     28.82   1152984    114748      1140
05:16:42 PM    733124   1329564     64.46    108908    949560    744916     28.82   1153104    114748      1200
05:16:43 PM    733180   1329508     64.46    108908    949612    744916     28.82   1153104    114748      1252
05:16:44 PM    733032   1329656     64.46    108908    949680    744916     28.82   1153180    114752      1320
05:16:45 PM    733008   1329680     64.46    108908    949732    744916     28.82   1153244    114752      1372
05:16:46 PM    733032   1329656     64.46    108912    949796    744916     28.82   1153320    114748      1436
05:16:47 PM    733024   1329664     64.46    108912    949852    744916     28.82   1153384    114748      1492
05:16:48 PM    732908   1329780     64.47    108912    949916    744916     28.82   1153436    114752      1556
05:16:49 PM    732760   1329928     64.48    108912    949968    744916     28.82   1153488    114748      1608
05:16:50 PM    732780   1329908     64.47    108912    950032    744916     28.82   1153572    114756      1672
05:16:51 PM    732660   1330028     64.48    108912    950100    744916     28.82   1153608    114744       132
05:16:52 PM    732568   1330120     64.48    108912    950160    744916     28.82   1153688    114744       236
05:16:53 PM    732512   1330176     64.49    108912    950220    744916     28.82   1153756    114744       296
05:16:54 PM    732532   1330156     64.49    108912    950280    744916     28.82   1153836    114744       356
05:16:55 PM    732452   1330236     64.49    108912    950336    744916     28.82   1153840    114744       412
05:16:56 PM    732156   1330532     64.50    108912    950396    744916     28.82   1153884    114748       472
05:16:57 PM    732180   1330508     64.50    108912    950456    744916     28.82   1153980    114744       532
05:16:58 PM    732252   1330436     64.50    108912    950520    744916     28.82   1154068    114748       600
05:16:59 PM    732328   1330360     64.50    108912    950576    744916     28.82   1154132    114748       656
05:17:00 PM    732032   1330656     64.51    108912    950636    744916     28.82   1154124    114752       716
05:17:01 PM    731892   1330796     64.52    108912    950692    744916     28.82   1154216    114748       772
05:17:02 PM    731904   1330784     64.52    108912    950748    744916     28.82   1154284    114748       836
05:17:03 PM    731800   1330888     64.52    108912    950808    744916     28.82   1154372    114748       896
05:17:04 PM    731784   1330904     64.52    108912    950864    744916     28.82   1154360    114748       952
05:17:05 PM    731700   1330988     64.53    108912    950940    744916     28.82   1154456    114764      1028
05:17:06 PM    731748   1330940     64.52    108916    951000    744916     28.82   1154532    114756      1116
05:17:07 PM    731552   1331136     64.53    108916    951064    744916     28.82   1154632    114752      1180
05:17:08 PM    731412   1331276     64.54    108916    951124    744916     28.82   1154668    114752      1240
05:17:09 PM    731460   1331228     64.54    108916    951184    744916     28.82   1154712    114748      1300
05:17:10 PM    731540   1331148     64.53    108916    951236    744916     28.82   1154804    114748      1352
05:17:11 PM    731460   1331228     64.54    108916    951300    744916     28.82   1154804    114752      1416
05:17:12 PM    731264   1331424     64.55    108916    951356    744916     28.82   1154900    114748      1472
05:17:13 PM    731320   1331368     64.55    108916    951416    744916     28.82   1154960    114748      1532
05:17:14 PM    731296   1331392     64.55    108916    951472    744916     28.82   1155020    114748      1588
05:17:15 PM    731196   1331492     64.55    108916    951528    744916     28.82   1155076    114748      1644
05:17:16 PM    731172   1331516     64.55    108924    951588    744916     28.82   1155148    114752      1704
05:17:17 PM    731024   1331664     64.56    108924    951648    744916     28.82   1155204    114756      1764
05:17:18 PM    731048   1331640     64.56    108924    951704    744916     28.82   1155264    114752      1820
05:17:19 PM    731032   1331656     64.56    108924    951764    744916     28.82   1155332    114744      1880
05:17:20 PM    730924   1331764     64.56    108924    951820    744916     28.82   1155396    114744      1936
05:17:21 PM    730912   1331776     64.57    108932    951884    744916     28.82   1155444    114748      1996
05:17:22 PM    730668   1332020     64.58    108932    951952    744916     28.82   1155496    114748      2068
05:17:23 PM    730544   1332144     64.58    108932    952012    744916     28.82   1155588    114744      2128
05:17:24 PM    730552   1332136     64.58    108932    952072    744916     28.82   1155652    114744      2188
05:17:25 PM    730412   1332276     64.59    108932    952128    744916     28.82   1155724    114744      2244
05:17:26 PM    730524   1332164     64.58    108940    952192    744916     28.82   1155764    114752       128
05:17:27 PM    730288   1332400     64.60    108940    952248    744916     28.82   1155832    114752       240
05:17:28 PM    730296   1332392     64.59    108940    952304    744916     28.82   1155896    114748       300
05:17:29 PM    730408   1332280     64.59    108940    952364    744916     28.82   1155940    114748       360
05:17:30 PM    730436   1332252     64.59    108940    952424    744916     28.82   1155988    114748       420
05:17:31 PM    730188   1332500     64.60    108940    952480    744916     28.82   1156068    114748       468
05:17:32 PM    730148   1332540     64.60    108940    952536    744916     28.82   1156120    114748       524
05:17:33 PM    730088   1332600     64.61    108940    952600    744916     28.82   1156172    114752       592
05:17:34 PM    730056   1332632     64.61    108940    952656    744916     28.82   1156268    114752       648
05:17:35 PM    729784   1332904     64.62    108940    952716    744916     28.82   1156312    114752       708
05:17:36 PM    729808   1332880     64.62    108944    952776    744916     28.82   1156364    114756       760
05:17:37 PM    729668   1333020     64.63    108944    952844    744916     28.82   1156456    114760       828
05:17:38 PM    729808   1332880     64.62    108944    952900    744916     28.82   1156520    114752       884
05:17:39 PM    729708   1332980     64.62    108944    952964    744916     28.82   1156572    114748       948
05:17:40 PM    729528   1333160     64.63    108944    953024    744916     28.82   1156592    114748      1008
05:17:41 PM    729548   1333140     64.63    108944    953084    744916     28.82   1156692    114748      1068
05:17:42 PM    729436   1333252     64.64    108944    953140    744916     28.82   1156772    114748      1124
05:17:43 PM    729288   1333400     64.64    108944    953200    744916     28.82   1156812    114748      1184
05:17:44 PM    729196   1333492     64.65    108944    953252    744916     28.82   1156864    114748      1236
05:17:45 PM    729260   1333428     64.65    108944    953316    744916     28.82   1156928    114748      1300
05:17:46 PM    729056   1333632     64.66    108948    953368    744916     28.82   1156964    114748      1352
05:17:47 PM    728972   1333716     64.66    108948    953432    744916     28.82   1157036    114748      1416
05:17:48 PM    728940   1333748     64.66    108948    953484    744916     28.82   1157104    114744      1468
05:17:49 PM    728972   1333716     64.66    108948    953544    744916     28.82   1157164    114744      1528
05:17:50 PM    728940   1333748     64.66    108948    953600    744916     28.82   1157216    114744      1584
05:17:51 PM    728848   1333840     64.67    108952    953664    744916     28.82   1157248    114744      1648
05:17:52 PM    728692   1333996     64.67    108952    953728    744916     28.82   1157344    114748      1712
05:17:53 PM    728668   1334020     64.67    108952    953796    744916     28.82   1157448    114748      1780
05:17:54 PM    728732   1333956     64.67    108952    953864    744916     28.82   1157676    114748      1848
05:17:55 PM    728592   1334096     64.68    108952    953928    744916     28.82   1157596    114748      1912
05:17:56 PM    728568   1334120     64.68    108952    953984    744916     28.82   1157612    114748      1964
05:17:57 PM    728468   1334220     64.68    108952    954044    744916     28.82   1157724    114748      2028
05:17:58 PM    728328   1334360     64.69    108952    954096    744916     28.82   1157748    114748      2080
05:17:59 PM    728264   1334424     64.69    108952    954160    744916     28.82   1157828    114752      2144
05:18:00 PM    728280   1334408     64.69    108952    954212    744916     28.82   1157936    114748      2196
05:18:01 PM    728436   1334252     64.69    108952    954276    744916     28.82   1157900    114748       148
05:18:02 PM    728452   1334236     64.68    108952    954332    744916     28.82   1157972    114748       252
05:18:03 PM    728220   1334468     64.70    108952    954388    744916     28.82   1158024    114748       308
05:18:04 PM    728236   1334452     64.69    108952    954452    744916     28.82   1158084    114752       372
05:18:05 PM    728064   1334624     64.70    108952    954512    744916     28.82   1158144    114748       432
05:18:06 PM    728112   1334576     64.70    108952    954572    744916     28.82   1158112    114752       480
05:18:07 PM    728072   1334616     64.70    108952    954636    744916     28.82   1158096    114748       544
Average:       732246   1330442     64.50    108914    950485    744916     28.82   1154016    114749      1111
