Linux 4.4.0-31-generic (ids-suricata) 	12/08/2017 	_i686_	(1 CPU)

05:30:42 PM kbmemfree kbmemused  %memused kbbuffers  kbcached  kbcommit   %commit  kbactive   kbinact   kbdirty
05:30:43 PM    309136   1753552     85.01    101816    841208    745608     28.84   1572480    119108       856
05:30:44 PM    311316   1751372     84.91    101816    841264    745608     28.84   1570444    119088       920
05:30:45 PM    311332   1751356     84.91    101816    841324    745608     28.84   1570508    119084       980
05:30:46 PM    311324   1751364     84.91    101820    841380    745608     28.84   1570524    119084      1104
05:30:47 PM    311356   1751332     84.91    101820    841432    745608     28.84   1570572    119088      1156
05:30:48 PM    311200   1751488     84.91    101820    841492    745608     28.84   1570676    119084      1216
05:30:49 PM    306112   1756576     85.16    101820    841560    758340     29.34   1573964    119084      1292
05:30:50 PM    305524   1757164     85.19    101820    841608    758340     29.34   1574012    119084      1340
05:30:51 PM    305528   1757160     85.19    101824    841632    758340     29.34   1574048    119088      1356
05:30:52 PM    305372   1757316     85.20    101824    841680    758340     29.34   1574092    119088      1404
05:30:53 PM    305404   1757284     85.19    101824    841732    758340     29.34   1574156    119084      1456
05:30:54 PM    305372   1757316     85.20    101824    841784    758340     29.34   1574208    119084      1508
05:30:55 PM    305248   1757440     85.20    101824    841848    758340     29.34   1574264    119084      1576
05:30:56 PM    305280   1757408     85.20    101832    841936    758340     29.34   1574356    119084      1672
05:30:57 PM    305124   1757564     85.21    101832    841996    758340     29.34   1574428    119084      1732
05:30:58 PM    305032   1757656     85.21    101832    842068    758340     29.34   1574504    119092      1804
05:30:59 PM    305032   1757656     85.21    101832    842088    758340     29.34   1574532    119084      1824
05:31:00 PM    304844   1757844     85.22    101832    842192    758340     29.34   1574652    119084      1928
05:31:01 PM    304720   1757968     85.23    101848    842264    758340     29.34   1574752    119084       500
05:31:02 PM    304784   1757904     85.22    101848    842324    758340     29.34   1574804    119084       560
05:31:03 PM    304564   1758124     85.23    101848    842412    758340     29.34   1574904    119084       648
05:31:04 PM    304536   1758152     85.24    101848    842484    758340     29.34   1574984    119084       720
05:31:05 PM    304380   1758308     85.24    101848    842556    758340     29.34   1575060    119088       792
05:31:06 PM    304288   1758400     85.25    101856    842660    758340     29.34   1575200    119084       864
05:31:07 PM    304288   1758400     85.25    101856    842772    758340     29.34   1575312    119084       976
05:31:08 PM    304040   1758648     85.26    101856    842888    758340     29.34   1575444    119084      1092
05:31:09 PM    303788   1758900     85.27    101856    843008    758340     29.34   1575568    119084      1212
05:31:10 PM    303664   1759024     85.28    101856    843116    758340     29.34   1575692    119084      1320
05:31:11 PM    303572   1759116     85.28    101860    843236    758340     29.34   1575824    119092      1440
05:31:12 PM    303416   1759272     85.29    101860    843344    758340     29.34   1575948    119088      1548
05:31:13 PM    303324   1759364     85.29    101860    843456    758340     29.34   1576068    119088      1660
05:31:14 PM    303200   1759488     85.30    101860    843536    758340     29.34   1576172    119088      1740
05:31:15 PM    303072   1759616     85.31    101860    843604    758340     29.34   1576252    119084      1808
05:31:16 PM    303044   1759644     85.31    101864    843664    758340     29.34   1576324    119084      1200
05:31:17 PM    302920   1759768     85.31    101864    843732    758340     29.34   1576412    119084      1308
05:31:18 PM    302856   1759832     85.32    101864    843792    758340     29.34   1576476    119088      1368
05:31:19 PM    302796   1759892     85.32    101864    843856    758340     29.34   1576560    119084      1432
05:31:20 PM    302796   1759892     85.32    101864    843916    758340     29.34   1576628    119084      1492
05:31:21 PM    302680   1760008     85.33    101872    843976    758340     29.34   1576712    119084      1572
05:31:22 PM    302492   1760196     85.34    101872    844036    758340     29.34   1576788    119084      1632
05:31:23 PM    302524   1760164     85.33    101872    844108    758340     29.34   1576864    119084      1704
05:31:24 PM    302524   1760164     85.33    101872    844188    758340     29.34   1576948    119088      1784
05:31:25 PM    302400   1760288     85.34    101872    844248    758340     29.34   1577020    119084      1844
05:31:26 PM    302368   1760320     85.34    101880    844284    758340     29.34   1577076    119084      1856
05:31:27 PM    302212   1760476     85.35    101880    844320    758340     29.34   1577124    119088      1892
05:31:28 PM    302276   1760412     85.35    101880    844356    758340     29.34   1577168    119088      1928
05:31:29 PM    302276   1760412     85.35    101880    844392    758340     29.34   1577228    119092      1964
05:31:30 PM    302184   1760504     85.35    101880    844440    758340     29.34   1577304    119092      2012
05:31:31 PM    302184   1760504     85.35    101888    844468    758340     29.34   1577328    119084       320
05:31:32 PM    302060   1760628     85.36    101888    844504    758340     29.34   1577352    119084       364
05:31:33 PM    302088   1760600     85.35    101888    844544    758340     29.34   1577428    119084       404
05:31:34 PM    302028   1760660     85.36    101888    844572    758340     29.34   1577436    119088       432
05:31:35 PM    302028   1760660     85.36    101888    844616    758340     29.34   1577512    119084       476
05:31:36 PM    301904   1760784     85.36    101896    844648    758340     29.34   1577536    119084       512
05:31:37 PM    301840   1760848     85.37    101896    844688    758340     29.34   1577612    119084       552
05:31:38 PM    301788   1760900     85.37    101896    844720    758340     29.34   1577624    119084       584
05:31:39 PM    301756   1760932     85.37    101896    844764    758340     29.34   1577696    119084       628
05:31:40 PM    301852   1760836     85.37    101896    844804    758340     29.34   1577704    119088       668
05:31:41 PM    301772   1760916     85.37    101900    844844    758340     29.34   1577852    119088       708
05:31:42 PM    301788   1760900     85.37    101900    844876    758340     29.34   1577796    119084       740
05:31:43 PM    301664   1761024     85.38    101900    844908    758340     29.34   1577844    119084       772
05:31:44 PM    301788   1760900     85.37    101900    844940    758340     29.34   1577868    119084       804
05:31:45 PM    301696   1760992     85.37    101900    844980    758340     29.34   1577932    119084       844
05:31:46 PM    301600   1761088     85.38    101908    845028    758340     29.34   1577984    119084       892
05:31:47 PM    301508   1761180     85.38    101908    845068    758340     29.34   1578020    119084       932
05:31:48 PM    301632   1761056     85.38    101908    845092    758340     29.34   1578052    119084       956
05:31:49 PM    301572   1761116     85.38    101908    845132    758340     29.34   1578100    119084       996
05:31:50 PM    301540   1761148     85.38    101908    845164    758340     29.34   1578128    119088      1028
05:31:51 PM    301540   1761148     85.38    101916    845200    758340     29.34   1578180    119084       440
05:31:52 PM    301540   1761148     85.38    101916    845232    758340     29.34   1578204    119084       512
05:31:53 PM    301352   1761336     85.39    101916    845280    758340     29.34   1578256    119084       560
05:31:54 PM    301420   1761268     85.39    101916    845324    758340     29.34   1578300    119088       604
05:31:55 PM    301388   1761300     85.39    101916    845364    758340     29.34   1578336    119088       644
05:31:56 PM    301420   1761268     85.39    101924    845404    758340     29.34   1578388    119084       684
05:31:57 PM    301296   1761392     85.39    101924    845444    758340     29.34   1578428    119084       744
05:31:58 PM    300180   1762508     85.45    101924    845476    758340     29.34   1579876    119088       776
05:31:59 PM    298600   1764088     85.52    101924    845508    758340     29.34   1581596    119088       808
05:32:00 PM    297424   1765264     85.58    101924    845560    758340     29.34   1582780    119088       860
05:32:01 PM    296988   1765700     85.60    101928    845608    758340     29.34   1583112    119092       908
05:32:02 PM    296492   1766196     85.63    101928    845660    758340     29.34   1583536    119092       960
05:32:03 PM    296028   1766660     85.65    101928    845704    758340     29.34   1583996    119084      1004
05:32:04 PM    295964   1766724     85.65    101928    845756    758340     29.34   1584052    119084      1056
05:32:05 PM    295840   1766848     85.66    101928    845800    758340     29.34   1584092    119084      1100
05:32:06 PM    295936   1766752     85.65    101936    845844    758340     29.34   1584144    119088       304
05:32:07 PM    295808   1766880     85.66    101936    845888    758340     29.34   1584192    119084       352
05:32:08 PM    295808   1766880     85.66    101936    845928    758340     29.34   1584224    119088       392
05:32:09 PM    295848   1766840     85.66    101936    845964    758340     29.34   1584268    119088       428
05:32:10 PM    295816   1766872     85.66    101936    846000    758340     29.34   1584304    119084       464
05:32:11 PM    295692   1766996     85.66    101944    846032    758340     29.34   1584348    119084       508
05:32:12 PM    295724   1766964     85.66    101944    846084    758340     29.34   1584408    119084       560
05:32:13 PM    295912   1766776     85.65    101944    846128    758340     29.34   1584448    119084       604
05:32:14 PM    295600   1767088     85.67    101944    846192    758340     29.34   1584536    119084       668
05:32:15 PM    295568   1767120     85.67    101944    846240    758340     29.34   1584556    119084       716
05:32:16 PM    295376   1767312     85.68    101948    846296    758340     29.34   1585116    119088       772
05:32:17 PM    295068   1767620     85.69    101948    846340    758340     29.34   1585180    119084       816
05:32:18 PM    294944   1767744     85.70    101948    846396    758340     29.34   1585204    119088       872
05:32:19 PM    294200   1768488     85.74    101948    846432    758340     29.34   1586064    119088       908
05:32:20 PM    294264   1768424     85.73    101948    846484    758340     29.34   1586060    119084       960
05:32:21 PM    294016   1768672     85.75    101956    846532    758340     29.34   1586372    119084      1008
05:32:22 PM    293636   1769052     85.76    101956    846576    758340     29.34   1586544    119088      1052
05:32:23 PM    293380   1769308     85.78    101956    846620    758340     29.34   1587044    119088      1096
05:32:24 PM    293148   1769540     85.79    101956    846660    758340     29.34   1587412    119088      1136
05:32:25 PM    292588   1770100     85.82    101956    846716    758340     29.34   1587976    119088      1192
05:32:26 PM    292216   1770472     85.83    101960    846772    758340     29.34   1588052    119088       672
05:32:27 PM    291876   1770812     85.85    101960    846820    758340     29.34   1588620    119088       764
05:32:28 PM    290672   1772016     85.91    101960    846864    758340     29.34   1589924    119084       808
05:32:29 PM    290328   1772360     85.92    101960    846912    758340     29.34   1589980    119084       856
05:32:30 PM    290268   1772420     85.93    101960    846956    758340     29.34   1590036    119084       900
05:32:31 PM    290268   1772420     85.93    101964    847008    758340     29.34   1590088    119088       916
05:32:32 PM    290112   1772576     85.94    101964    847064    758340     29.34   1590148    119088       976
05:32:33 PM    290268   1772420     85.93    101964    847112    758340     29.34   1590188    119088      1024
05:32:34 PM    290112   1772576     85.94    101964    847164    758340     29.34   1590244    119084      1076
05:32:35 PM    290112   1772576     85.94    101964    847216    758340     29.34   1590308    119084      1128
05:32:36 PM    289956   1772732     85.94    101972    847252    758340     29.34   1590352    119084       236
05:32:37 PM    289988   1772700     85.94    101972    847308    758340     29.34   1590404    119088       300
05:32:38 PM    289832   1772856     85.95    101972    847360    758340     29.34   1590452    119084       352
05:32:39 PM    289928   1772760     85.94    101972    847400    758340     29.34   1590496    119084       392
05:32:40 PM    289772   1772916     85.95    101972    847468    758340     29.34   1590568    119084       460
05:32:41 PM    289772   1772916     85.95    101980    847528    758340     29.34   1590640    119084       500
05:32:42 PM    289648   1773040     85.96    101980    847628    758340     29.34   1590732    119088       608
05:32:43 PM    289680   1773008     85.96    101980    847700    758340     29.34   1590812    119084       680
05:32:44 PM    289524   1773164     85.96    101980    847784    758340     29.34   1590900    119084       764
05:32:45 PM    289400   1773288     85.97    101980    847860    758340     29.34   1590976    119084       840
05:32:46 PM    289432   1773256     85.97    101988    847908    758340     29.34   1591028    119084       896
05:32:47 PM    289432   1773256     85.97    101988    847952    758340     29.34   1591068    119084       932
05:32:48 PM    289276   1773412     85.98    101988    847992    758340     29.34   1591112    119088       972
05:32:49 PM    289404   1773284     85.97    101988    848048    758340     29.34   1591176    119088      1028
05:32:50 PM    289248   1773440     85.98    101988    848092    758340     29.34   1591216    119084      1072
05:32:51 PM    289248   1773440     85.98    101988    848128    758340     29.34   1591252    119084      1108
05:32:52 PM    289248   1773440     85.98    101996    848168    758340     29.34   1591300    119084      1148
05:32:53 PM    289060   1773628     85.99    101996    848204    758340     29.34   1591340    119084      1184
05:32:54 PM    289092   1773596     85.98    101996    848260    758340     29.34   1591392    119088      1240
05:32:55 PM    288904   1773784     85.99    101996    848292    758340     29.34   1591428    119084      1272
05:32:56 PM    288968   1773720     85.99    101996    848344    758340     29.34   1591484    119084      1324
05:32:57 PM    289032   1773656     85.99    102004    848376    758340     29.34   1591524    119084      1356
05:32:58 PM    288876   1773812     86.00    102004    848424    758340     29.34   1591572    119084      1404
05:32:59 PM    288940   1773748     85.99    102004    848460    758340     29.34   1591612    119084      1440
05:33:00 PM    288924   1773764     85.99    102004    848480    758340     29.34   1591632    119084      1460
05:33:01 PM    288892   1773796     85.99    102004    848500    758340     29.34   1591568    119084        24
05:33:02 PM    288912   1773776     85.99    102012    848536    758340     29.34   1591528    119084        96
Average:       298343   1764345     85.54    101913    845175    757794     29.32   1581647    119086       995
