Linux 4.4.0-31-generic (ids-suricata) 	12/08/2017 	_i686_	(1 CPU)

06:00:53 PM kbmemfree kbmemused  %memused kbbuffers  kbcached  kbcommit   %commit  kbactive   kbinact   kbdirty
06:00:54 PM    217984   1844704     89.43    103932    924996    745608     28.84   1662216    119224       876
06:00:55 PM    217812   1844876     89.44    103932    925092    745608     28.84   1662316    119208       972
06:00:56 PM    217844   1844844     89.44    103932    925148    745608     28.84   1662376    119204      1028
06:00:57 PM    217852   1844836     89.44    103932    925200    745608     28.84   1662472    119204      1080
06:00:58 PM    217712   1844976     89.45    103940    925292    745608     28.84   1662536    119204      1188
06:00:59 PM    217332   1845356     89.46    103940    925356    745608     28.84   1663060    119204      1260
06:01:00 PM    212236   1850452     89.71    103940    925416    758964     29.36   1665860    119212      1328
06:01:01 PM    211864   1850824     89.73    103940    925472    758964     29.36   1665928    119212      1384
06:01:02 PM    211772   1850916     89.73    103940    925476    758964     29.36   1665952    119212      1388
06:01:03 PM    211740   1850948     89.73    103944    925544    758964     29.36   1666012    119216      1460
06:01:04 PM    211772   1850916     89.73    103944    925564    758964     29.36   1666048    119216      1496
06:01:05 PM    211616   1851072     89.74    103944    925652    758964     29.36   1666124    119216      1584
06:01:06 PM    211648   1851040     89.74    103944    925708    758964     29.36   1666176    119216      1640
06:01:07 PM    211492   1851196     89.75    103944    925764    758964     29.36   1666232    119220       532
06:01:08 PM    211524   1851164     89.75    103944    925820    758964     29.36   1666292    119216       584
06:01:09 PM    211524   1851164     89.75    103944    925900    758964     29.36   1666364    119224       672
06:01:10 PM    211400   1851288     89.75    103944    925952    758964     29.36   1666488    119216       724
06:01:11 PM    211244   1851444     89.76    103944    926052    758964     29.36   1666556    119212       824
06:01:12 PM    211120   1851568     89.76    103948    926124    758964     29.36   1666632    119212       732
06:01:13 PM    211120   1851568     89.76    103952    926188    758964     29.36   1666720    119212       840
06:01:14 PM    211028   1851660     89.77    103952    926268    758964     29.36   1666808    119212       932
06:01:15 PM    210904   1851784     89.78    103952    926336    758964     29.36   1666876    119212      1000
06:01:16 PM    210872   1851816     89.78    103952    926408    758964     29.36   1666960    119212      1072
06:01:17 PM    210748   1851940     89.78    103952    926484    758964     29.36   1667028    119212      1148
06:01:18 PM    210624   1852064     89.79    103960    926616    758964     29.36   1667176    119212      1288
06:01:19 PM    210532   1852156     89.79    103960    926736    758964     29.36   1667316    119212      1400
06:01:20 PM    210216   1852472     89.81    103960    926852    758964     29.36   1667444    119212      1516
06:01:21 PM    210092   1852596     89.81    103960    926900    758964     29.36   1667548    119212      1564
06:01:22 PM    209920   1852768     89.82    103960    927052    758964     29.36   1667668    119212      1664
06:01:23 PM    209984   1852704     89.82    103968    927156    758964     29.36   1667792    119216      1804
06:01:24 PM    209876   1852812     89.83    103968    927224    758964     29.36   1667916    119212      1876
06:01:25 PM    209720   1852968     89.83    103968    927320    758964     29.36   1667984    119216      1972
06:01:26 PM    209692   1852996     89.83    103968    927400    758964     29.36   1668076    119212      2052
06:01:27 PM    209536   1853152     89.84    103968    927468    758964     29.36   1668152    119212      1548
06:01:28 PM    209568   1853120     89.84    103976    927520    758964     29.36   1668232    119216      1656
06:01:29 PM    209484   1853204     89.84    103976    927584    758964     29.36   1668304    119216      1736
06:01:30 PM    209452   1853236     89.85    103976    927644    758964     29.36   1668368    119212      1796
06:01:31 PM    209360   1853328     89.85    103976    927644    758964     29.36   1668436    119212      1796
06:01:32 PM    209236   1853452     89.86    103976    927748    758964     29.36   1668500    119212      1744
06:01:33 PM    209204   1853484     89.86    103984    927792    758964     29.36   1668564    119212      1816
06:01:34 PM    209140   1853548     89.86    103984    927804    758964     29.36   1668604    119212      1836
06:01:35 PM    209016   1853672     89.87    103984    927892    758964     29.36   1668712    119220      1924
06:01:36 PM    209016   1853672     89.87    103984    927912    758964     29.36   1668732    119212      1944
06:01:37 PM    208828   1853860     89.88    103984    928000    758964     29.36   1668820    119212      2032
06:01:38 PM    208736   1853952     89.88    103992    928004    758964     29.36   1668860    119212      2044
06:01:39 PM    208768   1853920     89.88    103992    928048    758964     29.36   1668916    119212      2080
06:01:40 PM    208832   1853856     89.88    103992    928092    758964     29.36   1668952    119216      2124
06:01:41 PM    208780   1853908     89.88    103992    928128    758964     29.36   1669000    119220      2160
06:01:42 PM    208432   1854256     89.90    103992    928156    758964     29.36   1669236    119212       316
06:01:43 PM    208512   1854176     89.89    104000    928188    758964     29.36   1669280    119212       348
06:01:44 PM    208432   1854256     89.90    104000    928240    758964     29.36   1669216    119212       400
06:01:45 PM    208456   1854232     89.89    104000    928284    758964     29.36   1669200    119212       444
06:01:46 PM    208584   1854104     89.89    104000    928324    758964     29.36   1669256    119212       484
06:01:47 PM    208524   1854164     89.89    104000    928360    758964     29.36   1669292    119212       520
06:01:48 PM    208412   1854276     89.90    104004    928384    758964     29.36   1669348    119212       548
06:01:49 PM    208400   1854288     89.90    104004    928428    758964     29.36   1669388    119216       588
06:01:50 PM    208260   1854428     89.90    104004    928460    758964     29.36   1669420    119212       620
06:01:51 PM    208352   1854336     89.90    104004    928548    758964     29.36   1669448    119216       708
06:01:52 PM    208244   1854444     89.90    104004    928560    758964     29.36   1669528    119228       720
06:01:53 PM    208244   1854444     89.90    104008    928580    758964     29.36   1669540    119228       744
06:01:54 PM    208244   1854444     89.90    104008    928620    758964     29.36   1669600    119228       780
06:01:55 PM    208104   1854584     89.91    104008    928652    758964     29.36   1669628    119228       812
06:01:56 PM    208072   1854616     89.91    104008    928684    758964     29.36   1669664    119228       844
06:01:57 PM    208088   1854600     89.91    104008    928724    758964     29.36   1669704    119228       884
06:01:58 PM    208120   1854568     89.91    104016    928772    758964     29.36   1669784    119228       968
06:01:59 PM    208028   1854660     89.91    104016    928820    758964     29.36   1669820    119228       968
06:02:00 PM    207996   1854692     89.92    104016    928856    758964     29.36   1669852    119228      1004
06:02:01 PM    207948   1854740     89.92    104016    928880    758964     29.36   1669852    119228      1028
06:02:02 PM    207964   1854724     89.92    104016    928912    758964     29.36   1669908    119228       488
06:02:03 PM    208060   1854628     89.91    104020    928940    758964     29.36   1669912    119232       580
06:02:04 PM    207876   1854812     89.92    104020    928988    758964     29.36   1669984    119232       600
06:02:05 PM    207876   1854812     89.92    104020    929016    758964     29.36   1670024    119228       628
06:02:06 PM    207876   1854812     89.92    104020    929064    758964     29.36   1670072    119232       676
06:02:07 PM    207876   1854812     89.92    104020    929096    758964     29.36   1670108    119228       708
06:02:08 PM    207752   1854936     89.93    104028    929120    758964     29.36   1670108    119228       704
06:02:09 PM    207852   1854836     89.92    104028    929160    758964     29.36   1670176    119228       744
06:02:10 PM    207820   1854868     89.92    104028    929204    758964     29.36   1670264    119228       788
06:02:11 PM    207960   1854728     89.92    104028    929248    758964     29.36   1670264    119232       832
06:02:12 PM    207788   1854900     89.93    104028    929276    758964     29.36   1670300    119228       236
06:02:13 PM    207820   1854868     89.92    104036    929372    758964     29.36   1670380    119240       316
06:02:14 PM    207600   1855088     89.94    104036    929368    758964     29.36   1670412    119228       316
06:02:15 PM    207664   1855024     89.93    104036    929408    758964     29.36   1670452    119228       356
06:02:16 PM    207788   1854900     89.93    104036    929436    758964     29.36   1670476    119228       384
06:02:17 PM    207728   1854960     89.93    104036    929484    758964     29.36   1670524    119232       432
06:02:18 PM    207696   1854992     89.93    104044    929516    758964     29.36   1670564    119228       472
06:02:19 PM    207668   1855020     89.93    104044    929560    758964     29.36   1670608    119228       508
06:02:20 PM    207576   1855112     89.94    104044    929624    758964     29.36   1670664    119252       572
06:02:21 PM    207668   1855020     89.93    104044    929720    758964     29.36   1670748    119244       668
06:02:22 PM    207544   1855144     89.94    104044    929716    758964     29.36   1670796    119244       664
06:02:23 PM    207576   1855112     89.94    104048    929764    758964     29.36   1670872    119244       716
06:02:24 PM    207388   1855300     89.95    104048    929864    758964     29.36   1670928    119244       812
06:02:25 PM    207356   1855332     89.95    104048    929868    758964     29.36   1670936    119244       816
06:02:26 PM    207420   1855268     89.94    104048    929912    758964     29.36   1671000    119244       860
06:02:27 PM    207296   1855392     89.95    104048    930008    758964     29.36   1671052    119244       956
06:02:28 PM    207360   1855328     89.95    104056    930056    758964     29.36   1671132    119248       960
06:02:29 PM    207328   1855360     89.95    104056    930116    758964     29.36   1671196    119244      1064
06:02:30 PM    207264   1855424     89.95    104056    930120    758964     29.36   1671184    119248      1068
06:02:31 PM    207140   1855548     89.96    104056    930204    758964     29.36   1671256    119244      1152
06:02:32 PM    207204   1855484     89.95    104056    930200    758964     29.36   1671300    119244         4
06:02:33 PM    207108   1855580     89.96    104060    930296    758964     29.36   1671356    119244       152
06:02:34 PM    207016   1855672     89.96    104060    930296    758964     29.36   1671368    119244       156
06:02:35 PM    207016   1855672     89.96    104060    930336    758964     29.36   1671444    119244       196
06:02:36 PM    206952   1855736     89.97    104060    930372    758964     29.36   1671484    119244       232
06:02:37 PM    206956   1855732     89.97    104060    930412    758964     29.36   1671492    119244       272
06:02:38 PM    206992   1855696     89.96    104068    930448    758964     29.36   1671568    119244       320
06:02:39 PM    206928   1855760     89.97    104068    930500    758964     29.36   1671584    119244       364
06:02:40 PM    206928   1855760     89.97    104068    930536    758964     29.36   1671656    119244       400
06:02:41 PM    206836   1855852     89.97    104068    930576    758964     29.36   1671664    119244       440
06:02:42 PM    206772   1855916     89.98    104068    930612    758964     29.36   1671736    119244       476
06:02:43 PM    206804   1855884     89.97    104076    930708    758964     29.36   1671820    119252       528
06:02:44 PM    206712   1855976     89.98    104076    930760    758964     29.36   1671844    119244       624
06:02:45 PM    206704   1855984     89.98    104076    930816    758964     29.36   1672036    119248       680
06:02:46 PM    206588   1856100     89.98    104076    930824    758964     29.36   1671920    119244       688
06:02:47 PM    206524   1856164     89.99    104076    930876    758964     29.36   1671980    119244       740
06:02:48 PM    206556   1856132     89.99    104084    930908    758964     29.36   1672012    119248       780
06:02:49 PM    206524   1856164     89.99    104084    930960    758964     29.36   1672072    119248       824
06:02:50 PM    206432   1856256     89.99    104084    930996    758964     29.36   1672108    119244       860
06:02:51 PM    206368   1856320     90.00    104084    931036    758964     29.36   1672148    119244       900
06:02:52 PM    206496   1856192     89.99    104084    931072    758964     29.36   1672188    119244       936
06:02:53 PM    206364   1856324     90.00    104092    931160    758964     29.36   1672232    119244      1032
06:02:54 PM    206216   1856472     90.00    104092    931232    758964     29.36   1672332    119244      1096
06:02:55 PM    206216   1856472     90.00    104092    931308    758964     29.36   1672412    119244      1172
06:02:56 PM    206060   1856628     90.01    104092    931384    758964     29.36   1672512    119244      1248
06:02:57 PM    206060   1856628     90.01    104092    931464    758964     29.36   1672608    119244        28
06:02:58 PM    205840   1856848     90.02    104100    931460    758964     29.36   1672616    119244       104
06:02:59 PM    205872   1856816     90.02    104100    931508    758964     29.36   1672696    119248       148
06:03:00 PM    205780   1856908     90.02    104100    931552    758964     29.36   1672712    119244       196
06:03:01 PM    205780   1856908     90.02    104100    931588    758964     29.36   1672748    119244       232
06:03:02 PM    205748   1856940     90.03    104100    931632    758964     29.36   1672788    119248       276
06:03:03 PM    205812   1856876     90.02    104108    931656    758964     29.36   1672836    119244       308
06:03:04 PM    205624   1857064     90.03    104108    931696    758964     29.36   1672872    119244       340
06:03:05 PM    205688   1857000     90.03    104108    931736    758964     29.36   1672912    119244       380
06:03:06 PM    205628   1857060     90.03    104108    931776    758964     29.36   1672960    119244       420
06:03:07 PM    205660   1857028     90.03    104108    931824    758964     29.36   1673000    119248       468
06:03:08 PM    205660   1857028     90.03    104112    931852    758964     29.36   1673008    119244       500
06:03:09 PM    205504   1857184     90.04    104112    931896    758964     29.36   1673084    119244       540
06:03:10 PM    205600   1857088     90.03    104112    931940    758964     29.36   1673096    119244       584
06:03:11 PM    205600   1857088     90.03    104112    931968    758964     29.36   1673156    119248       612
06:03:12 PM    205560   1857128     90.03    104112    931988    758964     29.36   1673076    119244       632
06:03:13 PM    205616   1857072     90.03    104116    932012    758964     29.36   1673012    119248       660
Average:       208565   1854123     89.89    104021    928868    758392     29.34   1669642    119229       889
