Linux 4.4.0-31-generic (ids-suricata) 	12/08/2017 	_i686_	(1 CPU)

02:24:25 PM kbmemfree kbmemused  %memused kbbuffers  kbcached  kbcommit   %commit  kbactive   kbinact   kbdirty
02:24:26 PM    963612   1099076     53.28     89976    349116    738280     28.56    929932    117944       344
02:24:27 PM    963272   1099416     53.30     89976    349140    738280     28.56    929976    117928       368
02:24:28 PM    962992   1099696     53.31     89980    349156    738280     28.56    930004    117924       440
02:24:29 PM    963116   1099572     53.31     89980    349188    738280     28.56    930040    117924       476
02:24:30 PM    963148   1099540     53.31     89980    349216    738280     28.56    930068    117924        16
02:24:31 PM    957788   1104900     53.57     89980    349244    758824     29.36    933344    117924        80
02:24:32 PM    957292   1105396     53.59     89980    349280    758824     29.36    933344    117932       124
02:24:33 PM    957260   1105428     53.59     89984    349296    758824     29.36    933384    117932       196
02:24:34 PM    957260   1105428     53.59     89984    349324    758824     29.36    933408    117932       236
02:24:35 PM    957292   1105396     53.59     89984    349340    758824     29.36    933424    117932       252
02:24:36 PM    957168   1105520     53.60     89984    349372    758824     29.36    933472    117932       284
02:24:37 PM    957260   1105428     53.59     89984    349400    758824     29.36    933504    117936       312
02:24:38 PM    957168   1105520     53.60     89988    349424    758824     29.36    933532    117932       340
02:24:39 PM    957168   1105520     53.60     89988    349444    758824     29.36    933548    117932       356
02:24:40 PM    957136   1105552     53.60     89988    349476    758824     29.36    933592    117932       388
02:24:41 PM    957136   1105552     53.60     89988    349516    758824     29.36    933628    117940       428
02:24:42 PM    957136   1105552     53.60     89988    349548    758824     29.36    933672    117932       460
02:24:43 PM    957012   1105676     53.60     89996    349576    758824     29.36    933724    117936       496
02:24:44 PM    957012   1105676     53.60     89996    349628    758824     29.36    933780    117932       540
02:24:45 PM    956920   1105768     53.61     89996    349672    758824     29.36    933828    117932       584
02:24:46 PM    956888   1105800     53.61     89996    349712    758824     29.36    933876    117932       624
02:24:47 PM    956888   1105800     53.61     89996    349748    758824     29.36    933928    117932       660
02:24:48 PM    956764   1105924     53.62     90000    349784    758824     29.36    933972    117932       700
02:24:49 PM    956796   1105892     53.61     90000    349824    758824     29.36    934020    117932       736
02:24:50 PM    956628   1106060     53.62     90000    349864    758824     29.36    934076    117932       776
02:24:51 PM    956392   1106296     53.63     90000    349904    758824     29.36    934124    117932       816
02:24:52 PM    956300   1106388     53.64     90000    349948    758824     29.36    934232    117932       860
02:24:53 PM    956388   1106300     53.63     90008    349976    758824     29.36    934252    117932       896
02:24:54 PM    956264   1106424     53.64     90008    350024    758824     29.36    934316    117936       940
02:24:55 PM    956252   1106436     53.64     90008    350052    758824     29.36    934404    117932       968
02:24:56 PM    956160   1106528     53.64     90008    350088    758824     29.36    934428    117932      1004
02:24:57 PM    956108   1106580     53.65     90008    350124    758824     29.36    934532    117936      1040
02:24:58 PM    956016   1106672     53.65     90008    350168    758824     29.36    934576    117932      1084
02:24:59 PM    956048   1106640     53.65     90016    350216    758824     29.36    934656    117932      1132
02:25:00 PM    955856   1106832     53.66     90016    350256    758824     29.36    934748    117932       620
02:25:01 PM    955924   1106764     53.66     90016    350292    758824     29.36    934816    117936       616
02:25:02 PM    955768   1106920     53.66     90016    350328    758824     29.36    934944    117932       652
02:25:03 PM    955784   1106904     53.66     90016    350348    758824     29.36    935020    117932       672
02:25:04 PM    955668   1107020     53.67     90020    350380    758824     29.36    935208    117932       724
02:25:05 PM    955520   1107168     53.68     90020    350412    758824     29.36    935160    117932       152
02:25:06 PM    955676   1107012     53.67     90020    350440    758824     29.36    935196    117932       148
02:25:07 PM    955420   1107268     53.68     90020    350476    758824     29.36    935392    117936       184
02:25:08 PM    955172   1107516     53.69     90024    350512    758824     29.36    935508    117932       224
02:25:09 PM    955172   1107516     53.69     90024    350544    758824     29.36    935560    117936       280
02:25:10 PM    955048   1107640     53.70     90024    350564    758824     29.36    935692    117932       300
02:25:11 PM    954924   1107764     53.70     90024    350592    758824     29.36    935724    117932       328
02:25:12 PM    954668   1108020     53.72     90024    350624    758824     29.36    935940    117932       360
02:25:13 PM    954668   1108020     53.72     90024    350640    758824     29.36    936016    117932       376
02:25:14 PM    954536   1108152     53.72     90028    350680    758824     29.36    936148    117944       416
02:25:15 PM    954380   1108308     53.73     90028    350692    758824     29.36    936124    117936       428
02:25:16 PM    954264   1108424     53.74     90028    350712    758824     29.36    936148    117932       448
02:25:17 PM    954112   1108576     53.74     90028    350724    758824     29.36    936168    117932       460
02:25:18 PM    954136   1108552     53.74     90032    350740    758824     29.36    936308    117936       480
02:25:19 PM    953980   1108708     53.75     90032    350756    758824     29.36    936420    117936       492
02:25:20 PM    954012   1108676     53.75     90032    350772    758824     29.36    936444    117932       508
02:25:21 PM    953972   1108716     53.75     90032    350788    758824     29.36    936520    117936       524
02:25:22 PM    953864   1108824     53.76     90032    350808    758824     29.36    936504    117932       544
02:25:23 PM    953796   1108892     53.76     90040    350820    758824     29.36    936640    117932       564
02:25:24 PM    953480   1109208     53.77     90040    350844    758824     29.36    936728    117932       588
02:25:25 PM    953568   1109120     53.77     90040    350856    758824     29.36    936800    117932       600
02:25:26 PM    953668   1109020     53.77     90040    350872    758824     29.36    936836    117932       616
02:25:27 PM    953660   1109028     53.77     90040    350892    758824     29.36    936904    117940       636
02:25:28 PM    953480   1109208     53.77     90040    350912    758824     29.36    936908    117932       656
02:25:29 PM    953388   1109300     53.78     90044    350932    758824     29.36    936968    117936       676
02:25:30 PM    953420   1109268     53.78     90044    350952    758824     29.36    936980    117928       696
02:25:31 PM    953264   1109424     53.79     90044    350968    758824     29.36    937060    117928       712
02:25:32 PM    953172   1109516     53.79     90044    350988    758824     29.36    937136    117932       732
02:25:33 PM    953236   1109452     53.79     90044    351008    758824     29.36    937076    117928       752
02:25:34 PM    953080   1109608     53.79     90048    351024    758824     29.36    937128    117928       768
02:25:35 PM    953056   1109632     53.80     90048    351044    758824     29.36    937192    117928       532
02:25:36 PM    953048   1109640     53.80     90048    351060    758824     29.36    937264    117928       556
02:25:37 PM    952876   1109812     53.80     90048    351076    758824     29.36    937372    117932       572
02:25:38 PM    952860   1109828     53.80     90048    351100    758824     29.36    937288    117936       604
02:25:39 PM    952924   1109764     53.80     90052    351116    758824     29.36    937292    117932       632
02:25:40 PM    952800   1109888     53.81     90052    351136    758824     29.36    937328    117932        36
02:25:41 PM    952912   1109776     53.80     90052    351148    758824     29.36    937336    117932        72
02:25:42 PM    952788   1109900     53.81     90052    351164    758824     29.36    937360    117932        92
02:25:43 PM    952612   1110076     53.82     90052    351184    758824     29.36    937400    117936       112
02:25:44 PM    952644   1110044     53.82     90056    351200    758824     29.36    937408    117932       152
02:25:45 PM    952576   1110112     53.82     90056    351228    758824     29.36    937484    117936       180
02:25:46 PM    952628   1110060     53.82     90056    351260    758824     29.36    937700    117932       212
02:25:47 PM    952464   1110224     53.82     90056    351284    758824     29.36    937824    117936       236
02:25:48 PM    952164   1110524     53.84     90056    351300    758824     29.36    937716    117932       252
02:25:49 PM    952388   1110300     53.83     90064    351328    758824     29.36    937652    117940       288
02:25:50 PM    952384   1110304     53.83     90064    351352    758824     29.36    937724    117936       312
02:25:51 PM    952008   1110680     53.85     90064    351380    758824     29.36    937796    117936       340
02:25:52 PM    951976   1110712     53.85     90064    351400    758824     29.36    937880    117932       360
02:25:53 PM    952040   1110648     53.84     90064    351416    758824     29.36    937868    117932       376
02:25:54 PM    951968   1110720     53.85     90068    351448    758824     29.36    937988    117932       408
02:25:55 PM    952008   1110680     53.85     90068    351472    758824     29.36    937908    117936       432
02:25:56 PM    952104   1110584     53.84     90068    351484    758824     29.36    937764    117932       444
02:25:57 PM    952320   1110368     53.83     90068    351500    758824     29.36    937824    117932       460
02:25:58 PM    952196   1110492     53.84     90068    351520    758824     29.36    937824    117932       480
02:25:59 PM    952164   1110524     53.84     90072    351536    758824     29.36    937844    117932       500
02:26:00 PM    952008   1110680     53.85     90072    351556    758824     29.36    937876    117936        44
02:26:01 PM    952196   1110492     53.84     90072    351584    758824     29.36    937852    117932        56
02:26:02 PM    952016   1110672     53.85     90072    351612    758824     29.36    937812    117932       100
02:26:03 PM    952080   1110608     53.84     90072    351656    758824     29.36    937860    117932       144
02:26:04 PM    951892   1110796     53.85     90072    351704    758824     29.36    937864    117932       244
02:26:05 PM    951924   1110764     53.85     90072    351744    758824     29.36    937920    117932       272
02:26:06 PM    951920   1110768     53.85     90072    351788    758824     29.36    938016    117932       316
02:26:07 PM    952048   1110640     53.84     90072    351808    758824     29.36    937992    117932       336
02:26:08 PM    951940   1110748     53.85     90072    351920    758824     29.36    938092    117940       448
02:26:09 PM    951832   1110856     53.85     90076    351936    758824     29.36    938188    117936       468
02:26:10 PM    951832   1110856     53.85     90076    351988    758824     29.36    938200    117936       524
02:26:11 PM    951708   1110980     53.86     90076    352032    758824     29.36    938288    117932       568
02:26:12 PM    951636   1111052     53.86     90076    352072    758824     29.36    938432    117936       608
02:26:13 PM    951708   1110980     53.86     90076    352128    758824     29.36    938336    117932       664
02:26:14 PM    951552   1111136     53.87     90080    352136    758824     29.36    938328    117932       676
02:26:15 PM    951396   1111292     53.88     90080    352196    758824     29.36    938412    117940       732
02:26:16 PM    951336   1111352     53.88     90080    352300    758824     29.36    938516    117932       836
02:26:17 PM    951200   1111488     53.89     90080    352336    758824     29.36    938572    117932       872
02:26:18 PM    951212   1111476     53.88     90080    352360    758824     29.36    938588    117932       896
02:26:19 PM    951180   1111508     53.89     90084    352460    758824     29.36    938668    117932      1000
02:26:20 PM    951052   1111636     53.89     90084    352488    758824     29.36    938772    117932      1024
02:26:21 PM    951028   1111660     53.89     90084    352560    758824     29.36    938796    117932      1096
02:26:22 PM    951052   1111636     53.89     90084    352588    758824     29.36    938824    117932      1124
02:26:23 PM    950928   1111760     53.90     90084    352620    758824     29.36    938852    117932      1156
02:26:24 PM    950960   1111728     53.90     90088    352720    758824     29.36    938972    117932      1260
02:26:25 PM    950680   1112008     53.91     90088    352816    758824     29.36    939064    117932      1352
02:26:26 PM    950712   1111976     53.91     90088    352812    758824     29.36    939088    117936      1348
02:26:27 PM    950524   1112164     53.92     90088    352868    758824     29.36    939112    117936      1404
02:26:28 PM    950556   1112132     53.92     90088    352944    758824     29.36    939164    117932      1480
02:26:29 PM    950400   1112288     53.92     90092    352964    758824     29.36    939248    117932      1504
02:26:30 PM    950180   1112508     53.93     90108    353052    758824     29.36    939356    117932      1604
02:26:31 PM    950196   1112492     53.93     90108    353148    758824     29.36    939404    117936      1640
02:26:32 PM    950196   1112492     53.93     90108    353224    758824     29.36    939500    117936      1728
02:26:33 PM    950084   1112604     53.94     90108    353300    758824     29.36    939552    117932      1804
02:26:34 PM    949844   1112844     53.95     90116    353360    758824     29.36    939656    117932      1872
02:26:35 PM    949620   1113068     53.96     90120    353420    758824     29.36    939728    117932        32
02:26:36 PM    949596   1113092     53.96     90120    353488    758824     29.36    939784    117932       112
02:26:37 PM    949960   1112728     53.95     90120    353572    758824     29.36    939932    117932       204
02:26:38 PM    949688   1113000     53.96     90120    353636    758824     29.36    939896    117932       268
02:26:39 PM    949596   1113092     53.96     90124    353700    758824     29.36    939960    117932       388
02:26:40 PM    949564   1113124     53.96     90124    353776    758824     29.36    940032    117932       456
02:26:41 PM    949440   1113248     53.97     90124    353844    758824     29.36    940080    117940       524
02:26:42 PM    949580   1113108     53.96     90124    353844    758824     29.36    940152    117932       524
02:26:43 PM    949440   1113248     53.97     90124    353904    758824     29.36    940192    117932       584
02:26:44 PM    949356   1113332     53.97     90132    353944    758824     29.36    940148    117932       632
02:26:45 PM    949316   1113372     53.98     90132    354008    758824     29.36    940112    117936       692
Average:       953699   1108989     53.76     90047    351193    758090     29.33    936634    117933       580
