Linux 4.4.0-31-generic (ids-suricata) 	12/08/2017 	_i686_	(1 CPU)

03:04:39 PM kbmemfree kbmemused  %memused kbbuffers  kbcached  kbcommit   %commit  kbactive   kbinact   kbdirty
03:04:40 PM    840636   1222052     59.25     92432    447880    746100     28.86   1048944    118284      1656
03:04:41 PM    842496   1220192     59.16     92432    447896    746100     28.86   1047088    118268      1672
03:04:42 PM    843196   1219492     59.12     92432    447948    746100     28.86   1046624    118260       240
03:04:43 PM    843320   1219368     59.12     92432    447996    746100     28.86   1046680    118260       288
03:04:44 PM    843320   1219368     59.12     92440    448080    746100     28.86   1046768    118260       456
03:04:45 PM    843328   1219360     59.12     92440    448120    746100     28.86   1046808    118260       496
03:04:46 PM    838024   1224664     59.37     92440    448176    758200     29.33   1050056    118272       560
03:04:47 PM    837652   1225036     59.39     92440    448232    758200     29.33   1050128    118272       616
03:04:48 PM    837528   1225160     59.40     92440    448284    758200     29.33   1050188    118272       668
03:04:49 PM    837496   1225192     59.40     92444    448332    758200     29.33   1050240    118272       732
03:04:50 PM    837516   1225172     59.40     92444    448384    758200     29.33   1050300    118272       784
03:04:51 PM    837372   1225316     59.40     92444    448432    758200     29.33   1050352    118272       832
03:04:52 PM    837372   1225316     59.40     92444    448484    758200     29.33   1050400    118272       864
03:04:53 PM    837248   1225440     59.41     92444    448528    758200     29.33   1050448    118272       908
03:04:54 PM    837280   1225408     59.41     92452    448548    758200     29.33   1050480    118272       936
03:04:55 PM    837124   1225564     59.42     92452    448608    758200     29.33   1050536    118280       996
03:04:56 PM    837000   1225688     59.42     92452    448700    758200     29.33   1050656    118272      1088
03:04:57 PM    836908   1225780     59.43     92452    448768    758200     29.33   1050724    118276      1160
03:04:58 PM    836752   1225936     59.43     92452    448836    758200     29.33   1050804    118272      1228
03:04:59 PM    836784   1225904     59.43     92460    448900    758200     29.33   1050884    118272      1292
03:05:00 PM    836628   1226060     59.44     92460    448972    758200     29.33   1050960    118272      1364
03:05:01 PM    836472   1226216     59.45     92460    449036    758200     29.33   1051032    118272      1428
03:05:02 PM    836412   1226276     59.45     92464    449116    758200     29.33   1051120    118276      1400
03:05:03 PM    836412   1226276     59.45     92464    449200    758200     29.33   1051224    118272      1484
03:05:04 PM    836412   1226276     59.45     92472    449308    758200     29.33   1051344    118272      1632
03:05:05 PM    836256   1226432     59.46     92472    449408    758200     29.33   1051460    118272      1732
03:05:06 PM    836164   1226524     59.46     92472    449516    758200     29.33   1051580    118272      1840
03:05:07 PM    836008   1226680     59.47     92472    449624    758200     29.33   1051712    118272      1948
03:05:08 PM    835884   1226804     59.48     92472    449676    758200     29.33   1051780    118280      2000
03:05:09 PM    835388   1227300     59.50     92476    449828    758200     29.33   1052404    118272      2152
03:05:10 PM    835016   1227672     59.52     92476    449940    758200     29.33   1052532    118276      2264
03:05:11 PM    834924   1227764     59.52     92476    450048    758200     29.33   1052680    118268      2372
03:05:12 PM    834892   1227796     59.52     92476    450136    758200     29.33   1052784    118268      1948
03:05:13 PM    834768   1227920     59.53     92476    450208    758200     29.33   1052872    118268      2040
03:05:14 PM    833932   1228756     59.57     92476    450284    758200     29.33   1054028    118272      2116
03:05:15 PM    831668   1231020     59.68     92476    450348    758200     29.33   1056276    118276      2180
03:05:16 PM    829684   1233004     59.78     92476    450380    758200     29.33   1058272    118268      2212
03:05:17 PM    829188   1233500     59.80     92476    450424    758200     29.33   1058616    118268       160
03:05:18 PM    829096   1233592     59.81     92476    450448    758200     29.33   1058664    118272       184
03:05:19 PM    829064   1233624     59.81     92480    450488    758200     29.33   1058776    118272       256
03:05:20 PM    828972   1233716     59.81     92480    450520    758200     29.33   1058872    118272       288
03:05:21 PM    828760   1233928     59.82     92480    450540    758200     29.33   1059016    118276       308
03:05:22 PM    828840   1233848     59.82     92480    450568    758200     29.33   1059104    118272       336
03:05:23 PM    828848   1233840     59.82     92480    450600    758200     29.33   1059040    118272       368
03:05:24 PM    828720   1233968     59.82     92484    450632    758200     29.33   1059132    118276       404
03:05:25 PM    828596   1234092     59.83     92484    450668    758200     29.33   1059240    118276       440
03:05:26 PM    828408   1234280     59.84     92484    450696    758200     29.33   1059328    118272       468
03:05:27 PM    828440   1234248     59.84     92484    450736    758200     29.33   1059408    118280       484
03:05:28 PM    828164   1234524     59.85     92484    450756    758200     29.33   1059500    118272       504
03:05:29 PM    828228   1234460     59.85     92488    450772    758200     29.33   1059568    118272       528
03:05:30 PM    828040   1234648     59.86     92488    450808    758200     29.33   1059636    118276       564
03:05:31 PM    828096   1234592     59.85     92488    450820    758200     29.33   1059740    118272       576
03:05:32 PM    828072   1234616     59.85     92488    450856    758200     29.33   1059724    118272       612
03:05:33 PM    827948   1234740     59.86     92488    450876    758200     29.33   1059860    118272       632
03:05:34 PM    827948   1234740     59.86     92496    450896    758200     29.33   1059920    118272       664
03:05:35 PM    827824   1234864     59.87     92496    450928    758200     29.33   1060000    118272       688
03:05:36 PM    827824   1234864     59.87     92496    450948    758200     29.33   1060040    118272       708
03:05:37 PM    827668   1235020     59.87     92496    450964    758200     29.33   1060100    118272       724
03:05:38 PM    827576   1235112     59.88     92496    450988    758200     29.33   1060196    118272       748
03:05:39 PM    827484   1235204     59.88     92500    451008    758200     29.33   1060272    118276       772
03:05:40 PM    827404   1235284     59.89     92500    451044    758200     29.33   1060472    118276       804
03:05:41 PM    827428   1235260     59.89     92500    451068    758200     29.33   1060380    118272       828
03:05:42 PM    827328   1235360     59.89     92500    451092    758200     29.33   1060448    118272       852
03:05:43 PM    827308   1235380     59.89     92500    451120    758200     29.33   1060536    118272       880
03:05:44 PM    827060   1235628     59.90     92504    451148    758200     29.33   1060648    118272       912
03:05:45 PM    827060   1235628     59.90     92504    451184    758200     29.33   1060752    118272       944
03:05:46 PM    826936   1235752     59.91     92504    451204    758200     29.33   1060788    118272       964
03:05:47 PM    826812   1235876     59.92     92504    451224    758200     29.33   1060856    118272        80
03:05:48 PM    826844   1235844     59.91     92504    451256    758200     29.33   1060888    118272       132
03:05:49 PM    826936   1235752     59.91     92504    451280    758200     29.33   1060916    118272       156
03:05:50 PM    826848   1235840     59.91     92508    451312    758200     29.33   1060988    118272       192
03:05:51 PM    826840   1235848     59.91     92508    451328    758200     29.33   1061100    118272       208
03:05:52 PM    826544   1236144     59.93     92508    451352    758200     29.33   1061436    118276       184
03:05:53 PM    826620   1236068     59.93     92508    451372    758200     29.33   1061044    118272       204
03:05:54 PM    826680   1236008     59.92     92508    451392    758200     29.33   1061068    118272       224
03:05:55 PM    826712   1235976     59.92     92508    451408    758200     29.33   1061084    118272       244
03:05:56 PM    826680   1236008     59.92     92508    451432    758200     29.33   1061116    118272       268
03:05:57 PM    826588   1236100     59.93     92508    451460    758200     29.33   1061140    118276       296
03:05:58 PM    826580   1236108     59.93     92508    451488    758200     29.33   1061260    118272       324
03:05:59 PM    826612   1236076     59.93     92508    451536    758200     29.33   1061316    118276       372
03:06:00 PM    826580   1236108     59.93     92512    451552    758200     29.33   1061340    118272       392
03:06:01 PM    826612   1236076     59.93     92512    451592    758200     29.33   1061372    118280       432
03:06:02 PM    826580   1236108     59.93     92512    451616    758200     29.33   1061400    118272       456
03:06:03 PM    826488   1236200     59.93     92512    451664    758200     29.33   1061456    118276       504
03:06:04 PM    826448   1236240     59.93     92512    451680    758200     29.33   1061552    118272       520
03:06:05 PM    826208   1236480     59.95     92520    451720    758200     29.33   1061512    118272       560
03:06:06 PM    826332   1236356     59.94     92520    451748    758200     29.33   1061556    118272       588
03:06:07 PM    826364   1236324     59.94     92520    451788    758200     29.33   1061604    118272       604
03:06:08 PM    826340   1236348     59.94     92520    451812    758200     29.33   1061536    118272       628
03:06:09 PM    826372   1236316     59.94     92520    451844    758200     29.33   1061564    118272       660
03:06:10 PM    826340   1236348     59.94     92528    451864    758200     29.33   1061592    118276       692
03:06:11 PM    826176   1236512     59.95     92528    451892    758200     29.33   1061680    118276       720
03:06:12 PM    826312   1236376     59.94     92528    451912    758200     29.33   1061752    118272       740
03:06:13 PM    826340   1236348     59.94     92528    451956    758200     29.33   1061672    118272       788
03:06:14 PM    826248   1236440     59.94     92528    451972    758200     29.33   1061716    118272       804
03:06:15 PM    826248   1236440     59.94     92528    452012    758200     29.33   1061748    118272       844
03:06:16 PM    826216   1236472     59.94     92528    452024    758200     29.33   1061768    118272       856
03:06:17 PM    826208   1236480     59.95     92528    452052    758200     29.33   1061880    118276        16
03:06:18 PM    826116   1236572     59.95     92528    452116    758200     29.33   1061948    118276       108
03:06:19 PM    826116   1236572     59.95     92528    452136    758200     29.33   1061944    118276       128
03:06:20 PM    825984   1236704     59.96     92532    452228    758200     29.33   1062184    118276       260
03:06:21 PM    825920   1236768     59.96     92532    452308    758200     29.33   1062180    118276       344
03:06:22 PM    825868   1236820     59.96     92532    452320    758200     29.33   1062160    118272       356
03:06:23 PM    825556   1237132     59.98     92532    452380    758200     29.33   1062220    118276       416
03:06:24 PM    825588   1237100     59.98     92532    452468    758200     29.33   1062308    118272       504
03:06:25 PM    825432   1237256     59.98     92540    452524    758200     29.33   1062372    118272       560
03:06:26 PM    825496   1237192     59.98     92540    452584    758200     29.33   1062440    118272       620
03:06:27 PM    825492   1237196     59.98     92540    452640    758200     29.33   1062440    118272       676
03:06:28 PM    825432   1237256     59.98     92540    452688    758200     29.33   1062416    118272       724
03:06:29 PM    825472   1237216     59.98     92540    452764    758200     29.33   1062512    118276       800
03:06:30 PM    825316   1237372     59.99     92544    452824    758200     29.33   1062580    118272       860
03:06:31 PM    825008   1237680     60.00     92544    452888    758200     29.33   1062660    118272       924
03:06:32 PM    824884   1237804     60.01     92544    452952    758200     29.33   1062716    118272       988
03:06:33 PM    824976   1237712     60.00     92544    453024    758200     29.33   1062796    118272      1060
03:06:34 PM    824820   1237868     60.01     92548    453076    758200     29.33   1062852    118272      1116
03:06:35 PM    824724   1237964     60.02     92548    453132    758200     29.33   1062908    118272      1168
03:06:36 PM    824724   1237964     60.02     92548    453196    758200     29.33   1062972    118272      1232
03:06:37 PM    824568   1238120     60.02     92548    453256    758200     29.33   1063024    118276      1292
03:06:38 PM    824504   1238184     60.03     92548    453312    758200     29.33   1063108    118280      1348
03:06:39 PM    824416   1238272     60.03     92548    453372    758200     29.33   1063392    118276      1408
03:06:40 PM    824496   1238192     60.03     92556    453388    758200     29.33   1063208    118272      1424
03:06:41 PM    824504   1238184     60.03     92556    453500    758200     29.33   1063248    118272      1536
03:06:42 PM    824312   1238376     60.04     92556    453520    758200     29.33   1063304    118272      1556
03:06:43 PM    824220   1238468     60.04     92556    453640    758200     29.33   1063424    118276      1676
03:06:44 PM    824064   1238624     60.05     92556    453688    758200     29.33   1063476    118272      1724
03:06:45 PM    824116   1238572     60.05     92564    453748    758200     29.33   1063548    118276      1784
03:06:46 PM    823972   1238716     60.05     92564    453768    758200     29.33   1063564    118272      1804
03:06:47 PM    823972   1238716     60.05     92564    453876    758200     29.33   1063672    118272      1876
03:06:48 PM    823848   1238840     60.06     92564    453944    758200     29.33   1063744    118272      1960
03:06:49 PM    823848   1238840     60.06     92564    454008    758200     29.33   1063812    118276      2024
03:06:50 PM    823724   1238964     60.07     92572    454036    758200     29.33   1063840    118272      2052
03:06:51 PM    823600   1239088     60.07     92572    454144    758200     29.33   1063948    118272      2160
03:06:52 PM    823600   1239088     60.07     92572    454204    758200     29.33   1064012    118276        32
03:06:53 PM    823384   1239304     60.08     92572    454284    758200     29.33   1064092    118276       136
03:06:54 PM    823384   1239304     60.08     92572    454352    758200     29.33   1064160    118272       204
03:06:55 PM    823384   1239304     60.08     92576    454384    758200     29.33   1064200    118272       276
03:06:56 PM    823228   1239460     60.09     92576    454484    758200     29.33   1064300    118272       376
03:06:57 PM    823104   1239584     60.10     92576    454532    758200     29.33   1064356    118272       424
03:06:58 PM    823104   1239584     60.10     92576    454580    758200     29.33   1064320    118272       472
03:06:59 PM    823324   1239364     60.08     92576    454604    758200     29.33   1064248    118276       500
Average:       829078   1233610     59.81     92506    451274    757681     29.31   1058789    118273       870
