Linux 4.4.0-31-generic (dpi-suricata) 	12/08/2017 	_i686_	(1 CPU)

04:25:25 PM kbmemfree kbmemused  %memused kbbuffers  kbcached  kbcommit   %commit  kbactive   kbinact   kbdirty
04:25:26 PM    403996   1658692     80.41     92280    704560    984112     38.07   1136820    459680       160
04:25:27 PM    403896   1658792     80.42     92280    704580    984112     38.07   1136824    459660       156
04:25:28 PM    404136   1658552     80.41     92280    704596    984112     38.07   1136860    459656       172
04:25:29 PM    403988   1658700     80.41     92280    704624    984112     38.07   1136896    459656       200
04:25:30 PM    403540   1659148     80.44     92284    704652    984112     38.07   1136956    459656       236
04:25:31 PM    403384   1659304     80.44     92284    704680    984112     38.07   1137664    459656       308
04:25:32 PM    401772   1660916     80.52     92284    704724    984112     38.07   1139208    459656       352
04:25:33 PM    400160   1662528     80.60     92284    704772    984112     38.07   1140880    459656       400
04:25:34 PM    398176   1664512     80.70     92284    704804    984112     38.07   1142764    459656       432
04:25:35 PM    396408   1666280     80.78     92288    704832    984112     38.07   1144612    459656       464
04:25:36 PM    394208   1668480     80.89     92288    704864    984112     38.07   1146848    459656       492
04:25:37 PM    392348   1670340     80.98     92288    704912    984112     38.07   1148572    459656       540
04:25:38 PM    390984   1671704     81.04     92288    704948    984112     38.07   1150220    459656       576
04:25:39 PM    388736   1673952     81.15     92288    704984    984112     38.07   1152160    459656       612
04:25:40 PM    386788   1675900     81.25     92296    705020    984112     38.07   1153912    459656       656
04:25:41 PM    385372   1677316     81.32     92296    705060    984112     38.07   1155708    459656       688
04:25:42 PM    383404   1679284     81.41     92296    705080    984112     38.07   1157608    459664       708
04:25:43 PM    380924   1681764     81.53     92296    705120    984112     38.07   1160372    459656       748
04:25:44 PM    378816   1683872     81.63     92296    705164    984112     38.07   1162820    459656       792
04:25:45 PM    376428   1686260     81.75     92296    705200    984112     38.07   1165020    459656       828
04:25:46 PM    373328   1689360     81.90     92296    705244    984112     38.07   1167704    459656       872
04:25:47 PM    370196   1692492     82.05     92296    705276    984112     38.07   1170688    459652       904
04:25:48 PM    367624   1695064     82.18     92296    705308    984112     38.07   1173304    459652       936
04:25:49 PM    365796   1696892     82.27     92296    705344    984112     38.07   1175404    459652       972
04:25:50 PM    363192   1699496     82.39     92300    705372    984112     38.07   1177596    459656      1004
04:25:51 PM    361832   1700856     82.46     92300    705440    984112     38.07   1178796    459652      1068
04:25:52 PM    361688   1701000     82.47     92300    705440    984112     38.07   1179280    459652      1068
04:25:53 PM    360500   1702188     82.52     92300    705484    984112     38.07   1180116    459652      1112
04:25:54 PM    359548   1703140     82.57     92300    705536    984112     38.07   1181456    459656      1164
04:25:55 PM    358772   1703916     82.61     92304    705556    984112     38.07   1182168    459660       632
04:25:56 PM    357936   1704752     82.65     92304    705604    984112     38.07   1182864    459656       676
04:25:57 PM    357092   1705596     82.69     92304    705636    984112     38.07   1183892    459656       708
04:25:58 PM    355040   1707648     82.79     92304    705672    984112     38.07   1185896    459664       744
04:25:59 PM    354088   1708600     82.83     92304    705712    984112     38.07   1186720    459656       784
04:26:00 PM    353344   1709344     82.87     92312    705736    984112     38.07   1187444    459656       100
04:26:01 PM    351980   1710708     82.94     92312    705780    984112     38.07   1188812    459660       204
04:26:02 PM    351440   1711248     82.96     92312    705820    984112     38.07   1189196    459656       248
04:26:03 PM    350932   1711756     82.99     92312    705840    984112     38.07   1189904    459660       268
04:26:04 PM    350816   1711872     82.99     92312    705860    984112     38.07   1189832    459656       288
04:26:05 PM    350632   1712056     83.00     92320    705872    984112     38.07   1189884    459656       308
04:26:06 PM    350568   1712120     83.00     92320    705908    984112     38.07   1189916    459652       340
04:26:07 PM    350476   1712212     83.01     92320    705936    984112     38.07   1190024    459656       368
04:26:08 PM    350476   1712212     83.01     92320    705960    984112     38.07   1190096    459656       392
04:26:09 PM    350280   1712408     83.02     92320    705984    984112     38.07   1190280    459656       416
04:26:10 PM    350376   1712312     83.01     92320    706008    984112     38.07   1190332    459656       440
04:26:11 PM    350104   1712584     83.03     92320    706024    984112     38.07   1190772    459656       464
04:26:12 PM    349856   1712832     83.04     92320    706048    984112     38.07   1190872    459656       488
04:26:13 PM    349344   1713344     83.06     92320    706068    984112     38.07   1190928    459656       508
04:26:14 PM    349292   1713396     83.07     92320    706092    984112     38.07   1191312    459652       532
04:26:15 PM    349244   1713444     83.07     92320    706108    984112     38.07   1191296    459652       548
04:26:16 PM    348948   1713740     83.08     92328    706132    984112     38.07   1191784    459652       572
04:26:17 PM    348352   1714336     83.11     92328    706164    984112     38.07   1192216    459660       604
04:26:18 PM    347940   1714748     83.13     92328    706184    984112     38.07   1192452    459660       624
04:26:19 PM    347888   1714800     83.13     92328    706204    984112     38.07   1192504    459652       644
04:26:20 PM    347848   1714840     83.14     92328    706220    984112     38.07   1192552    459652       660
04:26:21 PM    347600   1715088     83.15     92328    706244    984112     38.07   1192792    459652       684
04:26:22 PM    347136   1715552     83.17     92328    706272    984112     38.07   1193200    459652       712
04:26:23 PM    344880   1717808     83.28     92328    706292    984112     38.07   1193392    459656       732
04:26:24 PM    346728   1715960     83.19     92328    706308    984112     38.07   1193728    459652       748
04:26:25 PM    346408   1716280     83.21     92336    706328    984112     38.07   1193836    459656       776
04:26:26 PM    346472   1716216     83.20     92336    706356    984112     38.07   1193908    459656       796
04:26:27 PM    346240   1716448     83.21     92336    706372    984112     38.07   1194428    459656       812
04:26:28 PM    345220   1717468     83.26     92336    706396    984112     38.07   1195112    459660       836
04:26:29 PM    345228   1717460     83.26     92336    706416    984112     38.07   1195200    459652       856
04:26:30 PM    344700   1717988     83.29     92340    706440    984112     38.07   1195608    459652       560
04:26:31 PM    344236   1718452     83.31     92340    706468    984112     38.07   1195712    459660       592
04:26:32 PM    344012   1718676     83.32     92340    706496    984112     38.07   1196176    459652       620
04:26:33 PM    343824   1718864     83.33     92340    706520    984112     38.07   1196232    459656       644
04:26:34 PM    343856   1718832     83.33     92340    706540    984112     38.07   1196184    459656       664
04:26:35 PM    343772   1718916     83.33     92344    706556    984112     38.07   1196172    459660        52
04:26:36 PM    343740   1718948     83.34     92344    706584    984112     38.07   1196232    459656       144
04:26:37 PM    343584   1719104     83.34     92344    706612    984112     38.07   1196280    459652       176
04:26:38 PM    343616   1719072     83.34     92344    706640    984112     38.07   1196356    459660       204
04:26:39 PM    343772   1718916     83.33     92344    706664    984112     38.07   1196388    459656       228
04:26:40 PM    343672   1719016     83.34     92352    706680    984112     38.07   1196572    459652       252
04:26:41 PM    343572   1719116     83.34     92352    706716    984112     38.07   1196468    459656       280
04:26:42 PM    343408   1719280     83.35     92352    706752    984112     38.07   1196496    459656       316
04:26:43 PM    343500   1719188     83.35     92352    706780    984112     38.07   1196540    459660       344
04:26:44 PM    341628   1721060     83.44     92352    706816    984112     38.07   1198292    459652       380
04:26:45 PM    341472   1721216     83.45     92360    706844    984112     38.07   1198504    459652       416
04:26:46 PM    341296   1721392     83.45     92360    706888    984112     38.07   1198868    459652       452
04:26:47 PM    341140   1721548     83.46     92360    706920    984112     38.07   1198908    459652       484
04:26:48 PM    341140   1721548     83.46     92360    706944    984112     38.07   1198932    459652       508
04:26:49 PM    340924   1721764     83.47     92360    706992    984112     38.07   1199068    459660       556
04:26:50 PM    340876   1721812     83.47     92364    707024    984112     38.07   1199312    459656       592
04:26:51 PM    340544   1722144     83.49     92364    707088    984112     38.07   1199248    459652       652
04:26:52 PM    340264   1722424     83.50     92364    707136    984112     38.07   1199316    459652       700
04:26:53 PM    340356   1722332     83.50     92364    707252    984112     38.07   1199468    459652       816
04:26:54 PM    340100   1722588     83.51     92364    707324    984112     38.07   1199568    459652       888
04:26:55 PM    340052   1722636     83.51     92364    707380    984112     38.07   1199844    459656         4
04:26:56 PM    339628   1723060     83.53     92364    707472    984112     38.07   1200468    459656       144
04:26:57 PM    338924   1723764     83.57     92364    707588    984112     38.07   1201064    459652       284
04:26:58 PM    338228   1724460     83.60     92364    707672    984112     38.07   1201528    459660       368
04:26:59 PM    338148   1724540     83.61     92364    707716    984112     38.07   1201584    459656       412
04:27:00 PM    337900   1724788     83.62     92368    707816    984112     38.07   1201752    459656       516
04:27:01 PM    337692   1724996     83.63     92368    707904    984112     38.07   1202120    459660       608
04:27:02 PM    337652   1725036     83.63     92368    707996    984112     38.07   1202276    459660       700
04:27:03 PM    337380   1725308     83.64     92368    708080    984112     38.07   1202572    459656       784
04:27:04 PM    336584   1726104     83.68     92368    708184    984112     38.07   1202996    459656       888
04:27:05 PM    336076   1726612     83.71     92372    708244    984112     38.07   1203840    459660       952
04:27:06 PM    335640   1727048     83.73     92372    708392    984112     38.07   1204008    459656      1096
04:27:07 PM    335580   1727108     83.73     92372    708496    984112     38.07   1204216    459656      1200
04:27:08 PM    334632   1728056     83.78     92372    708556    984112     38.07   1205220    459656      1260
04:27:09 PM    334328   1728360     83.79     92372    708696    984112     38.07   1205508    459660      1400
04:27:10 PM    333780   1728908     83.82     92380    708736    984112     38.07   1205744    459656      1448
04:27:11 PM    333532   1729156     83.83     92380    708856    984112     38.07   1205932    459656      1564
04:27:12 PM    333408   1729280     83.84     92380    708988    984112     38.07   1206412    459656      1696
04:27:13 PM    333100   1729588     83.85     92380    709108    984112     38.07   1206532    459660      1816
04:27:14 PM    332676   1730012     83.87     92380    709208    984112     38.07   1206668    459656      1916
04:27:15 PM    332440   1730248     83.88     92384    709304    984112     38.07   1206968    459664      2016
04:27:16 PM    332092   1730596     83.90     92384    709472    984112     38.07   1207668    459660      2180
04:27:17 PM    331820   1730868     83.91     92384    709512    984112     38.07   1207764    459656      2220
04:27:18 PM    330860   1731828     83.96     92384    709616    984112     38.07   1208872    459656      2324
04:27:19 PM    328348   1734340     84.08     92384    709728    984112     38.07   1211384    459656      2436
04:27:20 PM    325992   1736696     84.20     92392    709896    984112     38.07   1213660    459660      2612
04:27:21 PM    324164   1738524     84.28     92392    709956    984112     38.07   1215516    459652      2668
04:27:22 PM    322800   1739888     84.35     92392    710052    984112     38.07   1216692    459652      2764
04:27:24 PM    321156   1741532     84.43     92392    710212    984112     38.07   1218488    459652      2924
04:27:25 PM    319028   1743660     84.53     92392    710308    984112     38.07   1220464    459652      3020
04:27:26 PM    317308   1745380     84.62     92400    710416    984112     38.07   1222236    459656       640
04:27:27 PM    315604   1747084     84.70     92400    710560    984112     38.07   1223856    459660       780
04:27:28 PM    313992   1748696     84.78     92400    710632    984112     38.07   1225736    459660       852
04:27:29 PM    312132   1750556     84.87     92400    710728    984112     38.07   1227604    459656       948
04:27:30 PM    310520   1752168     84.95     92400    710828    984112     38.07   1228948    459660      1048
04:27:31 PM    309232   1753456     85.01     92400    710952    984112     38.07   1230604    459656       584
04:27:32 PM    308992   1753696     85.02     92400    711060    984112     38.07   1230592    459660       700
04:27:33 PM    308992   1753696     85.02     92400    711116    984112     38.07   1230780    459656       760
04:27:34 PM    308868   1753820     85.03     92400    711228    984112     38.07   1230860    459656       872
04:27:35 PM    308292   1754396     85.05     92400    711344    984112     38.07   1230968    459652       988
04:27:36 PM    308468   1754220     85.05     92404    711436    984112     38.07   1231032    459656      1084
04:27:37 PM    308304   1754384     85.05     92404    711532    984112     38.07   1231128    459656      1180
04:27:38 PM    308172   1754516     85.06     92404    711628    984112     38.07   1231256    459660      1276
04:27:39 PM    308088   1754600     85.06     92404    711716    984112     38.07   1231348    459656      1364
04:27:40 PM    308096   1754592     85.06     92404    711812    984112     38.07   1231412    459656      1460
04:27:41 PM    307940   1754748     85.07     92404    711844    984112     38.07   1231536    459660      1492
04:27:42 PM    307816   1754872     85.08     92404    711964    984112     38.07   1231592    459656      1616
04:27:43 PM    307692   1754996     85.08     92404    712092    984112     38.07   1231756    459656      1744
04:27:44 PM    307576   1755112     85.09     92404    712176    984112     38.07   1231844    459656      1828
04:27:45 PM    296632   1766056     85.62     92404    712276    984112     38.07   1242672    459656      1928
04:27:46 PM    296648   1766040     85.62     92412    712304    984112     38.07   1242576    459660      1964
Average:       346044   1716644     83.22     92344    707351    984112     38.07   1194154    459656       850
