Linux 4.4.0-31-generic (fw-suricata) 	12/08/2017 	_i686_	(1 CPU)

05:23:20 PM  CPU    %usr   %nice    %sys %iowait    %irq   %soft  %steal  %guest  %gnice   %idle
05:23:21 PM  all    1.01    0.00   10.10    0.00    0.00    0.00    0.00    0.00    0.00   88.89
05:23:22 PM  all    1.02    0.00    4.08    0.00    0.00    0.00    1.02    0.00    0.00   93.88
05:23:23 PM  all    3.03    0.00    3.03    0.00    0.00    0.00    0.00    0.00    0.00   93.94
05:23:24 PM  all    2.02    0.00    5.05    0.00    0.00    0.00    0.00    0.00    0.00   92.93
05:23:25 PM  all    4.04    0.00    6.06    2.02    0.00    2.02    1.01    0.00    0.00   84.85
05:23:26 PM  all    2.02    0.00    2.02    0.00    0.00    0.00    0.00    0.00    0.00   95.96
05:23:27 PM  all    0.99    0.00    2.97    0.00    0.00    0.00    0.99    0.00    0.00   95.05
05:23:28 PM  all    0.99    0.00    2.97    0.00    0.00    0.00    0.99    0.00    0.00   95.05
05:23:29 PM  all    1.00    0.00    2.00    0.00    0.00    1.00    0.00    0.00    0.00   96.00
05:23:30 PM  all    0.00    0.00    3.06    4.08    0.00    0.00    0.00    0.00    0.00   92.86
05:23:31 PM  all    1.00    0.00    3.00    0.00    0.00    0.00    0.00    0.00    0.00   96.00
05:23:32 PM  all    0.00    0.00    3.03    0.00    0.00    0.00    1.01    0.00    0.00   95.96
05:23:33 PM  all    0.99    0.00    2.97    0.00    0.00    0.00    0.99    0.00    0.00   95.05
05:23:34 PM  all    1.02    0.00    2.04    0.00    0.00    0.00    0.00    0.00    0.00   96.94
05:23:35 PM  all    0.00    0.00    3.03    2.02    0.00    0.00    0.00    0.00    0.00   94.95
05:23:36 PM  all    0.00    0.00    4.04    0.00    0.00    0.00    0.00    0.00    0.00   95.96
05:23:37 PM  all    0.00    0.00    3.00    0.00    0.00    0.00    1.00    0.00    0.00   96.00
05:23:38 PM  all    0.00    0.00    3.03    0.00    0.00    0.00    0.00    0.00    0.00   96.97
05:23:39 PM  all    3.03    0.00    1.01    0.00    0.00    0.00    0.00    0.00    0.00   95.96
05:23:40 PM  all    0.00    0.00    3.06    2.04    0.00    0.00    0.00    0.00    0.00   94.90
05:23:41 PM  all    1.01    0.00    3.03    0.00    0.00    0.00    0.00    0.00    0.00   95.96
05:23:42 PM  all    0.00    0.00    2.97    0.00    0.00    0.99    0.99    0.00    0.00   95.05
05:23:43 PM  all    0.00    0.00    4.04    0.00    0.00    0.00    0.00    0.00    0.00   95.96
05:23:44 PM  all    1.00    0.00    3.00    0.00    0.00    0.00    0.00    0.00    0.00   96.00
05:23:45 PM  all    1.01    0.00    2.02    7.07    0.00    0.00    0.00    0.00    0.00   89.90
05:23:46 PM  all    1.01    0.00    3.03    0.00    0.00    0.00    0.00    0.00    0.00   95.96
05:23:47 PM  all    1.00    0.00    3.00    0.00    0.00    0.00    0.00    0.00    0.00   96.00
05:23:48 PM  all    1.00    0.00    3.00    0.00    0.00    0.00    1.00    0.00    0.00   95.00
05:23:49 PM  all    0.00    0.00    3.03    0.00    0.00    0.00    0.00    0.00    0.00   96.97
05:23:50 PM  all    1.02    0.00    2.04   11.22    0.00    0.00    0.00    0.00    0.00   85.71
05:23:51 PM  all    1.01    0.00    2.02    0.00    0.00    0.00    1.01    0.00    0.00   95.96
05:23:52 PM  all    0.99    0.00    3.96    0.00    0.00    0.00    0.00    0.00    0.00   95.05
05:23:53 PM  all    0.00    0.00    3.03    0.00    0.00    0.00    0.00    0.00    0.00   96.97
05:23:54 PM  all    2.00    0.00    2.00    0.00    0.00    0.00    1.00    0.00    0.00   95.00
05:23:55 PM  all    1.01    0.00    2.02    7.07    0.00    0.00    1.01    0.00    0.00   88.89
05:23:56 PM  all    1.00    0.00    3.00    0.00    0.00    0.00    0.00    0.00    0.00   96.00
05:23:57 PM  all    0.00    0.00    4.00    0.00    0.00    1.00    0.00    0.00    0.00   95.00
05:23:58 PM  all    1.00    0.00    3.00    0.00    0.00    0.00    0.00    0.00    0.00   96.00
05:23:59 PM  all    1.01    0.00    3.03    0.00    0.00    0.00    0.00    0.00    0.00   95.96
05:24:00 PM  all    0.00    0.00    3.03    3.03    0.00    0.00    1.01    0.00    0.00   92.93
05:24:01 PM  all    0.00    0.00    3.03    0.00    0.00    0.00    0.00    0.00    0.00   96.97
05:24:02 PM  all    2.97    0.00    1.98    0.00    0.00    0.00    0.99    0.00    0.00   94.06
05:24:03 PM  all    0.99    0.00    3.96    0.00    0.00    0.00    0.00    0.00    0.00   95.05
05:24:04 PM  all    0.00    0.00    4.04    0.00    0.00    0.00    0.00    0.00    0.00   95.96
05:24:05 PM  all    0.00    0.00    3.96    1.98    0.00    0.00    0.99    0.00    0.00   93.07
05:24:06 PM  all    0.99    0.00    3.96    0.00    0.00    0.00    0.00    0.00    0.00   95.05
05:24:07 PM  all    1.00    0.00    3.00    0.00    0.00    0.00    1.00    0.00    0.00   95.00
05:24:08 PM  all    0.00    0.00    3.06    0.00    0.00    0.00    0.00    0.00    0.00   96.94
05:24:09 PM  all    1.00    0.00    2.00    0.00    0.00    1.00    0.00    0.00    0.00   96.00
05:24:10 PM  all    0.99    0.00    3.96    0.99    0.00    0.00    0.99    0.00    0.00   93.07
05:24:11 PM  all    2.00    0.00    2.00    0.00    0.00    0.00    1.00    0.00    0.00   95.00
05:24:12 PM  all    0.00    0.00    4.00    0.00    0.00    0.00    0.00    0.00    0.00   96.00
05:24:13 PM  all    1.00    0.00    3.00    0.00    0.00    0.00    0.00    0.00    0.00   96.00
05:24:14 PM  all    2.00    0.00    3.00    0.00    0.00    0.00    0.00    0.00    0.00   95.00
05:24:15 PM  all    0.00    0.00    4.00    1.00    0.00    0.00    1.00    0.00    0.00   94.00
05:24:16 PM  all    2.97    0.00    2.97    0.00    0.00    0.00    0.00    0.00    0.00   94.06
05:24:17 PM  all    2.02    0.00    1.01    0.00    0.00    0.00    1.01    0.00    0.00   95.96
05:24:18 PM  all    0.99    0.00    2.97    0.00    0.00    0.99    0.00    0.00    0.00   95.05
05:24:19 PM  all    1.01    0.00    3.03    0.00    0.00    0.00    0.00    0.00    0.00   95.96
05:24:20 PM  all    1.01    0.00    2.02    2.02    0.00    0.00    0.00    0.00    0.00   94.95
05:24:21 PM  all    1.00    0.00    3.00    0.00    0.00    0.00    0.00    0.00    0.00   96.00
05:24:22 PM  all    1.00    0.00    3.00    0.00    0.00    0.00    1.00    0.00    0.00   95.00
05:24:23 PM  all    1.02    0.00    2.04    0.00    0.00    0.00    0.00    0.00    0.00   96.94
05:24:24 PM  all    1.01    0.00    2.02    0.00    0.00    0.00    0.00    0.00    0.00   96.97
05:24:25 PM  all    1.00    0.00    2.00    6.00    0.00    0.00    1.00    0.00    0.00   90.00
05:24:26 PM  all    1.01    0.00    3.03    0.00    0.00    0.00    0.00    0.00    0.00   95.96
05:24:27 PM  all    1.00    0.00    3.00    0.00    0.00    0.00    0.00    0.00    0.00   96.00
05:24:28 PM  all    1.01    0.00    3.03    0.00    0.00    0.00    0.00    0.00    0.00   95.96
05:24:29 PM  all    0.99    0.00    2.97    0.00    0.00    0.00    0.99    0.00    0.00   95.05
05:24:30 PM  all    2.02    0.00    2.02   12.12    0.00    0.00    0.00    0.00    0.00   83.84
05:24:31 PM  all    1.96    0.00    2.94    0.00    0.00    0.00    1.96    0.00    0.00   93.14
05:24:32 PM  all    0.00    0.00    4.00    0.00    0.00    0.00    0.00    0.00    0.00   96.00
05:24:33 PM  all    2.00    0.00    3.00    0.00    0.00    0.00    0.00    0.00    0.00   95.00
05:24:34 PM  all    2.00    0.00    2.00    0.00    0.00    0.00    1.00    0.00    0.00   95.00
05:24:35 PM  all    1.01    0.00    3.03    7.07    0.00    0.00    1.01    0.00    0.00   87.88
05:24:36 PM  all    1.00    0.00    3.00    0.00    0.00    0.00    1.00    0.00    0.00   95.00
05:24:37 PM  all    2.00    0.00    2.00    0.00    0.00    0.00    1.00    0.00    0.00   95.00
05:24:38 PM  all    1.96    0.00    3.92    0.00    0.00    0.00    0.00    0.00    0.00   94.12
05:24:39 PM  all    0.00    0.00    3.06    0.00    0.00    0.00    0.00    0.00    0.00   96.94
05:24:40 PM  all    0.99    0.00    2.97    1.98    0.00    0.00    0.99    0.00    0.00   93.07
05:24:41 PM  all    1.01    0.00    2.02    0.00    0.00    0.00    0.00    0.00    0.00   96.97
05:24:42 PM  all    0.00    0.00    3.06    0.00    0.00    0.00    0.00    0.00    0.00   96.94
05:24:43 PM  all    1.98    0.00    2.97    0.00    0.00    0.00    0.00    0.00    0.00   95.05
05:24:44 PM  all    1.98    0.00    2.97    0.00    0.00    0.00    0.00    0.00    0.00   95.05
05:24:45 PM  all    0.00    0.00    4.00    1.00    0.00    0.00    0.00    0.00    0.00   95.00
05:24:46 PM  all    1.01    0.00    3.03    0.00    0.00    0.00    0.00    0.00    0.00   95.96
05:24:47 PM  all    2.04    0.00    1.02    0.00    0.00    0.00    0.00    0.00    0.00   96.94
05:24:48 PM  all    0.00    0.00    3.00    0.00    0.00    0.00    1.00    0.00    0.00   96.00
05:24:49 PM  all    2.02    0.00    1.01    0.00    0.00    0.00    0.00    0.00    0.00   96.97
05:24:50 PM  all    1.00    0.00    3.00    6.00    0.00    0.00    0.00    0.00    0.00   90.00
05:24:51 PM  all    1.00    0.00    3.00    0.00    0.00    0.00    1.00    0.00    0.00   95.00
05:24:52 PM  all    1.00    0.00    4.00    0.00    0.00    0.00    0.00    0.00    0.00   95.00
05:24:53 PM  all    1.98    0.00    2.97    0.00    0.00    0.00    0.00    0.00    0.00   95.05
05:24:54 PM  all    0.00    0.00    2.02    0.00    0.00    0.00    1.01    0.00    0.00   96.97
05:24:55 PM  all    0.00    0.00    4.08    1.02    0.00    0.00    0.00    0.00    0.00   94.90
05:24:56 PM  all    0.00    0.00    2.04    0.00    0.00    0.00    0.00    0.00    0.00   97.96
05:24:57 PM  all    1.02    0.00    2.04    0.00    0.00    0.00    0.00    0.00    0.00   96.94
05:24:58 PM  all    0.00    0.00    3.96    0.00    0.00    0.00    0.99    0.00    0.00   95.05
05:24:59 PM  all    1.00    0.00    3.00    0.00    0.00    0.00    0.00    0.00    0.00   96.00
05:25:00 PM  all    0.00    0.00    3.03    8.08    0.00    0.00    0.00    0.00    0.00   88.89
05:25:01 PM  all    0.00    0.00    4.04    0.00    0.00    1.01    0.00    0.00    0.00   94.95
05:25:02 PM  all    2.00    0.00    2.00    0.00    0.00    0.00    0.00    0.00    0.00   96.00
05:25:03 PM  all    2.00    0.00    2.00    0.00    0.00    0.00    0.00    0.00    0.00   96.00
05:25:04 PM  all    0.00    0.00    3.03    0.00    0.00    0.00    0.00    0.00    0.00   96.97
05:25:05 PM  all    2.02    0.00    2.02    5.05    0.00    0.00    1.01    0.00    0.00   89.90
05:25:06 PM  all    0.00    0.00    3.03    0.00    0.00    0.00    1.01    0.00    0.00   95.96
05:25:07 PM  all    1.01    0.00    2.02    0.00    0.00    0.00    0.00    0.00    0.00   96.97
05:25:08 PM  all    1.01    0.00    2.02    0.00    0.00    0.00    0.00    0.00    0.00   96.97
05:25:09 PM  all    2.02    0.00    2.02    0.00    0.00    0.00    0.00    0.00    0.00   95.96
05:25:10 PM  all    0.00    0.00    3.00    4.00    0.00    0.00    0.00    0.00    0.00   93.00
05:25:11 PM  all    1.01    0.00    3.03    0.00    0.00    0.00    0.00    0.00    0.00   95.96
05:25:12 PM  all    1.00    0.00    2.00    0.00    0.00    0.00    1.00    0.00    0.00   96.00
05:25:13 PM  all    1.02    0.00    2.04    0.00    0.00    0.00    0.00    0.00    0.00   96.94
05:25:14 PM  all    1.00    0.00    3.00    0.00    0.00    0.00    0.00    0.00    0.00   96.00
05:25:15 PM  all    0.00    0.00    3.00    1.00    0.00    1.00    0.00    0.00    0.00   95.00
05:25:16 PM  all    1.02    0.00    2.04    0.00    0.00    0.00    0.00    0.00    0.00   96.94
05:25:17 PM  all    1.00    0.00    2.00    0.00    0.00    0.00    1.00    0.00    0.00   96.00
05:25:18 PM  all    1.98    0.00    2.97    0.00    0.00    0.00    0.00    0.00    0.00   95.05
05:25:19 PM  all    0.00    0.00    3.06    0.00    0.00    0.00    0.00    0.00    0.00   96.94
05:25:20 PM  all    2.02    0.00    2.02    2.02    0.00    0.00    0.00    0.00    0.00   93.94
05:25:21 PM  all    0.00    0.00    4.00    0.00    0.00    0.00    0.00    0.00    0.00   96.00
05:25:22 PM  all    0.00    0.00    3.06    0.00    0.00    0.00    0.00    0.00    0.00   96.94
05:25:23 PM  all    0.99    0.00    2.97    0.00    0.00    0.99    0.99    0.00    0.00   94.06
05:25:24 PM  all    0.00    0.00    4.00    0.00    0.00    0.00    0.00    0.00    0.00   96.00
05:25:25 PM  all    1.00    0.00    3.00    9.00    0.00    0.00    1.00    0.00    0.00   86.00
05:25:26 PM  all    1.01    0.00    5.05    0.00    0.00    0.00    0.00    0.00    0.00   93.94
05:25:27 PM  all    1.01    0.00    4.04    0.00    0.00    0.00    0.00    0.00    0.00   94.95
05:25:28 PM  all    2.00    0.00    4.00    0.00    0.00    0.00    0.00    0.00    0.00   94.00
05:25:29 PM  all    1.02    0.00    4.08    0.00    0.00    0.00    0.00    0.00    0.00   94.90
05:25:30 PM  all    1.00    0.00    5.00    1.00    0.00    0.00    1.00    0.00    0.00   92.00
05:25:31 PM  all    2.04    0.00    5.10    0.00    0.00    0.00    0.00    0.00    0.00   92.86
05:25:32 PM  all    1.98    0.00    3.96    0.00    0.00    0.00    0.99    0.00    0.00   93.07
05:25:33 PM  all    2.02    0.00    2.02    0.00    0.00    0.00    0.00    0.00    0.00   95.96
05:25:34 PM  all    1.02    0.00    4.08    0.00    0.00    0.00    0.00    0.00    0.00   94.90
05:25:35 PM  all    1.01    0.00    5.05    8.08    0.00    0.00    0.00    0.00    0.00   85.86
05:25:36 PM  all    2.97    0.00    3.96    0.00    0.00    0.99    0.99    0.00    0.00   91.09
05:25:37 PM  all    0.00    0.00    5.15    0.00    0.00    0.00    0.00    0.00    0.00   94.85
05:25:38 PM  all    1.00    0.00    6.00    0.00    0.00    0.00    0.00    0.00    0.00   93.00
05:25:39 PM  all    1.98    0.00    4.95    0.00    0.00    0.00    0.99    0.00    0.00   92.08
05:25:40 PM  all    2.02    0.00    3.03    6.06    0.00    0.00    0.00    0.00    0.00   88.89
Average:     all    1.03    0.00    3.10    0.88    0.00    0.08    0.32    0.00    0.00   94.60
