Linux 4.4.0-31-generic (dpi-suricata) 	12/08/2017 	_i686_	(1 CPU)

04:12:50 PM kbmemfree kbmemused  %memused kbbuffers  kbcached  kbcommit   %commit  kbactive   kbinact   kbdirty
04:12:51 PM    137564   1925124     93.33     96300    703072   1237204     47.86   1753184    105040      3384
04:12:52 PM    137408   1925280     93.34     96308    703168   1237204     47.86   1753336    105024        92
04:12:53 PM    137144   1925544     93.35     96308    703276   1237204     47.86   1753492    105020       224
04:12:54 PM    137076   1925612     93.35     96312    703376   1237204     47.86   1753632    105020       332
04:12:55 PM    137076   1925612     93.35     96312    703496   1237204     47.86   1753644    105020       500
04:12:56 PM    136208   1926480     93.40     96312    703596   1237204     47.86   1754760    105020       644
04:12:57 PM    423464   1639224     79.47     96312    703676    994248     38.46   1471748    105016       728
04:12:58 PM    421992   1640696     79.54     96312    703740    994248     38.46   1473504    105012       796
04:12:59 PM    419916   1642772     79.64     96320    703812    994248     38.46   1475488    105012       876
04:13:00 PM    418324   1644364     79.72     96320    703888    994248     38.46   1477124    105016       956
04:13:01 PM    416024   1646664     79.83     96320    703984    994248     38.46   1479316    105012      1052
04:13:02 PM    414536   1648152     79.90     96320    704064    994248     38.46   1480780    105012      1132
04:13:03 PM    412924   1649764     79.98     96320    704136    994248     38.46   1482564    105012      1204
04:13:04 PM    410692   1651996     80.09     96320    704248    994248     38.46   1484708    105020      1316
04:13:05 PM    408924   1653764     80.18     96320    704352    994248     38.46   1486476    105016      1420
04:13:06 PM    406352   1656336     80.30     96320    704448    994248     38.46   1489040    105016      1516
04:13:07 PM    403872   1658816     80.42     96320    704560    994248     38.46   1491620    105024      1628
04:13:08 PM    401516   1661172     80.53     96320    704652    994248     38.46   1493828    105016      1720
04:13:09 PM    398788   1663900     80.67     96328    704740    994248     38.46   1496500    105016      1816
04:13:10 PM    396400   1666288     80.78     96328    704844    994248     38.46   1498932    105016      1912
04:13:11 PM    393936   1668752     80.90     96328    704852    994248     38.46   1501600    105016      1920
04:13:12 PM    391516   1671172     81.02     96328    704964    994248     38.46   1503868    105016      2032
04:13:13 PM    389100   1673588     81.14     96328    704964    994248     38.46   1506352    105020      2032
04:13:14 PM    387116   1675572     81.23     96332    705008    994248     38.46   1508756    105020      2080
04:13:15 PM    384512   1678176     81.36     96332    705124    994248     38.46   1511024    105012      2192
04:13:16 PM    383644   1679044     81.40     96332    705116    994248     38.46   1511712    105012      2184
04:13:17 PM    382952   1679736     81.43     96332    705152    994248     38.46   1512432    105012      2220
04:13:18 PM    381536   1681152     81.50     96332    705176    994248     38.46   1514016    105012      2220
04:13:19 PM    380728   1681960     81.54     96336    705204    994248     38.46   1514588    105012      2252
04:13:20 PM    379768   1682920     81.59     96336    705228    994248     38.46   1515484    105012      2272
04:13:21 PM    378152   1684536     81.67     96336    705276    994248     38.46   1516596    105016      2320
04:13:22 PM    377428   1685260     81.70     96336    705304    994248     38.46   1517528    105012      1872
04:13:23 PM    376800   1685888     81.73     96336    705348    994248     38.46   1518560    105016      1932
04:13:24 PM    376188   1686500     81.76     96340    705360    994248     38.46   1519256    105016      1948
04:13:25 PM    375196   1687492     81.81     96340    705384    994248     38.46   1520176    105012      1968
04:13:26 PM    374824   1687864     81.83     96340    705428    994248     38.46   1520512    105020      2012
04:13:27 PM    374072   1688616     81.86     96340    705464    994248     38.46   1521352    105016       136
04:13:28 PM    373816   1688872     81.88     96340    705476    994248     38.46   1521448    105016       148
04:13:29 PM    373752   1688936     81.88     96348    705516    994248     38.46   1521628    105016       192
04:13:30 PM    373420   1689268     81.90     96348    705524    994248     38.46   1522068    105020       240
04:13:31 PM    372704   1689984     81.93     96348    705568    994248     38.46   1522120    105020       284
04:13:32 PM    372756   1689932     81.93     96348    705576    994248     38.46   1522152    105024       292
04:13:33 PM    372820   1689868     81.93     96348    705600    994248     38.46   1522204    105020       316
04:13:34 PM    372384   1690304     81.95     96348    705616    994248     38.46   1522712    105016       332
04:13:35 PM    371788   1690900     81.98     96348    705644    994248     38.46   1523408    105016       360
04:13:36 PM    371580   1691108     81.99     96348    705664    994248     38.46   1523664    105020       380
04:13:37 PM    371276   1691412     82.00     96348    705692    994248     38.46   1523652    105012       408
04:13:38 PM    370812   1691876     82.02     96348    705720    994248     38.46   1524452    105012       436
04:13:39 PM    370796   1691892     82.02     96356    705744    994248     38.46   1524544    105016       460
04:13:40 PM    370804   1691884     82.02     96356    705768    994248     38.46   1524528    105016       488
04:13:41 PM    370588   1692100     82.03     96356    705796    994248     38.46   1524564    105016       516
04:13:42 PM    370544   1692144     82.04     96356    705828    994248     38.46   1524892    105024       548
04:13:43 PM    370168   1692520     82.05     96356    705852    994248     38.46   1524952    105016       572
04:13:44 PM    369952   1692736     82.06     96360    705884    994248     38.46   1525284    105012       608
04:13:45 PM    369392   1693296     82.09     96360    705920    994248     38.46   1525764    105016       640
04:13:46 PM    369480   1693208     82.09     96360    705936    994248     38.46   1525988    105012       656
04:13:47 PM    369300   1693388     82.10     96360    705968    994248     38.46   1526200    105012       688
04:13:48 PM    368648   1694040     82.13     96360    705992    994248     38.46   1526728    105012       712
04:13:49 PM    368588   1694100     82.13     96368    706008    994248     38.46   1526944    105012       736
04:13:50 PM    368276   1694412     82.15     96368    706032    994248     38.46   1527004    105016       752
04:13:51 PM    367968   1694720     82.16     96368    706060    994248     38.46   1527352    105016       780
04:13:52 PM    367592   1695096     82.18     96368    706084    994248     38.46   1528136    105012       800
04:13:53 PM    367068   1695620     82.20     96368    706120    994248     38.46   1528136    105016       840
04:13:54 PM    366976   1695712     82.21     96372    706136    994248     38.46   1528236    105016       860
04:13:55 PM    366532   1696156     82.23     96372    706172    994248     38.46   1528848    105020       892
04:13:56 PM    366316   1696372     82.24     96372    706188    994248     38.46   1528948    105016       908
04:13:57 PM    366192   1696496     82.25     96372    706220    994248     38.46   1529012    105016       384
04:13:58 PM    366200   1696488     82.25     96372    706240    994248     38.46   1529420    105016       424
04:13:59 PM    365596   1697092     82.28     96376    706268    994248     38.46   1529992    105024       456
04:14:00 PM    365480   1697208     82.28     96376    706304    994248     38.46   1529912    105016       492
04:14:01 PM    365324   1697364     82.29     96376    706332    994248     38.46   1530320    105016       520
04:14:02 PM    364952   1697736     82.31     96376    706352    994248     38.46   1530492    105020       120
04:14:03 PM    364612   1698076     82.32     96376    706388    994248     38.46   1531084    105020       160
04:14:04 PM    364052   1698636     82.35     96380    706400    994248     38.46   1531216    105016       176
04:14:05 PM    363984   1698704     82.35     96380    706424    994248     38.46   1531636    105016       228
04:14:06 PM    363680   1699008     82.37     96380    706452    994248     38.46   1531716    105016       260
04:14:07 PM    363348   1699340     82.38     96380    706504    994248     38.46   1532192    105012       312
04:14:08 PM    363224   1699464     82.39     96380    706552    994248     38.46   1532280    105020       360
04:14:09 PM    362604   1700084     82.42     96384    706580    994248     38.46   1532872    105016       392
04:14:10 PM    362016   1700672     82.45     96384    706624    994248     38.46   1533432    105016       432
04:14:11 PM    361432   1701256     82.48     96384    706652    994248     38.46   1534088    105016       460
04:14:12 PM    360084   1702604     82.54     96384    706672    994248     38.46   1535448    105016       480
04:14:13 PM    358540   1704148     82.62     96384    706732    994248     38.46   1536972    105016       540
04:14:14 PM    358260   1704428     82.63     96388    706768    994248     38.46   1537100    105020       580
04:14:15 PM    358228   1704460     82.63     96388    706816    994248     38.46   1537172    105020       624
04:14:16 PM    357864   1704824     82.65     96388    706856    994248     38.46   1537676    105016       664
04:14:17 PM    357664   1705024     82.66     96388    706964    994248     38.46   1537908    105016       772
04:14:18 PM    357548   1705140     82.67     96388    707044    994248     38.46   1537916    105024       852
04:14:19 PM    357144   1705544     82.69     96392    707088    994248     38.46   1538340    105020       900
04:14:20 PM    356152   1706536     82.73     96392    707208    994248     38.46   1539368    105020      1016
04:14:21 PM    355316   1707372     82.77     96392    707284    994248     38.46   1540108    105020      1092
04:14:22 PM    354616   1708072     82.81     96392    707344    994248     38.46   1540704    105012         0
04:14:23 PM    354644   1708044     82.81     96392    707420    994248     38.46   1540704    105012       124
04:14:24 PM    354568   1708120     82.81     96400    707528    994248     38.46   1540804    105012       240
04:14:25 PM    354040   1708648     82.84     96400    707616    994248     38.46   1541156    105012       360
04:14:26 PM    353792   1708896     82.85     96400    707660    994248     38.46   1541276    105012       404
04:14:27 PM    353356   1709332     82.87     96400    707800    994248     38.46   1541796    105012       544
04:14:28 PM    352868   1709820     82.89     96400    707880    994248     38.46   1542388    105016       624
04:14:29 PM    352892   1709796     82.89     96404    708016    994248     38.46   1542444    105016       764
04:14:30 PM    352544   1710144     82.91     96404    708140    994248     38.46   1542864    105020       884
04:14:31 PM    352172   1710516     82.93     96404    708200    994248     38.46   1542996    105016       944
04:14:32 PM    352048   1710640     82.93     96404    708348    994248     38.46   1543220    105016      1092
04:14:33 PM    351704   1710984     82.95     96404    708404    994248     38.46   1543284    105016      1148
04:14:34 PM    351012   1711676     82.98     96408    708500    994248     38.46   1544024    105016      1248
04:14:35 PM    351044   1711644     82.98     96408    708640    994248     38.46   1543976    105016      1384
04:14:36 PM    350712   1711976     83.00     96408    708700    994248     38.46   1544488    105016      1444
04:14:37 PM    350308   1712380     83.02     96408    708804    994248     38.46   1544624    105016      1548
04:14:38 PM    350296   1712392     83.02     96408    708952    994248     38.46   1544840    105020      1696
04:14:39 PM    349524   1713164     83.05     96416    709016    994248     38.46   1545556    105024      1768
04:14:40 PM    349324   1713364     83.06     96416    709144    994248     38.46   1545844    105028      1888
04:14:41 PM    347216   1715472     83.17     96416    709320    994248     38.46   1548380    105016      2064
04:14:42 PM    344952   1717736     83.28     96416    709392    994248     38.46   1550532    105020      2136
04:14:43 PM    341600   1721088     83.44     96416    709556    994248     38.46   1553436    105020      2300
04:14:44 PM    339152   1723536     83.56     96424    709628    994248     38.46   1556316    105012      2380
04:14:45 PM    337664   1725024     83.63     96424    709764    994248     38.46   1557688    105016      2508
04:14:46 PM    335836   1726852     83.72     96424    709920    994248     38.46   1559576    105016      2664
04:14:47 PM    333852   1728836     83.81     96428    710036    994248     38.46   1561536    105016        16
04:14:48 PM    331588   1731100     83.92     96428    710128    994248     38.46   1563512    105016       124
04:14:49 PM    329480   1733208     84.03     96432    710196    994248     38.46   1565656    105016       196
04:14:50 PM    327620   1735068     84.12     96432    710364    994248     38.46   1567536    105016       404
04:14:51 PM    325916   1736772     84.20     96432    710516    994248     38.46   1569192    105016       556
04:14:52 PM    323900   1738788     84.30     96432    710624    994248     38.46   1571384    105012       668
04:14:53 PM    322160   1740528     84.38     96432    710740    994248     38.46   1572872    105016       784
04:14:54 PM    320952   1741736     84.44     96436    710800    994248     38.46   1574144    105012       848
04:14:55 PM    319448   1743240     84.51     96436    710952    994248     38.46   1575668    105016       996
04:14:56 PM    319092   1743596     84.53     96436    711064    994248     38.46   1575780    105016      1108
04:14:57 PM    318960   1743728     84.54     96436    711156    994248     38.46   1575924    105012      1200
04:14:58 PM    318812   1743876     84.54     96436    711256    994248     38.46   1575984    105012      1300
04:14:59 PM    318836   1743852     84.54     96444    711356    994248     38.46   1576112    105020      1408
04:15:00 PM    318712   1743976     84.55     96444    711456    994248     38.46   1576224    105016      1500
04:15:01 PM    318464   1744224     84.56     96444    711512    994248     38.46   1576240    105020      1556
04:15:02 PM    318432   1744256     84.56     96444    711608    994248     38.46   1576340    105016      1660
04:15:03 PM    318000   1744688     84.58     96444    711744    994248     38.46   1576472    105016      1796
04:15:04 PM    317964   1744724     84.58     96444    711804    994248     38.46   1576580    105016      1856
04:15:05 PM    318000   1744688     84.58     96444    711940    994248     38.46   1576676    105016      2020
04:15:06 PM    317776   1744912     84.59     96444    712052    994248     38.46   1576788    105016      2132
04:15:07 PM    317900   1744788     84.59     96444    712132    994248     38.46   1576900    105016      2212
04:15:08 PM    317784   1744904     84.59     96444    712192    994248     38.46   1576928    105016      2272
04:15:09 PM    317620   1745068     84.60     96448    712328    994248     38.46   1577104    105020      2412
04:15:10 PM    318164   1744524     84.58     96448    712428    986164     38.15   1576756    105016      2508
Average:       352047   1710641     82.93     96376    707045   1004603     38.86   1543021    105017      1065
