Linux 4.4.0-31-generic (dpi-suricata) 	12/08/2017 	_i686_	(1 CPU)

04:30:28 PM kbmemfree kbmemused  %memused kbbuffers  kbcached  kbcommit   %commit  kbactive   kbinact   kbdirty
04:30:29 PM    143128   1919560     93.06     92592    669304   1236576     47.84   1221052    630696      1868
04:30:30 PM    143028   1919660     93.07     92592    669388   1236576     47.84   1221184    630680      1952
04:30:31 PM    142920   1919768     93.07     92592    669492   1236576     47.84   1221256    630676      2056
04:30:32 PM    142644   1920044     93.08     92596    669596   1236576     47.84   1221400    630676      2216
04:30:33 PM    439708   1622980     78.68     92596    669700    992736     38.40    928496    630676      2312
04:30:34 PM    439500   1623188     78.69     92596    669764    992736     38.40    929300    630668      2380
04:30:35 PM    437856   1624832     78.77     92596    669848    992736     38.40    930880    630668      2464
04:30:36 PM    436152   1626536     78.86     92596    669924    992736     38.40    932420    630668      2540
04:30:37 PM    434912   1627776     78.92     92600    670004    992736     38.40    933816    630664      2624
04:30:38 PM    433672   1629016     78.98     92600    670084    992736     38.40    934968    630664      2700
04:30:39 PM    432060   1630628     79.05     92600    670164    992736     38.40    936580    630668      2780
04:30:40 PM    430572   1632116     79.13     92600    670236    992736     38.40    938148    630664      2852
04:30:41 PM    429084   1633604     79.20     92600    670328    992736     38.40    939660    630664       576
04:30:42 PM    427440   1635248     79.28     92608    670420    992736     38.40    941220    630668       644
04:30:43 PM    426604   1636084     79.32     92608    670524    992736     38.40    942124    630668       740
04:30:44 PM    425456   1637232     79.37     92608    670620    992736     38.40    943456    630664       836
04:30:45 PM    424712   1637976     79.41     92608    670724    992736     38.40    944032    630672       940
04:30:46 PM    424184   1638504     79.44     92620    670796    992736     38.40    944348    630664       688
04:30:47 PM    423532   1639156     79.47     92620    670896    992736     38.40    945124    630664       844
04:30:48 PM    422788   1639900     79.50     92620    670984    992736     38.40    945540    630664       924
04:30:49 PM    422324   1640364     79.53     92620    671076    992736     38.40    946204    630668      1020
04:30:50 PM    421796   1640892     79.55     92620    671132    992736     38.40    946796    630668      1076
04:30:51 PM    420960   1641728     79.59     92620    671136    992736     38.40    947600    630664      1080
04:30:52 PM    420216   1642472     79.63     92628    671176    992736     38.40    948248    630664      1128
04:30:53 PM    419688   1643000     79.65     92628    671228    992736     38.40    948876    630664      1176
04:30:54 PM    418800   1643888     79.70     92628    671260    992736     38.40    949564    630664      1208
04:30:55 PM    418928   1643760     79.69     92628    671300    992736     38.40    949760    630664      1248
04:30:56 PM    418388   1644300     79.72     92628    671336    992736     38.40    950420    630668      1284
04:30:57 PM    417704   1644984     79.75     92632    671368    992736     38.40    950852    630668      1296
04:30:58 PM    417424   1645264     79.76     92632    671424    992736     38.40    951220    630668      1348
04:30:59 PM    416960   1645728     79.79     92632    671468    992736     38.40    951608    630668      1392
04:31:00 PM    416464   1646224     79.81     92632    671504    992736     38.40    952148    630664      1428
04:31:01 PM    416000   1646688     79.83     92632    671544    992736     38.40    952736    630672       968
04:31:02 PM    415352   1647336     79.86     92632    671572    992736     38.40    953236    630664       988
04:31:03 PM    414980   1647708     79.88     92632    671608    992736     38.40    953716    630668      1044
04:31:04 PM    414264   1648424     79.92     92632    671640    992736     38.40    954316    630672      1076
04:31:05 PM    413956   1648732     79.93     92632    671668    992736     38.40    954676    630664      1104
04:31:06 PM    413276   1649412     79.96     92632    671688    992736     38.40    955404    630664      1124
04:31:07 PM    413060   1649628     79.97     92636    671712    992736     38.40    955684    630668      1152
04:31:08 PM    412684   1650004     79.99     92636    671732    992736     38.40    955836    630664      1168
04:31:09 PM    412068   1650620     80.02     92636    671760    992736     38.40    956780    630664      1196
04:31:10 PM    411412   1651276     80.05     92636    671792    992736     38.40    957060    630668      1228
04:31:11 PM    411072   1651616     80.07     92636    671820    992736     38.40    957464    630664       320
04:31:12 PM    410668   1652020     80.09     92644    671836    992736     38.40    957820    630668       284
04:31:13 PM    410424   1652264     80.10     92644    671872    992736     38.40    958164    630672       316
04:31:14 PM    410020   1652668     80.12     92644    671888    992736     38.40    958616    630668       332
04:31:15 PM    409388   1653300     80.15     92644    671908    992736     38.40    959112    630672       352
04:31:16 PM    409012   1653676     80.17     92644    671936    992736     38.40    959724    630672       380
04:31:17 PM    408592   1654096     80.19     92648    671996    992736     38.40    960124    630684       444
04:31:18 PM    408500   1654188     80.20     92648    672028    992736     38.40    960372    630672       472
04:31:19 PM    407972   1654716     80.22     92648    672060    992736     38.40    960916    630668       504
04:31:20 PM    407136   1655552     80.26     92648    672080    992736     38.40    961796    630668       524
04:31:21 PM    406400   1656288     80.30     92648    672112    992736     38.40    962464    630668       504
04:31:22 PM    405440   1657248     80.34     92648    672144    992736     38.40    963388    630672       496
04:31:23 PM    404976   1657712     80.37     92648    672172    992736     38.40    963828    630668       548
04:31:24 PM    404264   1658424     80.40     92648    672208    992736     38.40    964752    630672       588
04:31:25 PM    403396   1659292     80.44     92648    672244    992736     38.40    965656    630676       624
04:31:26 PM    402588   1660100     80.48     92648    672280    992736     38.40    966316    630668       660
04:31:27 PM    402004   1660684     80.51     92656    672300    992736     38.40    967012    630668       688
04:31:28 PM    401168   1661520     80.55     92656    672328    992736     38.40    967976    630668       708
04:31:29 PM    400268   1662420     80.59     92656    672364    992736     38.40    968636    630672       744
04:31:30 PM    399492   1663196     80.63     92656    672388    992736     38.40    969676    630672       768
04:31:31 PM    398996   1663692     80.66     92656    672420    992736     38.40    969896    630676       800
04:31:32 PM    398472   1664216     80.68     92660    672440    992736     38.40    970564    630672       824
04:31:33 PM    397632   1665056     80.72     92660    672484    992736     38.40    971300    630672       864
04:31:34 PM    397012   1665676     80.75     92660    672520    992736     38.40    971820    630668       900
04:31:35 PM    396520   1666168     80.78     92660    672552    992736     38.40    972336    630668       932
04:31:36 PM    396424   1666264     80.78     92660    672576    992736     38.40    972360    630668       456
04:31:37 PM    396364   1666324     80.78     92668    672596    992736     38.40    972456    630668       452
04:31:38 PM    396268   1666420     80.79     92668    672640    992736     38.40    972504    630676       500
04:31:39 PM    396396   1666292     80.78     92668    672668    992736     38.40    972496    630672       528
04:31:40 PM    396396   1666292     80.78     92668    672712    992736     38.40    972688    630668       572
04:31:41 PM    396276   1666412     80.79     92668    672744    992736     38.40    972744    630672       604
04:31:42 PM    396372   1666316     80.78     92668    672772    992736     38.40    972780    630668       632
04:31:43 PM    395780   1666908     80.81     92668    672804    992736     38.40    973520    630668       664
04:31:44 PM    395408   1667280     80.83     92668    672832    992736     38.40    973772    630668       692
04:31:45 PM    395192   1667496     80.84     92668    672872    992736     38.40    973996    630668       732
04:31:46 PM    394976   1667712     80.85     92668    672920    992736     38.40    974280    630676       268
04:31:47 PM    394480   1668208     80.88     92676    672952    992736     38.40    974928    630668       276
04:31:48 PM    393796   1668892     80.91     92676    673000    992736     38.40    975420    630668       320
04:31:49 PM    393300   1669388     80.93     92676    673040    992736     38.40    975832    630672       360
04:31:50 PM    393332   1669356     80.93     92676    673088    992736     38.40    976160    630672       408
04:31:51 PM    392680   1670008     80.96     92676    673112    992736     38.40    976616    630668       432
04:31:52 PM    392400   1670288     80.98     92684    673140    992736     38.40    977064    630676       468
04:31:53 PM    391812   1670876     81.00     92684    673196    992736     38.40    977744    630672       516
04:31:54 PM    391100   1671588     81.04     92684    673240    992736     38.40    978320    630668       560
04:31:55 PM    390544   1672144     81.07     92684    673268    992736     38.40    978584    630668       588
04:31:56 PM    390388   1672300     81.07     92684    673304    992736     38.40    979064    630668       572
04:31:57 PM    390072   1672616     81.09     92684    673340    992736     38.40    979248    630672       580
04:31:58 PM    389896   1672792     81.10     92684    673376    992736     38.40    979572    630672       704
04:31:59 PM    388792   1673896     81.15     92684    673420    992736     38.40    980696    630672       688
04:32:00 PM    388840   1673848     81.15     92684    673508    992736     38.40    980860    630672       776
04:32:01 PM    388348   1674340     81.17     92684    673512    992736     38.40    981244    630668       780
04:32:02 PM    388132   1674556     81.18     92688    673548    992736     38.40    981540    630668       820
04:32:03 PM    387668   1675020     81.21     92688    673580    992736     38.40    982072    630672       848
04:32:04 PM    387232   1675456     81.23     92688    673616    992736     38.40    982420    630668       888
04:32:05 PM    386548   1676140     81.26     92688    673716    992736     38.40    983076    630668       988
04:32:06 PM    386052   1676636     81.28     92688    673764    992736     38.40    983608    630676      1036
04:32:07 PM    385308   1677380     81.32     92696    673804    992736     38.40    984368    630676      1084
04:32:08 PM    384844   1677844     81.34     92696    673848    992736     38.40    984516    630672      1120
04:32:09 PM    384224   1678464     81.37     92696    673896    992736     38.40    985564    630676      1168
04:32:10 PM    383604   1679084     81.40     92696    673940    992736     38.40    986032    630676      1212
04:32:11 PM    383232   1679456     81.42     92696    673980    992736     38.40    986300    630676       680
04:32:12 PM    384036   1678652     81.38     92700    674020    992736     38.40    985128    630680       756
04:32:13 PM    383820   1678868     81.39     92700    674052    992736     38.40    985548    630680       800
04:32:14 PM    383448   1679240     81.41     92700    674100    992736     38.40    985988    630676       848
04:32:15 PM    382952   1679736     81.43     92700    674140    992736     38.40    986796    630676       888
04:32:16 PM    382644   1680044     81.45     92700    674176    992736     38.40    986936    630676       924
04:32:17 PM    382240   1680448     81.47     92708    674220    992736     38.40    987300    630676       968
04:32:18 PM    381556   1681132     81.50     92708    674280    992736     38.40    988124    630680      1028
04:32:19 PM    380936   1681752     81.53     92708    674348    992736     38.40    988444    630680      1096
04:32:20 PM    380348   1682340     81.56     92708    674404    992736     38.40    989088    630680      1152
04:32:21 PM    380072   1682616     81.57     92708    674460    992736     38.40    989328    630676       276
04:32:22 PM    380064   1682624     81.57     92712    674504    992736     38.40    989504    630676       320
04:32:23 PM    379916   1682772     81.58     92712    674552    992736     38.40    989616    630676       372
04:32:24 PM    379576   1683112     81.60     92712    674596    992736     38.40    990036    630676       416
04:32:25 PM    379296   1683392     81.61     92712    674644    992736     38.40    990260    630680       464
04:32:26 PM    379080   1683608     81.62     92712    674700    992736     38.40    990584    630676       520
04:32:27 PM    378768   1683920     81.64     92716    674740    992736     38.40    990912    630676       564
04:32:28 PM    379080   1683608     81.62     92716    674796    992736     38.40    990504    630680       616
04:32:29 PM    378864   1683824     81.63     92716    674840    992736     38.40    990952    630680       660
04:32:30 PM    378368   1684320     81.66     92716    674876    992736     38.40    991184    630676       696
04:32:31 PM    378120   1684568     81.67     92716    674904    992736     38.40    991276    630676       640
04:32:32 PM    377872   1684816     81.68     92724    674932    992736     38.40    991724    630676       676
04:32:33 PM    377128   1685560     81.72     92724    674984    992736     38.40    992540    630680       744
04:32:34 PM    376756   1685932     81.73     92724    675012    992736     38.40    992572    630684       772
04:32:35 PM    376788   1685900     81.73     92724    675044    992736     38.40    992608    630676       804
04:32:36 PM    376756   1685932     81.73     92724    675084    992736     38.40    992648    630680       844
04:32:37 PM    376788   1685900     81.73     92728    675112    992736     38.40    992676    630680       876
04:32:38 PM    376664   1686024     81.74     92728    675152    992736     38.40    992720    630680       916
04:32:39 PM    376756   1685932     81.73     92728    675172    992736     38.40    992744    630676       936
04:32:40 PM    376664   1686024     81.74     92728    675208    992736     38.40    992776    630680       972
04:32:41 PM    376668   1686020     81.74     92728    675232    992736     38.40    992804    630680       996
04:32:42 PM    376668   1686020     81.74     92732    675268    992736     38.40    992844    630680      1036
04:32:43 PM    376512   1686176     81.75     92732    675296    992736     38.40    992880    630676      1060
04:32:44 PM    376512   1686176     81.75     92732    675320    992736     38.40    992904    630676      1084
04:32:45 PM    376388   1686300     81.75     92732    675348    992736     38.40    992920    630680      1112
04:32:46 PM    376544   1686144     81.74     92732    675380    992736     38.40    992960    630676       564
04:32:47 PM    376512   1686176     81.75     92740    675400    992736     38.40    992904    630680       632
04:32:48 PM    376552   1686136     81.74     92740    675440    992736     38.40    992856    630680       676
Average:       391702   1670986     81.01     92666    672738    999703     38.67    977254    630672       914
