Linux 4.4.0-31-generic (fw-suricata) 	12/08/2017 	_i686_	(1 CPU)

05:25:51 PM kbmemfree kbmemused  %memused kbbuffers  kbcached  kbcommit   %commit  kbactive   kbinact   kbdirty
05:25:52 PM    700016   1362672     66.06    109300    981968    744916     28.82   1185756    114796      1656
05:25:53 PM    699752   1362936     66.08    109300    982024    744916     28.82   1185844    114776      1712
05:25:54 PM    699736   1362952     66.08    109300    982084    744916     28.82   1185916    114772      1772
05:25:55 PM    699660   1363028     66.08    109300    982136    744916     28.82   1185968    114772      1824
05:25:56 PM    699644   1363044     66.08    109304    982200    744916     28.82   1186028    114772      1932
05:25:57 PM    699628   1363060     66.08    109304    982256    744916     28.82   1186080    114776       484
05:25:58 PM    699520   1363168     66.09    109304    982316    744916     28.82   1186148    114776       544
05:25:59 PM    699504   1363184     66.09    109304    982372    744916     28.82   1186196    114780       600
05:26:00 PM    699520   1363168     66.09    109304    982432    744916     28.82   1186256    114780       660
05:26:01 PM    699380   1363308     66.09    109308    982488    744916     28.82   1186320    114776       732
05:26:02 PM    699272   1363416     66.10    109308    982552    744916     28.82   1186384    114776       796
05:26:03 PM    699256   1363432     66.10    109308    982612    744916     28.82   1186444    114780       856
05:26:04 PM    699272   1363416     66.10    109308    982676    744916     28.82   1186508    114776       920
05:26:05 PM    699132   1363556     66.11    109308    982728    744916     28.82   1186572    114776       972
05:26:06 PM    699116   1363572     66.11    109312    982788    744916     28.82   1186632    114776      1032
05:26:07 PM    699040   1363648     66.11    109312    982860    744916     28.82   1186688    114784       932
05:26:08 PM    698868   1363820     66.12    109312    982920    744916     28.82   1186768    114776       992
05:26:09 PM    698792   1363896     66.12    109312    982976    744916     28.82   1186820    114780      1048
05:26:10 PM    698744   1363944     66.12    109312    983036    744916     28.82   1186876    114780      1108
05:26:11 PM    698916   1363772     66.12    109316    983092    744916     28.82   1186948    114776      1204
05:26:12 PM    698868   1363820     66.12    109324    983156    744916     28.82   1187016    114776      1140
05:26:13 PM    698544   1364144     66.13    109324    983208    744916     28.82   1187072    114776      1192
05:26:14 PM    698496   1364192     66.14    109324    983268    744916     28.82   1187128    114776      1252
05:26:15 PM    698636   1364052     66.13    109324    983324    744916     28.82   1187188    114776      1308
05:26:16 PM    698652   1364036     66.13    109332    983380    744916     28.82   1187252    114776      1364
05:26:17 PM    698380   1364308     66.14    109332    983444    744916     28.82   1187408    114776      1380
05:26:18 PM    698272   1364416     66.15    109332    983508    744916     28.82   1187472    114776      1452
05:26:19 PM    698164   1364524     66.15    109332    983564    744916     28.82   1187520    114776      1508
05:26:20 PM    698148   1364540     66.15    109332    983620    744916     28.82   1187580    114776      1564
05:26:21 PM    698008   1364680     66.16    109336    983676    744916     28.82   1187652    114776      1636
05:26:22 PM    697900   1364788     66.17    109336    983736    744916     28.82   1187708    114780      1244
05:26:23 PM    698008   1364680     66.16    109336    983812    744916     28.82   1187776    114780      1336
05:26:24 PM    697868   1364820     66.17    109336    983868    744916     28.82   1187840    114776      1392
05:26:25 PM    697792   1364896     66.17    109336    983928    744916     28.82   1187904    114772      1452
05:26:26 PM    697620   1365068     66.18    109340    983988    744916     28.82   1187976    114772      1512
05:26:27 PM    697924   1364764     66.16    109340    984048    744916     28.82   1187940    114776      1568
05:26:28 PM    697752   1364936     66.17    109340    984108    744916     28.82   1188008    114772      1632
05:26:29 PM    697676   1365012     66.18    109340    984164    744916     28.82   1188068    114772      1688
05:26:30 PM    697536   1365152     66.18    109340    984220    744916     28.82   1188124    114772      1744
05:26:31 PM    697520   1365168     66.18    109348    984280    744916     28.82   1188184    114772      1804
05:26:32 PM    697412   1365276     66.19    109348    984344    744916     28.82   1188248    114780       364
05:26:33 PM    697272   1365416     66.20    109348    984408    744916     28.82   1188308    114780       428
05:26:34 PM    697164   1365524     66.20    109348    984464    744916     28.82   1188372    114776       484
05:26:35 PM    697272   1365416     66.20    109348    984520    744916     28.82   1188428    114776       540
05:26:36 PM    697132   1365556     66.20    109348    984576    744916     28.82   1188468    114776       612
05:26:37 PM    697024   1365664     66.21    109348    984632    744916     28.82   1188524    114776       668
05:26:38 PM    696900   1365788     66.21    109348    984704    744916     28.82   1188592    114792       740
05:26:39 PM    696776   1365912     66.22    109348    984776    744916     28.82   1188676    114776       812
05:26:40 PM    696760   1365928     66.22    109348    984836    744916     28.82   1188744    114776       872
05:26:41 PM    696808   1365880     66.22    109348    984888    744916     28.82   1188788    114776       924
05:26:42 PM    696636   1366052     66.23    109348    984948    744916     28.82   1188856    114776       884
05:26:43 PM    696684   1366004     66.22    109348    985000    744916     28.82   1188900    114776       936
05:26:44 PM    696636   1366052     66.23    109348    985064    744916     28.82   1188980    114776      1000
05:26:45 PM    696684   1366004     66.22    109348    985120    744916     28.82   1189032    114776      1056
05:26:46 PM    696512   1366176     66.23    109352    985188    744916     28.82   1189096    114780      1160
05:26:47 PM    696560   1366128     66.23    109352    985240    744916     28.82   1189148    114780      1212
05:26:48 PM    696388   1366300     66.24    109352    985300    744916     28.82   1189212    114780      1272
05:26:49 PM    696280   1366408     66.24    109352    985356    744916     28.82   1189268    114780      1328
05:26:50 PM    696296   1366392     66.24    109352    985420    744916     28.82   1189332    114784      1392
05:26:51 PM    696264   1366424     66.24    109360    985472    744916     28.82   1189388    114780      1444
05:26:52 PM    696148   1366540     66.25    109360    985532    744916     28.82   1189448    114776      1460
05:26:53 PM    696048   1366640     66.26    109360    985596    744916     28.82   1189528    114784      1532
05:26:54 PM    696032   1366656     66.26    109360    985668    744916     28.82   1189608    114780      1604
05:26:55 PM    695940   1366748     66.26    109360    985728    744916     28.82   1189680    114780      1664
05:26:56 PM    695752   1366936     66.27    109364    985788    744916     28.82   1189724    114780      1724
05:26:57 PM    695800   1366888     66.27    109364    985840    744916     28.82   1189776    114780      1220
05:26:58 PM    695628   1367060     66.28    109364    985900    744916     28.82   1189860    114776      1300
05:26:59 PM    695676   1367012     66.27    109364    985956    744916     28.82   1189888    114780      1356
05:27:00 PM    695504   1367184     66.28    109364    986024    744916     28.82   1189968    114780      1424
05:27:01 PM    695568   1367120     66.28    109368    986076    744916     28.82   1190028    114772      1476
05:27:02 PM    695500   1367188     66.28    109368    986132    744916     28.82   1190108    114772      1540
05:27:03 PM    695628   1367060     66.28    109368    986192    744916     28.82   1190168    114772      1604
05:27:04 PM    695436   1367252     66.28    109368    986252    744916     28.82   1190180    114776      1664
05:27:05 PM    695444   1367244     66.28    109368    986312    744916     28.82   1190256    114772      1724
05:27:06 PM    695156   1367532     66.30    109372    986368    744916     28.82   1190340    114772      1784
05:27:07 PM    695288   1367400     66.29    109372    986432    744916     28.82   1190392    114776       340
05:27:08 PM    695156   1367532     66.30    109372    986488    744916     28.82   1190484    114776       396
05:27:09 PM    694892   1367796     66.31    109372    986548    744916     28.82   1190572    114780       456
05:27:10 PM    694988   1367700     66.31    109372    986608    744916     28.82   1190640    114784       516
05:27:11 PM    694916   1367772     66.31    109376    986680    744916     28.82   1190704    114780       604
05:27:12 PM    694776   1367912     66.32    109376    986736    744916     28.82   1190780    114780       660
05:27:13 PM    694668   1368020     66.32    109376    986800    744916     28.82   1190840    114780       724
05:27:14 PM    694584   1368104     66.33    109376    986856    744916     28.82   1190912    114776       780
05:27:15 PM    694544   1368144     66.33    109376    986924    744916     28.82   1191000    114780       848
05:27:16 PM    694396   1368292     66.34    109380    986980    744916     28.82   1190992    114776       904
05:27:17 PM    694296   1368392     66.34    109380    987040    744916     28.82   1191084    114776       868
05:27:18 PM    694500   1368188     66.33    109380    987092    744916     28.82   1191056    114776       920
05:27:19 PM    694436   1368252     66.33    109380    987152    744916     28.82   1191144    114776       980
05:27:20 PM    694320   1368368     66.34    109380    987204    744916     28.82   1191172    114776      1032
05:27:21 PM    694148   1368540     66.35    109384    987276    744916     28.82   1191220    114780      1136
05:27:22 PM    694284   1368404     66.34    109384    987328    744916     28.82   1191324    114780      1188
05:27:23 PM    694024   1368664     66.35    109384    987388    744916     28.82   1191360    114776      1248
05:27:24 PM    694048   1368640     66.35    109384    987440    744916     28.82   1191412    114776      1300
05:27:25 PM    694080   1368608     66.35    109384    987504    744916     28.82   1191504    114784      1364
05:27:26 PM    694008   1368680     66.35    109388    987568    744916     28.82   1191552    114784      1428
05:27:27 PM    693940   1368748     66.36    109388    987640    744916     28.82   1191620    114780      1460
05:27:28 PM    693760   1368928     66.37    109388    987704    744916     28.82   1191676    114780      1532
05:27:29 PM    693780   1368908     66.37    109388    987760    744916     28.82   1191728    114780      1588
05:27:30 PM    693800   1368888     66.36    109388    987816    744916     28.82   1191820    114780      1644
05:27:31 PM    693644   1369044     66.37    109396    987872    744916     28.82   1191956    114780      1716
05:27:32 PM    693420   1369268     66.38    109396    987932    744916     28.82   1192012    114780      1196
05:27:33 PM    693500   1369188     66.38    109396    987988    744916     28.82   1192100    114776      1292
05:27:34 PM    693536   1369152     66.38    109396    988044    744916     28.82   1192156    114776      1348
05:27:35 PM    693320   1369368     66.39    109396    988100    744916     28.82   1192196    114772      1404
05:27:36 PM    693280   1369408     66.39    109400    988156    744916     28.82   1192248    114772      1460
05:27:37 PM    693172   1369516     66.39    109400    988220    744916     28.82   1192344    114776      1532
05:27:38 PM    693164   1369524     66.40    109400    988276    744916     28.82   1192352    114776      1592
05:27:39 PM    693056   1369632     66.40    109400    988336    744916     28.82   1192432    114780      1652
05:27:40 PM    692916   1369772     66.41    109400    988392    744916     28.82   1192492    114772      1708
05:27:41 PM    693028   1369660     66.40    109404    988456    744916     28.82   1192492    114780      1772
05:27:42 PM    693080   1369608     66.40    109404    988528    744916     28.82   1192548    114776       340
05:27:43 PM    692916   1369772     66.41    109404    988592    744916     28.82   1192612    114776       404
05:27:44 PM    692964   1369724     66.40    109404    988648    744916     28.82   1192620    114776       460
05:27:45 PM    692784   1369904     66.41    109404    988708    744916     28.82   1192744    114776       520
05:27:46 PM    692956   1369732     66.41    109408    988764    744916     28.82   1192756    114776       592
05:27:47 PM    692700   1369988     66.42    109408    988820    744916     28.82   1192836    114776       648
05:27:48 PM    692668   1370020     66.42    109408    988876    744916     28.82   1192860    114776       704
05:27:49 PM    692660   1370028     66.42    109408    988944    744916     28.82   1192964    114776       772
05:27:50 PM    692560   1370128     66.42    109408    988996    744916     28.82   1193004    114776       824
05:27:51 PM    692420   1370268     66.43    109416    989060    744916     28.82   1193088    114780       888
05:27:52 PM    692428   1370260     66.43    109416    989112    744916     28.82   1193148    114776       856
05:27:53 PM    692288   1370400     66.44    109416    989176    744916     28.82   1193212    114776       920
05:27:54 PM    692180   1370508     66.44    109416    989228    744916     28.82   1193256    114776       972
05:27:55 PM    692172   1370516     66.44    109416    989288    744916     28.82   1193284    114776      1032
05:27:56 PM    692024   1370664     66.45    109416    989356    744916     28.82   1193380    114784      1132
05:27:57 PM    692080   1370608     66.45    109416    989428    744916     28.82   1193464    114784      1204
05:27:58 PM    691940   1370748     66.45    109416    989484    744916     28.82   1193644    114776      1260
05:27:59 PM    691832   1370856     66.46    109416    989552    744916     28.82   1193592    114776      1328
05:28:00 PM    691784   1370904     66.46    109416    989604    744916     28.82   1193684    114776      1380
05:28:01 PM    691700   1370988     66.47    109424    989668    744916     28.82   1193716    114776      1444
05:28:02 PM    691724   1370964     66.46    109424    989720    744916     28.82   1193816    114776      1452
05:28:03 PM    691700   1370988     66.47    109424    989784    744916     28.82   1193840    114776      1524
05:28:04 PM    691568   1371120     66.47    109424    989844    744916     28.82   1193900    114776      1584
05:28:05 PM    691632   1371056     66.47    109424    989904    744916     28.82   1193992    114776      1644
05:28:06 PM    691444   1371244     66.48    109432    989956    744916     28.82   1194024    114776      1712
05:28:07 PM    691388   1371300     66.48    109432    990020    744916     28.82   1194300    114776      1200
05:28:08 PM    691444   1371244     66.48    109432    990076    744916     28.82   1194220    114780      1296
05:28:09 PM    691336   1371352     66.48    109432    990140    744916     28.82   1194196    114776      1360
05:28:10 PM    691476   1371212     66.48    109432    990200    744916     28.82   1194204    114776      1420
05:28:11 PM    691420   1371268     66.48    109436    990260    744916     28.82   1194164    114776      1492
Average:       695530   1367158     66.28    109367    986106    744916     28.82   1190069    114777      1179
