Linux 4.4.0-31-generic (ids-suricata) 	12/08/2017 	_i686_	(1 CPU)

05:05:31 PM kbmemfree kbmemused  %memused kbbuffers  kbcached  kbcommit   %commit  kbactive   kbinact   kbdirty
05:05:32 PM    406292   1656396     80.30    100236    772012    746240     28.87   1476680    118916      1500
05:05:33 PM    407068   1655620     80.27    100248    772000    746240     28.87   1476196    118896        40
05:05:34 PM    407040   1655648     80.27    100248    772068    746240     28.87   1476264    118892       100
05:05:35 PM    407060   1655628     80.27    100248    772116    746240     28.87   1476312    118892       148
05:05:36 PM    407092   1655596     80.26    100248    772160    746240     28.87   1476352    118892       196
05:05:37 PM    406556   1656132     80.29    100256    772260    746240     28.87   1477016    118892       348
05:05:38 PM    402012   1660676     80.51    100256    772316    758340     29.34   1479648    118900       408
05:05:39 PM    401608   1661080     80.53    100256    772364    758340     29.34   1479768    118900       468
05:05:40 PM    401392   1661296     80.54    100256    772368    758340     29.34   1479856    118900       472
05:05:41 PM    401236   1661452     80.55    100256    772416    758340     29.34   1479920    118900       520
05:05:42 PM    401268   1661420     80.55    100264    772456    758340     29.34   1479928    118900       568
05:05:43 PM    401144   1661544     80.55    100264    772516    758340     29.34   1480036    118900       640
05:05:44 PM    401136   1661552     80.55    100264    772572    758340     29.34   1480052    118904       696
05:05:45 PM    401144   1661544     80.55    100264    772672    758340     29.34   1480140    118900       796
05:05:46 PM    400988   1661700     80.56    100264    772672    758340     29.34   1480144    118900       796
05:05:47 PM    401020   1661668     80.56    100268    772780    758340     29.34   1480244    118900       908
05:05:48 PM    400864   1661824     80.57    100268    772844    758340     29.34   1480352    118908       968
05:05:49 PM    400772   1661916     80.57    100268    772948    758340     29.34   1480408    118900      1072
05:05:50 PM    400772   1661916     80.57    100268    773024    758340     29.34   1480484    118900      1148
05:05:51 PM    400648   1662040     80.58    100268    773096    758340     29.34   1480612    118900      1220
05:05:52 PM    400648   1662040     80.58    100272    773156    758340     29.34   1480708    118900      1284
05:05:53 PM    400524   1662164     80.58    100272    773228    758340     29.34   1480736    118900      1352
05:05:54 PM    400400   1662288     80.59    100272    773296    758340     29.34   1480800    118900      1420
05:05:55 PM    400400   1662288     80.59    100272    773380    758340     29.34   1480936    118900      1504
05:05:56 PM    400244   1662444     80.60    100272    773480    758340     29.34   1481044    118900      1604
05:05:57 PM    400276   1662412     80.59    100272    773576    758340     29.34   1481188    118904      1752
05:05:58 PM    400152   1662536     80.60    100272    773732    758340     29.34   1481300    118900      1860
05:05:59 PM    400028   1662660     80.61    100272    773792    758340     29.34   1481440    118900      1920
05:06:00 PM    399780   1662908     80.62    100272    773836    758340     29.34   1481496    118900      1964
05:06:01 PM    399748   1662940     80.62    100272    774000    758340     29.34   1481688    118904      2128
05:06:02 PM    399532   1663156     80.63    100280    774076    758340     29.34   1481820    118900      2212
05:06:03 PM    399376   1663312     80.64    100280    774184    758340     29.34   1481908    118904       656
05:06:04 PM    399284   1663404     80.64    100280    774284    758340     29.34   1482072    118900       752
05:06:05 PM    399036   1663652     80.65    100280    774396    758340     29.34   1482180    118900       864
05:06:06 PM    398912   1663776     80.66    100280    774492    758340     29.34   1482292    118900       960
05:06:07 PM    398724   1663964     80.67    100288    774492    758340     29.34   1482368    118904       968
05:06:08 PM    398664   1664024     80.67    100288    774548    758340     29.34   1482444    118904       360
05:06:09 PM    398664   1664024     80.67    100288    774568    758340     29.34   1482512    118904       380
05:06:10 PM    398540   1664148     80.68    100288    774656    758340     29.34   1482632    118900       468
05:06:11 PM    398540   1664148     80.68    100288    774712    758340     29.34   1482788    118900       524
05:06:12 PM    398468   1664220     80.68    100296    774712    758340     29.34   1482928    118900       588
05:06:13 PM    398292   1664396     80.69    100296    774752    758340     29.34   1482936    118904       604
05:06:14 PM    398104   1664584     80.70    100296    774868    758340     29.34   1483040    118900       720
05:06:15 PM    397980   1664708     80.71    100296    774868    758340     29.34   1483108    118900       720
05:06:16 PM    397980   1664708     80.71    100296    774892    758340     29.34   1483184    118900       744
05:06:17 PM    398044   1664644     80.70    100304    774908    758340     29.34   1483272    118900       768
05:06:18 PM    397920   1664768     80.71    100304    774952    758340     29.34   1483352    118900       804
05:06:19 PM    397732   1664956     80.72    100304    774984    758340     29.34   1483460    118904       836
05:06:20 PM    397608   1665080     80.72    100304    775024    758340     29.34   1483508    118912       876
05:06:21 PM    397656   1665032     80.72    100304    775052    758340     29.34   1483676    118900       904
05:06:22 PM    397376   1665312     80.74    100312    775056    758340     29.34   1483752    118900       916
05:06:23 PM    397416   1665272     80.73    100312    775088    758340     29.34   1483848    118900       940
05:06:24 PM    397156   1665532     80.75    100312    775120    758340     29.34   1483916    118900       972
05:06:25 PM    397104   1665584     80.75    100312    775148    758340     29.34   1483992    118900      1000
05:06:26 PM    396980   1665708     80.75    100312    775176    758340     29.34   1484064    118900      1028
05:06:27 PM    396856   1665832     80.76    100320    775188    758340     29.34   1484120    118900      1048
05:06:28 PM    396796   1665892     80.76    100320    775224    758340     29.34   1484216    118900      1076
05:06:29 PM    396764   1665924     80.76    100320    775252    758340     29.34   1484288    118900      1104
05:06:30 PM    396640   1666048     80.77    100320    775300    758340     29.34   1484412    118904      1152
05:06:31 PM    396524   1666164     80.78    100320    775300    758340     29.34   1484372    118904      1152
05:06:32 PM    396676   1666012     80.77    100324    775332    758340     29.34   1484404    118900      1188
05:06:33 PM    396660   1666028     80.77    100324    775356    758340     29.34   1484708    118900       488
05:06:34 PM    396676   1666012     80.77    100324    775428    758340     29.34   1484632    118900       536
05:06:35 PM    396560   1666128     80.77    100324    775408    758340     29.34   1484608    118900       516
05:06:36 PM    396404   1666284     80.78    100324    775428    758340     29.34   1484676    118900       536
05:06:37 PM    396396   1666292     80.78    100328    775516    758340     29.34   1484824    118904       628
05:06:38 PM    396304   1666384     80.79    100328    775532    758340     29.34   1484904    118936       648
05:06:39 PM    396116   1666572     80.80    100328    775564    758340     29.34   1484944    118936       632
05:06:40 PM    396180   1666508     80.79    100328    775576    758340     29.34   1485024    118932       664
05:06:41 PM    396024   1666664     80.80    100328    775596    758340     29.34   1485060    118932       684
05:06:42 PM    395828   1666860     80.81    100336    775616    758340     29.34   1485404    118932       712
05:06:43 PM    395932   1666756     80.81    100336    775648    758340     29.34   1485232    118932       184
05:06:44 PM    395652   1667036     80.82    100336    775672    758340     29.34   1485260    118932       184
05:06:45 PM    395924   1666764     80.81    100336    775696    758340     29.34   1485356    118936       216
05:06:46 PM    395924   1666764     80.81    100336    775712    758340     29.34   1485392    118936       232
05:06:47 PM    395900   1666788     80.81    100336    775728    758340     29.34   1485304    118932       248
05:06:48 PM    395800   1666888     80.81    100340    775740    758340     29.34   1485492    118932       264
05:06:49 PM    395660   1667028     80.82    100340    775760    758340     29.34   1485608    118932       312
05:06:50 PM    395652   1667036     80.82    100340    775792    758340     29.34   1485608    118936       348
05:06:51 PM    395644   1667044     80.82    100340    775852    758340     29.34   1485552    118940       408
05:06:52 PM    395612   1667076     80.82    100340    775852    758340     29.34   1485620    118940       408
05:06:53 PM    395552   1667136     80.82    100348    775912    758340     29.34   1485648    118936       468
05:06:54 PM    395520   1667168     80.83    100348    775948    758340     29.34   1485708    118944       504
05:06:55 PM    395488   1667200     80.83    100348    775976    758340     29.34   1485748    118932       532
05:06:56 PM    395396   1667292     80.83    100348    776020    758340     29.34   1485800    118932       576
05:06:57 PM    395272   1667416     80.84    100348    776068    758340     29.34   1485848    118932       624
05:06:58 PM    395364   1667324     80.83    100356    776100    758340     29.34   1485884    118936       656
05:06:59 PM    395552   1667136     80.82    100356    776140    758340     29.34   1485852    118932       696
05:07:00 PM    395528   1667160     80.82    100356    776160    758340     29.34   1485876    118932       716
05:07:01 PM    395560   1667128     80.82    100356    776188    758340     29.34   1485912    118932       744
05:07:02 PM    395404   1667284     80.83    100356    776220    758340     29.34   1485936    118936       776
05:07:03 PM    395404   1667284     80.83    100356    776244    758340     29.34   1485964    118932       800
05:07:04 PM    395312   1667376     80.84    100356    776268    758340     29.34   1485992    118932       824
05:07:05 PM    395444   1667244     80.83    100356    776304    758340     29.34   1485940    118932       860
05:07:06 PM    395412   1667276     80.83    100356    776332    758340     29.34   1485964    118932       888
05:07:07 PM    395444   1667244     80.83    100356    776364    758340     29.34   1486004    118932       920
05:07:08 PM    395380   1667308     80.83    100360    776404    758340     29.34   1486168    118932       476
05:07:09 PM    395164   1667524     80.84    100360    776476    758340     29.34   1486120    118932       548
05:07:10 PM    395288   1667400     80.84    100360    776492    758340     29.34   1486132    118932       564
05:07:11 PM    395156   1667532     80.84    100360    776584    758340     29.34   1486316    118932       656
05:07:12 PM    395060   1667628     80.85    100360    776652    758340     29.34   1486380    118940       724
05:07:13 PM    394904   1667784     80.85    100364    776720    758340     29.34   1486460    118932       776
05:07:14 PM    394936   1667752     80.85    100364    776764    758340     29.34   1486524    118936       820
05:07:15 PM    394896   1667792     80.86    100364    776792    758340     29.34   1486572    118936       848
05:07:16 PM    394656   1668032     80.87    100364    776840    758340     29.34   1486580    118932       896
05:07:17 PM    394408   1668280     80.88    100364    776936    758340     29.34   1486680    118932       992
05:07:18 PM    394500   1668188     80.87    100368    776984    758340     29.34   1486732    118932       476
05:07:19 PM    394408   1668280     80.88    100368    777044    758340     29.34   1486792    118932       552
05:07:20 PM    394252   1668436     80.89    100368    777112    758340     29.34   1486856    118932       620
05:07:21 PM    394292   1668396     80.88    100368    777188    758340     29.34   1486844    118936       696
05:07:22 PM    394260   1668428     80.89    100368    777208    758340     29.34   1486864    118936       716
05:07:23 PM    394292   1668396     80.88    100372    777304    758340     29.34   1486964    118932       812
05:07:24 PM    394200   1668488     80.89    100372    777320    758340     29.34   1486988    118932       828
05:07:25 PM    394168   1668520     80.89    100372    777384    758340     29.34   1487052    118932       892
05:07:26 PM    393964   1668724     80.90    100372    777492    758340     29.34   1487288    118932      1000
05:07:27 PM    394060   1668628     80.90    100372    777556    758340     29.34   1487264    118932      1064
05:07:28 PM    394044   1668644     80.90    100376    777600    758340     29.34   1487236    118932      1116
05:07:29 PM    393828   1668860     80.91    100376    777672    758340     29.34   1487340    118932      1196
05:07:30 PM    393828   1668860     80.91    100376    777748    758340     29.34   1487404    118932      1272
05:07:31 PM    393640   1669048     80.92    100376    777788    758340     29.34   1487444    118932      1312
05:07:32 PM    393424   1669264     80.93    100376    777936    758340     29.34   1487608    118936      1460
05:07:33 PM    393268   1669420     80.93    100380    778036    758340     29.34   1487712    118936      1564
05:07:34 PM    393300   1669388     80.93    100380    778112    758340     29.34   1487796    118932      1636
05:07:35 PM    393176   1669512     80.94    100380    778136    758340     29.34   1487816    118936      1660
05:07:36 PM    393052   1669636     80.94    100380    778232    758340     29.34   1487912    118932      1756
05:07:37 PM    393052   1669636     80.94    100380    778300    758340     29.34   1487980    118936      1824
05:07:38 PM    392960   1669728     80.95    100384    778360    758340     29.34   1488052    118932      1888
05:07:39 PM    392804   1669884     80.96    100384    778440    758340     29.34   1488132    118932      1964
05:07:40 PM    392680   1670008     80.96    100384    778512    758340     29.34   1488204    118932      2036
05:07:41 PM    392680   1670008     80.96    100384    778584    758340     29.34   1488280    118932      2108
05:07:42 PM    392588   1670100     80.97    100384    778628    758340     29.34   1488320    118932      2152
05:07:43 PM    392464   1670224     80.97    100384    778728    758340     29.34   1488420    118932       492
05:07:44 PM    392464   1670224     80.97    100388    778796    758340     29.34   1488496    118932       564
05:07:45 PM    392464   1670224     80.97    100388    778864    758340     29.34   1488596    118932       632
05:07:46 PM    392316   1670372     80.98    100388    778940    758340     29.34   1488624    118940       708
05:07:47 PM    392292   1670396     80.98    100388    779016    758340     29.34   1488664    118932       784
05:07:48 PM    392216   1670472     80.99    100400    779080    758340     29.34   1488788    118936       800
05:07:49 PM    392184   1670504     80.99    100408    779124    758340     29.34   1488812    118936       876
05:07:50 PM    392060   1670628     80.99    100408    779180    758340     29.34   1488832    118932       932
05:07:51 PM    392208   1670480     80.99    100408    779236    758340     29.34   1488760    118932       988
Average:       396917   1665771     80.76    100327    775591    757821     29.32   1484376    118918       880
