Linux 4.4.0-31-generic (fw-suricata) 	12/08/2017 	_i686_	(1 CPU)

03:27:29 PM kbmemfree kbmemused  %memused kbbuffers  kbcached  kbcommit   %commit  kbactive   kbinact   kbdirty
03:27:30 PM   1129208    933480     45.26    103888    563288    747260     28.91    763816    114552      1708
03:27:31 PM   1129132    933556     45.26    103888    563356    747260     28.91    763908    114544      1776
03:27:32 PM   1128952    933736     45.27    103888    563416    747260     28.91    763968    114536      1836
03:27:33 PM   1128968    933720     45.27    103888    563476    747260     28.91    764020    114544       428
03:27:34 PM   1128860    933828     45.27    103888    563536    747260     28.91    764092    114536       488
03:27:35 PM   1128844    933844     45.27    103896    563588    747260     28.91    764152    114536       544
03:27:36 PM   1128704    933984     45.28    103896    563652    747260     28.91    764224    114536       608
03:27:37 PM   1128628    934060     45.28    103896    563704    747260     28.91    764276    114536       660
03:27:38 PM   1128580    934108     45.29    103896    563768    747260     28.91    764336    114536       700
03:27:39 PM   1128504    934184     45.29    103896    563820    747260     28.91    764384    114536       752
03:27:40 PM   1128456    934232     45.29    103900    563880    747260     28.91    764444    114536       816
03:27:41 PM   1128472    934216     45.29    103900    563936    747260     28.91    764516    114536       872
03:27:42 PM   1128364    934324     45.30    103900    563996    747260     28.91    764576    114536       932
03:27:43 PM   1128224    934464     45.30    103900    564048    747260     28.91    764628    114536       768
03:27:44 PM   1128240    934448     45.30    103900    564108    747260     28.91    764680    114540       832
03:27:45 PM   1128132    934556     45.31    103900    564188    747260     28.91    764752    114548       964
03:27:46 PM   1127960    934728     45.32    103900    564244    747260     28.91    764832    114536      1020
03:27:47 PM   1127884    934804     45.32    103900    564304    747260     28.91    764888    114536      1080
03:27:48 PM   1127836    934852     45.32    103904    564364    747260     28.91    764956    114536      1116
03:27:49 PM   1127852    934836     45.32    103904    564420    747260     28.91    765008    114536      1172
03:27:50 PM   1127744    934944     45.33    103912    564480    747260     28.91    765080    114536      1240
03:27:51 PM   1127728    934960     45.33    103912    564536    747260     28.91    765128    114536      1296
03:27:52 PM   1127868    934820     45.32    103912    564600    747260     28.91    765200    114536      1360
03:27:53 PM   1127852    934836     45.32    103912    564656    747260     28.91    765256    114536      1364
03:27:54 PM   1127620    935068     45.33    103912    564716    747260     28.91    765316    114540      1424
03:27:55 PM   1127604    935084     45.33    103912    564772    747260     28.91    765376    114536      1484
03:27:56 PM   1127588    935100     45.33    103912    564832    747260     28.91    765432    114540      1544
03:27:57 PM   1127636    935052     45.33    103912    564892    747260     28.91    765496    114536      1604
03:27:58 PM   1127464    935224     45.34    103912    564952    747260     28.91    765560    114536      1648
03:27:59 PM   1127388    935300     45.34    103912    565012    747260     28.91    765620    114532      1708
03:28:00 PM   1127216    935472     45.35    103920    565080    747260     28.91    765692    114544      1776
03:28:01 PM   1127264    935424     45.35    103920    565148    747260     28.91    765768    114532      1844
03:28:02 PM   1127092    935596     45.36    103920    565208    747260     28.91    765832    114532      1904
03:28:03 PM   1127016    935672     45.36    103920    565268    747260     28.91    765884    114532       152
03:28:04 PM   1127000    935688     45.36    103920    565324    747260     28.91    765952    114532       252
03:28:05 PM   1126860    935828     45.37    103924    565384    747260     28.91    766008    114536       320
03:28:06 PM   1126752    935936     45.37    103924    565448    747260     28.91    766072    114536       384
03:28:07 PM   1126612    936076     45.38    103924    565504    747260     28.91    766124    114540       440
03:28:08 PM   1126752    935936     45.37    103924    565564    747260     28.91    766196    114536       488
03:28:09 PM   1126612    936076     45.38    103924    565616    747260     28.91    766248    114536       544
03:28:10 PM   1126504    936184     45.39    103932    565680    747260     28.91    766316    114536       612
03:28:11 PM   1126520    936168     45.39    103932    565736    747260     28.91    766376    114540       668
03:28:12 PM   1126348    936340     45.39    103932    565796    747260     28.91    766432    114536       728
03:28:13 PM   1126396    936292     45.39    103940    565860    747260     28.91    766512    114540       760
03:28:14 PM   1126224    936464     45.40    103940    565920    747260     28.91    766568    114536       824
03:28:15 PM   1126272    936416     45.40    103940    565972    747260     28.91    766620    114536       876
03:28:16 PM   1126132    936556     45.40    103940    566048    747260     28.91    766688    114544       952
03:28:17 PM   1126116    936572     45.41    103940    566104    747260     28.91    766752    114536      1008
03:28:18 PM   1126008    936680     45.41    103944    566164    747260     28.91    766824    114536       988
03:28:19 PM   1125992    936696     45.41    103944    566220    747260     28.91    766884    114536      1048
03:28:20 PM   1125884    936804     45.42    103944    566284    747260     28.91    766940    114536      1116
03:28:21 PM   1125868    936820     45.42    103944    566340    747260     28.91    767000    114536      1172
03:28:22 PM   1125876    936812     45.42    103944    566404    747260     28.91    767160    114536      1236
03:28:23 PM   1125612    937076     45.43    103948    566456    747260     28.91    767216    114536      1288
03:28:24 PM   1125628    937060     45.43    103948    566520    747260     28.91    767280    114536      1352
03:28:25 PM   1125488    937200     45.44    103948    566572    747260     28.91    767328    114536      1404
03:28:26 PM   1125472    937216     45.44    103948    566632    747260     28.91    767392    114536      1464
03:28:27 PM   1125364    937324     45.44    103948    566688    747260     28.91    767452    114536      1520
03:28:28 PM   1125380    937308     45.44    103956    566748    747260     28.91    767528    114532      1580
03:28:29 PM   1125364    937324     45.44    103956    566804    747260     28.91    767584    114532      1636
03:28:30 PM   1125224    937464     45.45    103956    566868    747260     28.91    767648    114536      1700
03:28:31 PM   1125024    937664     45.46    103956    566924    747260     28.91    767700    114536      1756
03:28:32 PM   1125108    937580     45.45    103956    566992    747260     28.91    767676    114532      1824
03:28:33 PM   1125000    937688     45.46    103960    567052    747260     28.91    767732    114532      1884
03:28:34 PM   1125016    937672     45.46    103960    567120    747260     28.91    767796    114544      1952
03:28:35 PM   1125032    937656     45.46    103960    567180    747260     28.91    767864    114540      2012
03:28:36 PM   1125016    937672     45.46    103960    567236    747260     28.91    767920    114540      2068
03:28:37 PM   1124752    937936     45.47    103960    567296    747260     28.91    767980    114540      2128
03:28:38 PM   1124768    937920     45.47    103968    567352    747260     28.91    768048    114536       172
03:28:39 PM   1124752    937936     45.47    103968    567408    747260     28.91    768108    114536       252
03:28:40 PM   1124768    937920     45.47    103968    567468    747260     28.91    768172    114536       312
03:28:41 PM   1124628    938060     45.48    103968    567532    747260     28.91    768232    114536       376
03:28:42 PM   1124520    938168     45.48    103968    567592    747260     28.91    768284    114540       436
03:28:43 PM   1124528    938160     45.48    103968    567648    747260     28.91    768440    114536       464
03:28:44 PM   1124356    938332     45.49    103968    567708    747260     28.91    768492    114536       532
03:28:45 PM   1124156    938532     45.50    103968    567768    747260     28.91    768560    114536       592
03:28:46 PM   1124140    938548     45.50    103968    567828    747260     28.91    768616    114540       652
03:28:47 PM   1124248    938440     45.50    103968    567896    747260     28.91    768672    114548       720
03:28:48 PM   1124264    938424     45.50    103968    567960    747260     28.91    768748    114540       764
03:28:49 PM   1123876    938812     45.51    103968    568024    747260     28.91    768804    114544       832
03:28:50 PM   1123892    938796     45.51    103968    568076    747260     28.91    768868    114536       884
03:28:51 PM   1123860    938828     45.51    103968    568140    747260     28.91    768932    114536       948
03:28:52 PM   1123736    938952     45.52    103968    568192    747260     28.91    768976    114536      1000
03:28:53 PM   1123776    938912     45.52    103972    568256    747260     28.91    768972    114540       948
03:28:54 PM   1123752    938936     45.52    103972    568308    747260     28.91    769024    114536      1000
03:28:55 PM   1123668    939020     45.52    103972    568368    747260     28.91    769084    114536      1068
03:28:56 PM   1123652    939036     45.52    103972    568428    747260     28.91    769152    114536      1128
03:28:57 PM   1123620    939068     45.53    103972    568488    747260     28.91    769176    114540      1188
03:28:58 PM   1123660    939028     45.52    103980    568548    747260     28.91    769296    114540      1288
03:28:59 PM   1123480    939208     45.53    103980    568608    747260     28.91    769316    114540      1348
03:29:00 PM   1123372    939316     45.54    103980    568664    747260     28.91    769392    114540      1404
03:29:01 PM   1123272    939416     45.54    103980    568724    747260     28.91    769456    114536      1464
03:29:02 PM   1123256    939432     45.54    103980    568788    747260     28.91    769540    114532      1528
03:29:03 PM   1123280    939408     45.54    103988    568852    747260     28.91    769580    114540      1592
03:29:04 PM   1123132    939556     45.55    103988    568916    747260     28.91    769656    114540      1656
03:29:05 PM   1122984    939704     45.56    103988    568976    747260     28.91    769724    114532      1716
03:29:06 PM   1123016    939672     45.56    103988    569032    747260     28.91    769796    114532      1772
03:29:07 PM   1123136    939552     45.55    103988    569096    747260     28.91    769840    114536      1836
03:29:08 PM   1122916    939772     45.56    103992    569152    747260     28.91    769904    114536      1884
03:29:09 PM   1122868    939820     45.56    103992    569212    747260     28.91    769960    114536      1948
03:29:10 PM   1122856    939832     45.56    103992    569268    747260     28.91    770040    114536      2004
03:29:11 PM   1122868    939820     45.56    103992    569328    747260     28.91    770100    114536      2064
03:29:12 PM   1122604    940084     45.58    103992    569392    747260     28.91    770144    114536      2128
03:29:13 PM   1122528    940160     45.58    103996    569448    747260     28.91    770208    114536       204
03:29:14 PM   1122600    940088     45.58    103996    569504    747260     28.91    770248    114536       240
03:29:15 PM   1122488    940200     45.58    103996    569560    747260     28.91    770344    114536       296
03:29:16 PM   1122380    940308     45.59    103996    569624    747260     28.91    770384    114540       360
03:29:17 PM   1122288    940400     45.59    103996    569684    747260     28.91    770444    114540       420
03:29:18 PM   1122252    940436     45.59    104000    569736    747260     28.91    770468    114540       448
03:29:19 PM   1122164    940524     45.60    104000    569804    747260     28.91    770596    114540       524
03:29:20 PM   1122016    940672     45.60    104000    569864    747260     28.91    770636    114536       584
03:29:21 PM   1122032    940656     45.60    104000    569928    747260     28.91    770704    114536       648
03:29:22 PM   1122004    940684     45.60    104000    569980    747260     28.91    770760    114536       700
03:29:23 PM   1122056    940632     45.60    104008    570056    747260     28.91    770868    114540       756
03:29:24 PM   1121892    940796     45.61    104008    570108    747260     28.91    770888    114540       812
03:29:25 PM   1121908    940780     45.61    104008    570168    747260     28.91    770952    114536       872
03:29:26 PM   1121768    940920     45.62    104008    570224    747260     28.91    771008    114536       928
03:29:27 PM   1121684    941004     45.62    104008    570284    747260     28.91    771100    114536       988
03:29:28 PM   1121512    941176     45.63    104012    570340    747260     28.91    771136    114536       932
03:29:29 PM   1121544    941144     45.63    104012    570400    747260     28.91    771204    114536       996
03:29:30 PM   1121552    941136     45.63    104012    570460    747260     28.91    771240    114540      1060
03:29:31 PM   1121420    941268     45.63    104012    570520    747260     28.91    771272    114540      1120
03:29:32 PM   1121404    941284     45.63    104012    570572    747260     28.91    771364    114536      1172
03:29:33 PM   1121288    941400     45.64    104016    570636    747260     28.91    771452    114536      1284
03:29:34 PM   1121360    941328     45.64    104016    570696    747260     28.91    771508    114544      1344
03:29:35 PM   1121248    941440     45.64    104016    570768    747260     28.91    771644    114548      1416
03:29:36 PM   1121272    941416     45.64    104016    570824    747260     28.91    771664    114536      1472
03:29:37 PM   1121132    941556     45.65    104016    570892    747260     28.91    771740    114536      1540
03:29:38 PM   1121140    941548     45.65    104024    570944    747260     28.91    771848    114532      1592
03:29:39 PM   1121140    941548     45.65    104024    571008    747260     28.91    771916    114532      1656
03:29:40 PM   1121032    941656     45.65    104024    571064    747260     28.91    771880    114532      1712
03:29:41 PM   1120924    941764     45.66    104024    571128    747260     28.91    771940    114540      1776
03:29:42 PM   1120924    941764     45.66    104024    571180    747260     28.91    771996    114536      1828
03:29:43 PM   1120892    941796     45.66    104032    571236    747260     28.91    772060    114536      1880
03:29:44 PM   1120660    942028     45.67    104032    571300    747260     28.91    772128    114536      1948
03:29:45 PM   1120552    942136     45.68    104032    571356    747260     28.91    772172    114536      2004
03:29:46 PM   1120692    941996     45.67    104032    571416    747260     28.91    772240    114540      2064
03:29:47 PM   1120520    942168     45.68    104032    571476    747260     28.91    772304    114540      2124
03:29:48 PM   1120412    942276     45.68    104036    571536    747260     28.91    772280    114536       140
03:29:49 PM   1120436    942252     45.68    104036    571596    747260     28.91    772248    114536       244
Average:      1124706    937982     45.47    103961    567443    747260     28.91    768149    114537      1138
