Linux 4.4.0-31-generic (ids-suricata) 	12/08/2017 	_i686_	(1 CPU)

12:55:10 PM kbmemfree kbmemused  %memused kbbuffers  kbcached  kbcommit   %commit  kbactive   kbinact   kbdirty
12:55:11 PM   1158696    903992     43.83     85388    308476    745988     28.86    711780    140496      1708
12:55:12 PM   1160400    902288     43.74     85396    308516    745988     28.86    710064    140468         8
12:55:13 PM   1161016    901672     43.71     85396    308632    745988     28.86    709652    140436       120
12:55:14 PM   1161108    901580     43.71     85404    308668    745988     28.86    709732    140440       284
12:55:15 PM   1161140    901548     43.71     85404    308724    745988     28.86    709788    140436       348
12:55:16 PM   1156128    906560     43.95     85404    308724    759428     29.38    713064    140436       348
12:55:17 PM   1155780    906908     43.97     85404    308748    759428     29.38    713036    140444       384
12:55:18 PM   1155820    906868     43.97     85404    308800    759428     29.38    713104    140448       436
12:55:19 PM   1155820    906868     43.97     85404    308852    759428     29.38    713156    140444       488
12:55:20 PM   1155664    907024     43.97     85404    308960    759428     29.38    713248    140444       620
12:55:21 PM   1155696    906992     43.97     85404    308956    759428     29.38    713264    140444       616
12:55:22 PM   1155540    907148     43.98     85404    309008    759428     29.38    713320    140444       668
12:55:23 PM   1155540    907148     43.98     85404    309060    759428     29.38    713376    140444       720
12:55:24 PM   1155572    907116     43.98     85408    309160    759428     29.38    713468    140444       824
12:55:25 PM   1155416    907272     43.98     85408    309220    759428     29.38    713528    140444       880
12:55:26 PM   1155448    907240     43.98     85408    309224    759428     29.38    713548    140444       884
12:55:27 PM   1155324    907364     43.99     85408    309344    759428     29.38    713648    140444      1004
12:55:28 PM   1155200    907488     44.00     85408    309444    759428     29.38    713760    140444      1104
12:55:29 PM   1154952    907736     44.01     85416    309504    759428     29.38    713832    140448      1172
12:55:30 PM   1154952    907736     44.01     85416    309584    759428     29.38    713924    140444      1244
12:55:31 PM   1154796    907892     44.01     85416    309592    759428     29.38    714004    140444      1252
12:55:32 PM   1152936    909752     44.11     85416    309652    759428     29.38    716084    140444      1312
12:55:33 PM   1151200    911488     44.19     85416    309780    759428     29.38    717804    140444      1440
12:55:34 PM   1149216    913472     44.29     85420    309844    759428     29.38    719824    140448      1508
12:55:35 PM   1146736    915952     44.41     85420    309920    759428     29.38    722344    140444      1580
12:55:36 PM   1144412    918276     44.52     85420    309988    759428     29.38    724736    140444      1648
12:55:37 PM   1139420    923268     44.76     85420    309992    759428     29.38    729752    140444        20
12:55:38 PM   1134088    928600     45.02     85420    310100    759428     29.38    735044    140444       104
12:55:39 PM   1129252    933436     45.25     85428    310104    759428     29.38    739852    140444       124
12:55:40 PM   1124076    938612     45.50     85428    310196    759428     29.38    745020    140444       244
12:55:41 PM   1119208    943480     45.74     85428    310236    759428     29.38    749856    140452       348
12:55:42 PM   1114156    948532     45.99     85428    310300    759428     29.38    754792    140448       352
12:55:43 PM   1109164    953524     46.23     85428    310420    759428     29.38    759876    140444       472
12:55:44 PM   1104484    958204     46.45     85432    310476    759428     29.38    764540    140444       532
12:55:45 PM   1099772    962916     46.68     85432    310476    759428     29.38    769256    140444       532
12:55:46 PM   1093912    968776     46.97     85432    310524    759428     29.38    775176    140448       580
12:55:47 PM   1092516    970172     47.03     85432    310556    759428     29.38    776372    140444       612
12:55:48 PM   1092580    970108     47.03     85432    310576    759428     29.38    776456    140444       632
12:55:49 PM   1092448    970240     47.04     85432    310596    759428     29.38    776536    140444       652
12:55:50 PM   1092268    970420     47.05     85436    310612    759428     29.38    776580    140440       668
12:55:51 PM   1092332    970356     47.04     85436    310648    759428     29.38    776688    140440       704
12:55:52 PM   1092168    970520     47.05     85436    310668    759428     29.38    776728    140444       724
12:55:53 PM   1092176    970512     47.05     85436    310696    759428     29.38    776848    140440       752
12:55:54 PM   1092084    970604     47.06     85436    310712    759428     29.38    776920    140440       768
12:55:55 PM   1092052    970636     47.06     85440    310736    759428     29.38    777000    140440       800
12:55:56 PM   1091960    970728     47.06     85440    310756    759428     29.38    777044    140440       820
12:55:57 PM   1091836    970852     47.07     85440    310776    759428     29.38    777168    140440       840
12:55:58 PM   1091712    970976     47.07     85440    310804    759428     29.38    777176    140444       868
12:55:59 PM   1091588    971100     47.08     85440    310828    759428     29.38    777284    140444       892
12:56:00 PM   1091556    971132     47.08     85444    310844    759428     29.38    777308    140444       912
12:56:01 PM   1091464    971224     47.09     85444    310860    759428     29.38    777408    140444       928
12:56:02 PM   1091464    971224     47.09     85444    310872    759428     29.38    777432    140444       940
12:56:03 PM   1091340    971348     47.09     85444    310892    759428     29.38    777544    140444       960
12:56:04 PM   1091208    971480     47.10     85444    310904    759428     29.38    777684    140444       972
12:56:05 PM   1091184    971504     47.10     85448    310920    759428     29.38    777656    140444       988
12:56:06 PM   1091060    971628     47.10     85448    310940    759428     29.38    777684    140444      1008
12:56:07 PM   1091092    971596     47.10     85448    310960    759428     29.38    777772    140448      1028
12:56:08 PM   1090968    971720     47.11     85448    310972    759428     29.38    777844    140444       604
12:56:09 PM   1090936    971752     47.11     85448    310992    759428     29.38    777908    140448       632
12:56:10 PM   1090844    971844     47.12     85452    311004    759428     29.38    777992    140444       644
12:56:11 PM   1090720    971968     47.12     85452    311020    759428     29.38    778016    140444       660
12:56:12 PM   1090720    971968     47.12     85452    311040    759428     29.38    778060    140448       680
12:56:13 PM   1090720    971968     47.12     85452    311056    759428     29.38    778116    140444       112
12:56:14 PM   1090556    972132     47.13     85452    311080    759428     29.38    778260    140444       156
12:56:15 PM   1090564    972124     47.13     85452    311096    759428     29.38    778244    140444       212
12:56:16 PM   1090564    972124     47.13     85452    311112    759428     29.38    778272    140444       228
12:56:17 PM   1090408    972280     47.14     85452    311140    759428     29.38    778344    140448       256
12:56:18 PM   1090408    972280     47.14     85452    311156    759428     29.38    778372    140444       272
12:56:19 PM   1090348    972340     47.14     85452    311180    759428     29.38    778388    140452       296
12:56:20 PM   1090316    972372     47.14     85460    311192    759428     29.38    778460    140448       312
12:56:21 PM   1090160    972528     47.15     85460    311208    759428     29.38    778544    140444       328
12:56:22 PM   1090160    972528     47.15     85460    311228    759428     29.38    778604    140444       348
12:56:23 PM   1090224    972464     47.15     85460    311252    759428     29.38    778620    140448       372
12:56:24 PM   1090192    972496     47.15     85460    311264    759428     29.38    778644    140444       384
12:56:25 PM   1090208    972480     47.15     85464    311280    759428     29.38    778704    140444       400
12:56:26 PM   1089852    972836     47.16     85464    311292    759428     29.38    779028    140444       412
12:56:27 PM   1089200    973488     47.20     85464    311312    759428     29.38    779744    140444       432
12:56:28 PM   1088052    974636     47.25     85464    311332    759428     29.38    780988    140448       452
12:56:29 PM   1087868    974820     47.26     85464    311356    759428     29.38    781016    140444       476
12:56:30 PM   1087804    974884     47.26     85468    311392    759428     29.38    781052    140448       512
12:56:31 PM   1087836    974852     47.26     85468    311408    759428     29.38    781076    140444       528
12:56:32 PM   1087836    974852     47.26     85468    311428    759428     29.38    781092    140444       548
12:56:33 PM   1087868    974820     47.26     85468    311448    759428     29.38    781112    140448        16
12:56:34 PM   1087744    974944     47.27     85468    311480    759428     29.38    781140    140448        76
12:56:35 PM   1087556    975132     47.27     85468    311500    759428     29.38    781136    140448       132
12:56:36 PM   1087680    975008     47.27     85468    311520    759428     29.38    781204    140448       152
12:56:37 PM   1087680    975008     47.27     85468    311548    759428     29.38    781216    140444       184
12:56:38 PM   1087680    975008     47.27     85468    311568    759428     29.38    781236    140444       204
12:56:39 PM   1087620    975068     47.27     85468    311584    759428     29.38    781252    140444       220
12:56:40 PM   1087620    975068     47.27     85472    311608    759428     29.38    781296    140444       252
12:56:41 PM   1087620    975068     47.27     85472    311628    759428     29.38    781332    140448       272
12:56:42 PM   1087496    975192     47.28     85472    311648    759428     29.38    781368    140444       292
12:56:43 PM   1087464    975224     47.28     85472    311672    759428     29.38    781448    140448       316
12:56:44 PM   1087432    975256     47.28     85472    311700    759428     29.38    781452    140444       344
12:56:45 PM   1087340    975348     47.29     85476    311720    759428     29.38    781488    140448       364
12:56:46 PM   1087364    975324     47.28     85476    311748    759428     29.38    781636    140444       392
12:56:47 PM   1087372    975316     47.28     85476    311772    759428     29.38    781592    140444       416
12:56:48 PM   1087184    975504     47.29     85476    311812    759428     29.38    781664    140444       456
12:56:49 PM   1087216    975472     47.29     85476    311856    759428     29.38    781748    140444       500
12:56:50 PM   1087248    975440     47.29     85484    311900    759428     29.38    781748    140444       552
12:56:51 PM   1087124    975564     47.30     85484    311988    759428     29.38    781824    140444       632
12:56:52 PM   1086968    975720     47.30     85484    312004    759428     29.38    781940    140444       648
12:56:53 PM   1087000    975688     47.30     85484    312040    759428     29.38    781912    140444       684
12:56:54 PM   1087000    975688     47.30     85484    312060    759428     29.38    781928    140448       704
12:56:55 PM   1086968    975720     47.30     85492    312160    759428     29.38    782032    140444       812
12:56:56 PM   1086752    975936     47.31     85492    312188    759428     29.38    782084    140444       832
12:56:57 PM   1086752    975936     47.31     85492    312232    759428     29.38    782168    140444       876
12:56:58 PM   1086752    975936     47.31     85492    312288    759428     29.38    782216    140448       932
12:56:59 PM   1086596    976092     47.32     85492    312388    759428     29.38    782244    140444      1032
12:57:00 PM   1086564    976124     47.32     85496    312388    759428     29.38    782304    140452      1036
12:57:01 PM   1086564    976124     47.32     85496    312444    759428     29.38    782392    140444      1088
12:57:02 PM   1086472    976216     47.33     85496    312496    759428     29.38    782404    140444      1140
12:57:03 PM   1086472    976216     47.33     85496    312580    759428     29.38    782472    140444      1224
12:57:04 PM   1086380    976308     47.33     85496    312664    759428     29.38    782560    140444      1304
12:57:05 PM   1086316    976372     47.33     85504    312648    759428     29.38    782572    140444      1300
12:57:06 PM   1086008    976680     47.35     85504    312736    759428     29.38    782660    140444      1380
12:57:07 PM   1086008    976680     47.35     85504    312760    759428     29.38    782732    140444      1404
12:57:08 PM   1086008    976680     47.35     85504    312812    759428     29.38    782732    140444        20
12:57:09 PM   1085944    976744     47.35     85504    312892    759428     29.38    782808    140444       124
12:57:10 PM   1085852    976836     47.36     85504    312920    759428     29.38    782876    140444       204
12:57:11 PM   1085760    976928     47.36     85504    312968    759428     29.38    782912    140444       236
12:57:12 PM   1085236    977452     47.39     85504    312988    759428     29.38    782976    140444       320
12:57:13 PM   1085352    977336     47.38     85504    313088    759428     29.38    783072    140440       364
12:57:14 PM   1085264    977424     47.39     85504    313200    759428     29.38    783280    140444       476
12:57:15 PM   1080180    982508     47.63     85504    313260    759428     29.38    788632    140444       540
12:57:16 PM   1076180    986508     47.83     85504    313328    759428     29.38    792860    140444       624
12:57:17 PM   1072708    989980     47.99     85504    313380    759428     29.38    795988    140444       676
12:57:18 PM   1071128    991560     48.07     85504    313472    759428     29.38    797744    140444       768
12:57:19 PM   1069484    993204     48.15     85504    313536    759428     29.38    799156    140440       832
12:57:20 PM   1068864    993824     48.18     85508    313600    759428     29.38    799924    140440       900
12:57:21 PM   1066664    996024     48.29     85508    313676    759428     29.38    802096    140440       972
12:57:22 PM   1064928    997760     48.37     85508    313732    759428     29.38    803608    140440      1028
12:57:23 PM   1063036    999652     48.46     85508    313816    759428     29.38    805496    140440      1112
12:57:24 PM   1060960   1001728     48.56     85508    313884    759428     29.38    807612    140440      1180
12:57:25 PM   1058448   1004240     48.69     85512    313896    759428     29.38    810276    140448      1196
12:57:26 PM   1056580   1006108     48.78     85512    313996    759428     29.38    812124    140440      1296
12:57:27 PM   1056456   1006232     48.78     85512    314060    759428     29.38    812172    140444      1360
12:57:28 PM   1056488   1006200     48.78     85512    314080    759428     29.38    812220    140440      1380
12:57:29 PM   1056332   1006356     48.79     85512    314132    759428     29.38    812192    140444      1432
12:57:30 PM   1056388   1006300     48.79     85516    314152    759428     29.38    812064    140440      1456
Average:      1100427    962261     46.65     85458    311270    758948     29.36    768509    140445       674
