       eth0       
 KB/s in  KB/s out
    3.17      0.48
    0.89      0.48
    1.89      0.48
    0.79      0.39
    1.79      0.39
    4.50      4.66
    1.26      0.39
    1.24      0.39
    1.38      0.29
    0.35      0.30
    1.38      0.82
    1.60      0.49
    0.90      0.49
    0.42      0.49
    1.22      0.49
 1359.78   1372.50
 8299.22   8383.67
 8842.17   8921.10
 8868.76   8977.21
 8847.31   8940.81
 8856.23   8950.16
 8845.78   8939.90
       eth0       
 KB/s in  KB/s out
 8856.66   8950.98
 8859.65   8953.67
 8560.84   8648.02
 9185.43   9198.34
 9625.67   9716.15
 9631.78   9740.32
 9647.21   9684.95
 9572.46   9731.11
 9624.47   9757.14
 9620.79   9757.83
 9659.84   9764.96
 9649.98   9706.02
 9545.31   9756.99
 9716.86   9755.49
 9589.87   9693.78
 9657.28   9750.42
 9562.13   9687.05
 9573.09   9648.05
 9595.19   9686.08
 9627.10   9749.84
 9562.22   9757.08
 9632.45   9690.10
       eth0       
 KB/s in  KB/s out
 9687.80   9735.99
 9595.54   9744.92
 9656.78   9758.57
    0.00      0.00
 9579.27   9759.70
 9673.70   9728.00
 9663.91   9752.43
 9498.26   9643.32
 9664.16   9743.18
 9628.13   9730.37
 9370.63   9611.08
 9518.69   9550.47
 9729.88   9761.61
 9615.38   9707.99
 9560.64   9759.69
 9696.98   9738.76
 9639.16   9739.59
 9449.11   9596.68
 9695.26   9764.60
 9650.01   9763.15
 9591.31   9734.19
 9641.31   9763.16
       eth0       
 KB/s in  KB/s out
 9695.83   9748.67
 9598.77   9727.53
 9652.78   9764.72
 9622.94   9752.43
 9719.96   9757.17
 9593.85   9750.42
 9599.51   9761.89
 9646.00   9700.50
 9624.01   9712.60
 9672.85   9687.71
 9608.86   9759.45
 9582.03   9743.78
 9639.79   9726.10
 9574.37   9737.99
 9078.24   9211.11
 9616.64   9658.74
 9555.48   9725.76
 9727.70   9728.53
 9560.16   9719.44
 9671.82   9750.04
 9594.56   9703.66
 9531.84   9721.44
       eth0       
 KB/s in  KB/s out
 9764.13   9760.03
 9539.12   9711.95
 9496.13   9657.02
 9571.24   9630.79
 9667.89   9763.95
 9599.03   9712.86
 9591.50   9750.97
 9566.96   9659.09
 9581.97   9624.35
 9661.30   9692.58
 9540.74   9728.69
 9662.88   9761.67
 9616.74   9733.91
 9608.90   9717.23
 9513.27   9608.49
 9608.03   9723.54
 9647.66   9762.48
 9657.81   9753.15
 9629.29   9751.91
 9613.09   9756.78
 9720.23   9764.56
 9646.92   9729.99
       eth0       
 KB/s in  KB/s out
 9593.84   9632.21
 9526.15   9746.52
 9604.08   9676.84
 9627.01   9694.58
 9591.96   9753.33
 9612.44   9736.54
 9617.67   9755.17
 9451.25   9543.74
 9680.09   9721.79
 9663.47   9680.68
 9610.57   9729.31
 9668.39   9756.41
 9419.22   9735.98
 9656.61   9714.70
 9654.49   9714.97
 9597.05   9724.47
 9656.59   9731.88
 9591.49   9736.52
 9688.92   9730.29
 9595.78   9736.47
 9654.15   9691.77
 9580.13   9713.95
       eth0       
 KB/s in  KB/s out
 9542.58   9695.21
 9526.63   9717.95
 9664.66   9721.52
 8571.56   8774.41
   14.59     13.83
   12.24     12.28
    1.22      0.53
    0.96      0.49
       eth0       
 KB/s in  KB/s out
    0.88      0.48
    0.94      0.48
    0.43      0.39
    0.39      0.39
    0.41      0.39
    4.20      4.66
    0.39      0.39
    1.54      0.29
    0.91      0.29
    2.17      0.34
    0.51      0.49
    2.47      0.49
    0.73      0.49
    0.94      0.49
    0.68      0.49
 1593.66   1606.59
 8577.53   8666.04
 8722.85   8813.66
 8585.25   8672.23
 8998.30   9094.76
 8863.04   8956.02
 8575.33   8664.17
       eth0       
 KB/s in  KB/s out
 9114.42   9212.58
 8868.56   8963.19
 8775.29   8817.04
 9078.09   9162.30
 9635.11   9723.27
 9630.45   9742.97
 9676.06   9736.85
 9612.95   9720.69
 9618.38   9763.15
 9668.23   9728.40
 9532.48   9723.57
 9657.62   9750.05
 9690.71   9703.95
 9541.40   9753.59
 9686.93   9734.99
 9613.28   9752.00
 9698.50   9763.28
 9624.26   9761.99
 9627.70   9740.47
 9613.49   9749.30
 9665.06   9736.32
 9580.08   9684.00
       eth0       
 KB/s in  KB/s out
 9571.79   9690.80
 9631.63   9748.58
 9675.57   9757.10
 9646.30   9756.39
 9587.51   9708.27
 9612.09   9699.12
 9676.31   9767.24
 9573.61   9750.78
 9680.35   9728.72
 9605.84   9756.91
 9669.68   9754.04
 9645.37   9728.56
 9612.37   9716.46
 9589.10   9750.78
 9640.79   9694.18
 9572.84   9693.57
 9606.90   9726.80
 9655.75   9705.76
 9606.53   9682.66
 9562.86   9715.91
 9605.52   9737.03
 9660.81   9752.46
       eth0       
 KB/s in  KB/s out
 9545.96   9714.93
 9655.28   9745.56
 9681.14   9757.93
 9570.99   9726.91
 9638.42   9737.89
 9665.20   9681.41
 9592.79   9748.48
 9604.82   9734.88
 9554.15   9645.04
 9636.44   9755.05
 9627.47   9734.89
 9561.78   9710.92
 9682.52   9727.27
 9456.34   9685.43
 9706.03   9637.98
 9602.16   9738.68
 9638.36   9761.96
 9684.78   9714.49
 9522.70   9704.91
 9678.63   9763.46
 9649.86   9722.59
 9677.31   9711.14
       eth0       
 KB/s in  KB/s out
 9493.21   9718.71
 9549.32   9719.68
 9682.99   9732.44
 9495.60   9744.11
 9643.31   9688.68
 9640.53   9723.59
 9689.46   9763.05
 9561.81   9726.14
 9672.74   9765.31
 9617.05   9715.15
 9587.47   9760.97
 9719.94   9762.15
 9634.56   9758.42
 9623.89   9705.55
 9654.56   9741.45
 9624.93   9722.82
 9626.65   9764.49
 9579.64   9739.10
 9708.05   9750.02
 9614.99   9715.57
 9635.50   9761.68
 9656.67   9748.40
       eth0       
 KB/s in  KB/s out
 9636.04   9762.15
 9617.81   9721.34
 9555.11   9734.65
 9664.97   9707.19
 9598.94   9761.93
 9695.24   9727.49
 9640.57   9758.48
 9617.39   9751.75
 9605.24   9745.01
 9693.74   9736.37
 9646.58   9756.43
 9568.84   9718.79
 9696.32   9764.58
 9573.62   9723.55
 9575.38   9714.83
 9652.80   9685.02
 9484.25   9686.83
 9231.60   9282.57
 9677.85   9760.02
 9569.92   9737.24
 9705.86   9724.20
 9608.56   9752.85
       eth0       
 KB/s in  KB/s out
 9619.00   9762.62
 9688.66   9761.53
 9663.83   9732.95
 8240.61   8462.46
  153.27    154.93
   14.00     13.81
    1.70      0.53
    0.60      0.53
