Linux 4.4.0-31-generic (ids-suricata) 	12/10/2017 	_i686_	(1 CPU)

02:38:15 AM  CPU    %usr   %nice    %sys %iowait    %irq   %soft  %steal  %guest  %gnice   %idle
02:38:16 AM  all    2.00    0.00    8.00    0.00    0.00    0.00    0.00    0.00    0.00   90.00
02:38:17 AM  all    0.00    0.00    3.03    0.00    0.00    0.00    0.00    0.00    0.00   96.97
02:38:18 AM  all    2.02    0.00    2.02    7.07    0.00    0.00    1.01    0.00    0.00   87.88
02:38:19 AM  all    0.00    0.00    3.00    0.00    0.00    0.00    0.00    0.00    0.00   97.00
02:38:20 AM  all    2.04    0.00    2.04    0.00    0.00    0.00    0.00    0.00    0.00   95.92
02:38:21 AM  all    1.98    0.00    1.98    0.00    0.00    0.00    0.99    0.00    0.00   95.05
02:38:22 AM  all   10.31    0.00    5.15    0.00    0.00    0.00    0.00    0.00    0.00   84.54
02:38:23 AM  all    0.98    0.00    1.96    1.96    0.00    0.00    0.00    0.00    0.00   95.10
02:38:24 AM  all    0.99    0.00    1.98    0.00    0.00    0.00    0.99    0.00    0.00   96.04
02:38:25 AM  all    1.00    0.00    2.00    0.00    0.00    0.00    0.00    0.00    0.00   97.00
02:38:26 AM  all    1.02    0.00    1.02    0.00    0.00    0.00    0.00    0.00    0.00   97.96
02:38:27 AM  all    2.00    0.00    2.00    0.00    0.00    0.00    0.00    0.00    0.00   96.00
02:38:28 AM  all    1.02    0.00    1.02    1.02    0.00    0.00    0.00    0.00    0.00   96.94
02:38:29 AM  all    1.00    0.00    2.00    0.00    0.00    0.00    1.00    0.00    0.00   96.00
02:38:30 AM  all    2.00    0.00    3.00    0.00    0.00    1.00    0.00    0.00    0.00   94.00
02:38:31 AM  all    1.02    0.00    1.02    0.00    0.00    0.00    0.00    0.00    0.00   97.96
02:38:32 AM  all   20.22    0.00    1.12    0.00    0.00    7.87    2.25    0.00    0.00   68.54
02:38:33 AM  all   44.09    0.00    2.15    0.00    0.00   43.01    1.08    0.00    0.00    9.68
02:38:34 AM  all   46.46    0.00    2.02    0.00    0.00   48.48    3.03    0.00    0.00    0.00
02:38:35 AM  all   47.47    0.00    2.02    0.00    0.00   48.48    1.01    0.00    0.00    1.01
02:38:36 AM  all   45.10    0.00    2.94    0.00    0.00   50.00    1.96    0.00    0.00    0.00
02:38:37 AM  all   48.48    0.00    2.02    0.00    0.00   49.49    0.00    0.00    0.00    0.00
02:38:38 AM  all   51.02    0.00    1.02    0.00    0.00   45.92    1.02    0.00    0.00    1.02
02:38:39 AM  all   43.56    0.00    0.99    0.00    0.00   53.47    1.98    0.00    0.00    0.00
02:38:40 AM  all   43.43    0.00    2.02    0.00    0.00   53.54    1.01    0.00    0.00    0.00
02:38:41 AM  all   51.00    0.00    0.00    0.00    0.00   48.00    1.00    0.00    0.00    0.00
02:38:42 AM  all   47.47    0.00    2.02    0.00    0.00   47.47    1.01    0.00    0.00    2.02
02:38:43 AM  all   40.00    0.00    2.00    0.00    0.00   54.00    4.00    0.00    0.00    0.00
02:38:44 AM  all   36.36    0.00    1.01    0.00    0.00   61.62    1.01    0.00    0.00    0.00
02:38:45 AM  all   42.57    0.00    1.98    0.00    0.00   52.48    2.97    0.00    0.00    0.00
02:38:46 AM  all   45.00    0.00    3.00    0.00    0.00   51.00    1.00    0.00    0.00    0.00
02:38:47 AM  all   45.54    0.00    0.99    0.00    0.00   51.49    1.98    0.00    0.00    0.00
02:38:48 AM  all   41.41    0.00    1.01    0.00    0.00   56.57    1.01    0.00    0.00    0.00
02:38:49 AM  all   38.38    0.00    3.03    0.00    0.00   57.58    1.01    0.00    0.00    0.00
02:38:50 AM  all   46.53    0.00    1.98    0.00    0.00   50.50    0.99    0.00    0.00    0.00
02:38:51 AM  all   46.46    0.00    1.01    0.00    0.00   50.51    2.02    0.00    0.00    0.00
02:38:52 AM  all   39.00    0.00    2.00    0.00    0.00   57.00    2.00    0.00    0.00    0.00
02:38:53 AM  all   45.54    0.00    1.98    0.00    0.00   51.49    0.99    0.00    0.00    0.00
02:38:54 AM  all   40.59    0.00    1.98    0.00    0.00   56.44    0.99    0.00    0.00    0.00
02:38:55 AM  all   43.43    0.00    2.02    0.00    0.00   54.55    0.00    0.00    0.00    0.00
02:38:56 AM  all   51.00    0.00    2.00    0.00    0.00   46.00    1.00    0.00    0.00    0.00
02:38:57 AM  all   36.00    0.00    3.00    0.00    0.00   59.00    2.00    0.00    0.00    0.00
02:38:58 AM  all   43.00    0.00    0.00    0.00    0.00   57.00    0.00    0.00    0.00    0.00
02:38:59 AM  all   43.00    0.00    3.00    0.00    0.00   53.00    1.00    0.00    0.00    0.00
02:39:00 AM  all   46.00    0.00    1.00    0.00    0.00   52.00    1.00    0.00    0.00    0.00
02:39:01 AM  all   42.00    0.00    3.00    0.00    0.00   54.00    1.00    0.00    0.00    0.00
02:39:02 AM  all   42.57    0.00    0.99    0.00    0.00   52.48    3.96    0.00    0.00    0.00
02:39:03 AM  all   41.00    0.00    1.00    0.00    0.00   56.00    2.00    0.00    0.00    0.00
02:39:04 AM  all   47.00    0.00    1.00    0.00    0.00   50.00    2.00    0.00    0.00    0.00
02:39:05 AM  all   42.00    0.00    1.00    0.00    0.00   55.00    2.00    0.00    0.00    0.00
02:39:06 AM  all   36.00    0.00    1.00    0.00    0.00   60.00    3.00    0.00    0.00    0.00
02:39:07 AM  all   49.00    0.00    3.00    0.00    0.00   47.00    1.00    0.00    0.00    0.00
02:39:08 AM  all   40.00    0.00    2.00    0.00    0.00   57.00    1.00    0.00    0.00    0.00
02:39:09 AM  all   40.00    0.00    2.00    0.00    0.00   56.00    2.00    0.00    0.00    0.00
02:39:10 AM  all   41.41    0.00    1.01    0.00    0.00   56.57    1.01    0.00    0.00    0.00
02:39:11 AM  all   36.63    0.00    0.99    0.00    0.00   60.40    1.98    0.00    0.00    0.00
02:39:12 AM  all   46.00    0.00    2.00    0.00    0.00   51.00    1.00    0.00    0.00    0.00
02:39:13 AM  all   47.00    0.00    1.00    0.00    0.00   51.00    1.00    0.00    0.00    0.00
02:39:14 AM  all   41.58    0.00    2.97    0.00    0.00   53.47    1.98    0.00    0.00    0.00
02:39:15 AM  all   45.45    0.00    2.02    0.00    0.00   51.52    1.01    0.00    0.00    0.00
02:39:16 AM  all   34.00    0.00    2.00    0.00    0.00   62.00    2.00    0.00    0.00    0.00
02:39:17 AM  all   42.00    0.00    2.00    0.00    0.00   56.00    0.00    0.00    0.00    0.00
02:39:18 AM  all   39.00    0.00    1.00    0.00    0.00   59.00    1.00    0.00    0.00    0.00
02:39:19 AM  all   48.00    0.00    1.00    0.00    0.00   50.00    1.00    0.00    0.00    0.00
02:39:20 AM  all   49.00    0.00    2.00    0.00    0.00   48.00    1.00    0.00    0.00    0.00
02:39:21 AM  all   44.44    0.00    2.02    0.00    0.00   52.53    1.01    0.00    0.00    0.00
02:39:22 AM  all   43.56    0.00    1.98    0.00    0.00   51.49    2.97    0.00    0.00    0.00
02:39:23 AM  all   44.44    0.00    2.02    0.00    0.00   51.52    2.02    0.00    0.00    0.00
02:39:24 AM  all   36.63    0.00    2.97    0.00    0.00   58.42    1.98    0.00    0.00    0.00
02:39:25 AM  all   41.00    0.00    2.00    0.00    0.00   54.00    3.00    0.00    0.00    0.00
02:39:26 AM  all   49.00    0.00    1.00    0.00    0.00   49.00    1.00    0.00    0.00    0.00
02:39:27 AM  all   45.00    0.00    1.00    0.00    0.00   52.00    2.00    0.00    0.00    0.00
02:39:28 AM  all   46.00    0.00    2.00    0.00    0.00   51.00    1.00    0.00    0.00    0.00
02:39:29 AM  all   40.00    0.00    2.00    0.00    0.00   55.00    3.00    0.00    0.00    0.00
02:39:30 AM  all   36.63    0.00    2.97    0.00    0.00   59.41    0.99    0.00    0.00    0.00
02:39:31 AM  all   39.39    0.00    2.02    0.00    0.00   56.57    2.02    0.00    0.00    0.00
02:39:32 AM  all   38.00    0.00    3.00    0.00    0.00   59.00    0.00    0.00    0.00    0.00
02:39:33 AM  all   40.00    0.00    2.00    0.00    0.00   57.00    1.00    0.00    0.00    0.00
02:39:34 AM  all   40.59    0.00    1.98    0.00    0.00   55.45    1.98    0.00    0.00    0.00
02:39:35 AM  all   46.46    0.00    1.01    0.00    0.00   51.52    1.01    0.00    0.00    0.00
02:39:36 AM  all   37.00    0.00    2.00    0.00    0.00   59.00    2.00    0.00    0.00    0.00
02:39:37 AM  all   48.00    0.00    2.00    0.00    0.00   49.00    1.00    0.00    0.00    0.00
02:39:38 AM  all   44.00    0.00    1.00    0.00    0.00   54.00    1.00    0.00    0.00    0.00
02:39:39 AM  all   42.00    0.00    2.00    0.00    0.00   56.00    0.00    0.00    0.00    0.00
02:39:40 AM  all   42.00    0.00    3.00    0.00    0.00   54.00    1.00    0.00    0.00    0.00
02:39:41 AM  all   37.00    0.00    3.00    0.00    0.00   60.00    0.00    0.00    0.00    0.00
02:39:42 AM  all   36.00    0.00    2.00    0.00    0.00   58.00    4.00    0.00    0.00    0.00
02:39:43 AM  all   38.61    0.00    1.98    0.00    0.00   58.42    0.99    0.00    0.00    0.00
02:39:44 AM  all   38.38    0.00    2.02    0.00    0.00   59.60    0.00    0.00    0.00    0.00
02:39:45 AM  all   43.56    0.00    1.98    0.00    0.00   53.47    0.99    0.00    0.00    0.00
02:39:46 AM  all   43.43    0.00    1.01    0.00    0.00   55.56    0.00    0.00    0.00    0.00
02:39:47 AM  all   37.62    0.00    2.97    0.00    0.00   55.45    3.96    0.00    0.00    0.00
02:39:48 AM  all   40.40    0.00    2.02    0.00    0.00   56.57    1.01    0.00    0.00    0.00
02:39:49 AM  all   38.61    0.00    2.97    0.00    0.00   56.44    1.98    0.00    0.00    0.00
02:39:50 AM  all   40.40    0.00    3.03    0.00    0.00   54.55    2.02    0.00    0.00    0.00
02:39:51 AM  all   42.57    0.00    1.98    0.00    0.00   53.47    1.98    0.00    0.00    0.00
02:39:52 AM  all   46.46    0.00    2.02    0.00    0.00   50.51    1.01    0.00    0.00    0.00
02:39:53 AM  all   33.66    0.00    1.98    0.00    0.00   60.40    3.96    0.00    0.00    0.00
02:39:54 AM  all   37.00    0.00    2.00    0.00    0.00   60.00    1.00    0.00    0.00    0.00
02:39:55 AM  all   41.41    0.00    1.01    0.00    0.00   57.58    0.00    0.00    0.00    0.00
02:39:56 AM  all   53.00    0.00    1.00    0.00    0.00   46.00    0.00    0.00    0.00    0.00
02:39:57 AM  all   43.56    0.00    1.98    0.00    0.00   53.47    0.99    0.00    0.00    0.00
02:39:58 AM  all   49.00    0.00    1.00    0.00    0.00   49.00    1.00    0.00    0.00    0.00
02:39:59 AM  all   46.00    0.00    2.00    0.00    0.00   51.00    1.00    0.00    0.00    0.00
02:40:00 AM  all   45.00    0.00    2.00    0.00    0.00   51.00    2.00    0.00    0.00    0.00
02:40:01 AM  all   42.00    0.00    2.00    0.00    0.00   55.00    1.00    0.00    0.00    0.00
02:40:02 AM  all   48.00    0.00    2.00    0.00    0.00   49.00    1.00    0.00    0.00    0.00
02:40:03 AM  all   44.44    0.00    2.02    0.00    0.00   52.53    1.01    0.00    0.00    0.00
02:40:04 AM  all   47.52    0.00    2.97    0.00    0.00   48.51    0.99    0.00    0.00    0.00
02:40:05 AM  all   44.00    0.00    1.00    0.00    0.00   53.00    2.00    0.00    0.00    0.00
02:40:06 AM  all   42.00    0.00    2.00    0.00    0.00   54.00    2.00    0.00    0.00    0.00
02:40:07 AM  all   43.56    0.00    0.99    0.00    0.00   55.45    0.00    0.00    0.00    0.00
02:40:08 AM  all   43.43    0.00    1.01    0.00    0.00   53.54    2.02    0.00    0.00    0.00
02:40:09 AM  all   41.41    0.00    2.02    0.00    0.00   56.57    0.00    0.00    0.00    0.00
02:40:10 AM  all   41.58    0.00    1.98    0.00    0.00   55.45    0.99    0.00    0.00    0.00
02:40:11 AM  all   47.00    0.00    2.00    0.00    0.00   49.00    2.00    0.00    0.00    0.00
02:40:12 AM  all   47.00    0.00    0.00    0.00    0.00   52.00    1.00    0.00    0.00    0.00
02:40:13 AM  all   41.58    0.00    2.97    0.00    0.00   54.46    0.99    0.00    0.00    0.00
02:40:14 AM  all   43.43    0.00    1.01    0.00    0.00   54.55    1.01    0.00    0.00    0.00
02:40:15 AM  all   45.00    0.00    3.00    0.00    0.00   50.00    2.00    0.00    0.00    0.00
02:40:16 AM  all   49.00    0.00    3.00    0.00    0.00   46.00    2.00    0.00    0.00    0.00
02:40:17 AM  all   35.00    0.00    2.00    0.00    0.00   62.00    1.00    0.00    0.00    0.00
02:40:18 AM  all   40.00    0.00    0.00    0.00    0.00   58.00    2.00    0.00    0.00    0.00
02:40:19 AM  all   40.00    0.00    3.00    0.00    0.00   56.00    1.00    0.00    0.00    0.00
02:40:20 AM  all   39.60    0.00    2.97    0.00    0.00   57.43    0.00    0.00    0.00    0.00
02:40:21 AM  all   39.80    0.00    3.06    0.00    0.00   55.10    2.04    0.00    0.00    0.00
02:40:22 AM  all   41.00    0.00    1.00    0.00    0.00   57.00    1.00    0.00    0.00    0.00
02:40:23 AM  all   41.00    0.00    2.00    0.00    0.00   56.00    1.00    0.00    0.00    0.00
02:40:24 AM  all   42.57    0.00    1.98    0.00    0.00   53.47    1.98    0.00    0.00    0.00
02:40:25 AM  all   42.00    0.00    2.00    0.00    0.00   55.00    1.00    0.00    0.00    0.00
02:40:26 AM  all   42.42    0.00    2.02    0.00    0.00   54.55    1.01    0.00    0.00    0.00
02:40:27 AM  all   44.00    0.00    1.00    0.00    0.00   52.00    3.00    0.00    0.00    0.00
02:40:28 AM  all   42.57    0.00    0.99    0.00    0.00   54.46    1.98    0.00    0.00    0.00
02:40:29 AM  all   39.00    0.00    2.00    0.00    0.00   57.00    2.00    0.00    0.00    0.00
02:40:30 AM  all   43.43    0.00    1.01    0.00    0.00   54.55    1.01    0.00    0.00    0.00
02:40:31 AM  all   45.00    0.00    2.00    0.00    0.00   52.00    1.00    0.00    0.00    0.00
02:40:32 AM  all   30.39    0.00    2.94    0.00    0.00   41.18    0.98    0.00    0.00   24.51
02:40:33 AM  all    2.04    0.00    2.04    0.00    0.00    0.00    0.00    0.00    0.00   95.92
02:40:34 AM  all    2.02    0.00    2.02    2.02    0.00    0.00    0.00    0.00    0.00   93.94
02:40:35 AM  all    0.00    0.00    3.00    0.00    0.00    0.00    1.00    0.00    0.00   96.00
Average:     all   37.00    0.00    1.95    0.09    0.00   46.19    1.26    0.00    0.00   13.52
