Linux 4.4.0-31-generic (dpi-suricata) 	12/10/2017 	_i686_	(1 CPU)

01:20:26 AM kbmemfree kbmemused  %memused kbbuffers  kbcached  kbcommit   %commit  kbactive   kbinact   kbdirty
01:20:27 AM    322044   1740644     84.39     89904    771296    984572     38.09    854120    818384       156
01:20:28 AM    321844   1740844     84.40     89904    771320    984572     38.09    854180    818368       180
01:20:29 AM    321548   1741140     84.41     89904    771336    984572     38.09    854192    818364       196
01:20:30 AM    321472   1741216     84.41     89904    771360    984572     38.09    854220    818364       220
01:20:31 AM    321424   1741264     84.42     89908    771408    984572     38.09    854268    818364       328
01:20:32 AM    319968   1742720     84.49     89908    771444    984572     38.09    855852    818368       364
01:20:33 AM    317240   1745448     84.62     89908    771556    984572     38.09    858764    818364       476
01:20:34 AM    315396   1747292     84.71     89908    771556    984572     38.09    860564    818364       476
01:20:35 AM    313488   1749200     84.80     89908    771600    984572     38.09    862436    818368       520
01:20:36 AM    310684   1752004     84.94     89916    771636    984572     38.09    865572    818368       564
01:20:37 AM    308436   1754252     85.05     89916    771692    984572     38.09    867724    818364       612
01:20:38 AM    306064   1756624     85.16     89916    771748    984572     38.09    870024    818364       668
01:20:39 AM    303072   1759616     85.31     89916    771788    984572     38.09    872936    818364       708
01:20:40 AM    300888   1761800     85.41     89916    771836    984572     38.09    874976    818368       756
01:20:41 AM    299632   1763056     85.47     89916    771880    984572     38.09    876324    818368       800
01:20:42 AM    298036   1764652     85.55     89916    771920    984572     38.09    877892    818364       840
01:20:43 AM    296656   1766032     85.62     89916    771972    984572     38.09    879268    818376       892
01:20:44 AM    296020   1766668     85.65     89916    772064    984572     38.09    879696    818364       984
01:20:45 AM    294920   1767768     85.70     89916    772064    984572     38.09    881016    818360       984
01:20:46 AM    293680   1769008     85.76     89924    772100    984572     38.09    882344    818360      1028
01:20:47 AM    293176   1769512     85.79     89924    772212    984572     38.09    882940    818364      1132
01:20:48 AM    292192   1770496     85.83     89924    772204    984572     38.09    883872    818364      1124
01:20:49 AM    291696   1770992     85.86     89924    772236    984572     38.09    884036    818364      1156
01:20:50 AM    290168   1772520     85.93     89924    772272    984572     38.09    885600    818364         8
01:20:51 AM    290100   1772588     85.94     89928    772308    984572     38.09    885680    818364       108
01:20:52 AM    288720   1773968     86.00     89928    772352    984572     38.09    887208    818364       160
01:20:53 AM    287248   1775440     86.07     89928    772444    984572     38.09    888664    818360       252
01:20:54 AM    286240   1776448     86.12     89928    772436    984572     38.09    890004    818360       244
01:20:55 AM    285388   1777300     86.16     89928    772484    984572     38.09    890776    818360       292
01:20:56 AM    283760   1778928     86.24     89932    772520    984572     38.09    892344    818360       332
01:20:57 AM    282784   1779904     86.29     89932    772580    984572     38.09    893100    818364       388
01:20:58 AM    281992   1780696     86.33     89932    772616    984572     38.09    894204    818364       424
01:20:59 AM    281512   1781176     86.35     89932    772664    984572     38.09    894572    818364       472
01:21:00 AM    280412   1782276     86.41     89932    772704    984572     38.09    895608    818360       512
01:21:01 AM    278444   1784244     86.50     89936    772804    984572     38.09    897468    818364       616
01:21:02 AM    277312   1785376     86.56     89936    772816    984572     38.09    898776    818368       624
01:21:03 AM    275700   1786988     86.63     89936    772852    984572     38.09    900512    818364       660
01:21:04 AM    275312   1787376     86.65     89936    772876    984572     38.09    900768    818364       684
01:21:05 AM    273804   1788884     86.73     89936    772908    984572     38.09    902380    818364       716
01:21:06 AM    272444   1790244     86.79     89944    772928    984572     38.09    903632    818360       744
01:21:07 AM    271104   1791584     86.86     89944    772964    984572     38.09    904712    818360       772
01:21:08 AM    269128   1793560     86.95     89944    772992    984572     38.09    906768    818364       800
01:21:09 AM    267516   1795172     87.03     89944    773028    984572     38.09    908412    818364       836
01:21:10 AM    266788   1795900     87.07     89944    773060    984572     38.09    909136    818364       868
01:21:11 AM    266400   1796288     87.08     89948    773088    984572     38.09    909480    818364       900
01:21:12 AM    265416   1797272     87.13     89948    773120    984572     38.09    910664    818364       928
01:21:13 AM    263788   1798900     87.21     89948    773160    984572     38.09    912148    818360       968
01:21:14 AM    262812   1799876     87.26     89948    773196    984572     38.09    913060    818360      1004
01:21:15 AM    261648   1801040     87.32     89948    773228    984572     38.09    913904    818360         8
01:21:16 AM    261004   1801684     87.35     89952    773272    984572     38.09    914768    818368       120
01:21:17 AM    259292   1803396     87.43     89952    773312    984572     38.09    916520    818368       148
01:21:18 AM    257060   1805628     87.54     89952    773340    984572     38.09    918772    818364       176
01:21:19 AM    255604   1807084     87.61     89952    773376    984572     38.09    920332    818364       212
01:21:20 AM    254828   1807860     87.65     89952    773408    984572     38.09    920896    818360       248
01:21:21 AM    253836   1808852     87.69     89956    773428    984572     38.09    921920    818360       272
01:21:22 AM    252760   1809928     87.75     89956    773464    984572     38.09    922912    818360       304
01:21:23 AM    252140   1810548     87.78     89956    773500    984572     38.09    923460    818360       340
01:21:24 AM    250404   1812284     87.86     89956    773528    984572     38.09    925268    818364       368
01:21:25 AM    249164   1813524     87.92     89956    773560    984572     38.09    926548    818360       400
01:21:26 AM    248288   1814400     87.96     89960    773588    984572     38.09    927356    818364       432
01:21:27 AM    247816   1814872     87.99     89960    773624    984572     38.09    927952    818364       468
01:21:28 AM    246436   1816252     88.05     89960    773644    984572     38.09    929200    818356       488
01:21:29 AM    245708   1816980     88.09     89960    773684    984572     38.09    930056    818356       528
01:21:30 AM    244700   1817988     88.14     89960    773720    984572     38.09    930824    818356       564
01:21:31 AM    244008   1818680     88.17     89960    773748    984572     38.09    931552    818360       592
01:21:32 AM    243428   1819260     88.20     89960    773776    984572     38.09    932640    818360       620
01:21:33 AM    243180   1819508     88.21     89960    773808    984572     38.09    932704    818360       652
01:21:34 AM    242220   1820468     88.26     89960    773844    984572     38.09    933884    818364       688
01:21:35 AM    241692   1820996     88.28     89960    773880    984572     38.09    934336    818356       724
01:21:36 AM    240856   1821832     88.32     89968    773912    984572     38.09    934896    818360       764
01:21:37 AM    240608   1822080     88.34     89968    773944    984572     38.09    935152    818356       788
01:21:38 AM    238500   1824188     88.44     89968    773996    984572     38.09    937304    818364       840
01:21:39 AM    238252   1824436     88.45     89968    774040    984572     38.09    937372    818368       884
01:21:40 AM    237724   1824964     88.48     89968    774068    984572     38.09    938208    818360        24
01:21:41 AM    237260   1825428     88.50     89976    774084    984572     38.09    938412    818360        80
01:21:42 AM    236236   1826452     88.55     89976    774148    984572     38.09    939448    818356       160
01:21:43 AM    235112   1827576     88.60     89976    774212    984572     38.09    940460    818356       224
01:21:44 AM    234796   1827892     88.62     89976    774216    984572     38.09    940976    818356       228
01:21:45 AM    234128   1828560     88.65     89976    774284    984572     38.09    941356    818360       296
01:21:46 AM    233060   1829628     88.70     89976    774348    984572     38.09    942676    818360       360
01:21:47 AM    232144   1830544     88.75     89976    774372    984572     38.09    943296    818356       388
01:21:48 AM    231680   1831008     88.77     89976    774424    984572     38.09    944116    818360       440
01:21:49 AM    229896   1832792     88.85     89976    774524    984572     38.09    945708    818360       540
01:21:50 AM    229092   1833596     88.89     89976    774588    984572     38.09    946676    818360       604
01:21:51 AM    227960   1834728     88.95     89980    774644    984572     38.09    947808    818352       664
01:21:52 AM    226968   1835720     89.00     89980    774696    984572     38.09    948872    818356       712
01:21:53 AM    226440   1836248     89.02     89980    774744    984572     38.09    949396    818360       760
01:21:54 AM    225992   1836696     89.04     89980    774796    984572     38.09    949760    818360       812
01:21:55 AM    225448   1837240     89.07     89980    774832    984572     38.09    950332    818356       848
01:21:56 AM    224596   1838092     89.11     89988    774888    984572     38.09    951120    818356       904
01:21:57 AM    223960   1838728     89.14     89988    774908    984572     38.09    951700    818352       924
01:21:58 AM    223728   1838960     89.15     89988    774972    984572     38.09    951888    818352       988
01:21:59 AM    221604   1841084     89.26     89988    775008    984572     38.09    954196    818360      1024
01:22:00 AM    220380   1842308     89.32     89988    775060    984572     38.09    955492    818356      1076
01:22:01 AM    219340   1843348     89.37     89992    775112    984572     38.09    956568    818356      1128
01:22:02 AM    217892   1844796     89.44     89992    775164    984572     38.09    957656    818356      1180
01:22:03 AM    216744   1845944     89.49     89992    775212    984572     38.09    958980    818352      1228
01:22:04 AM    215684   1847004     89.54     89992    775260    984572     38.09    959960    818352      1276
01:22:05 AM    214040   1848648     89.62     89992    775312    984572     38.09    961624    818352      1328
01:22:06 AM    213792   1848896     89.64     89996    775368    984572     38.09    962012    818360      1388
01:22:07 AM    212476   1850212     89.70     89996    775412    984572     38.09    963384    818356      1428
01:22:08 AM    210816   1851872     89.78     89996    775460    984572     38.09    964852    818352      1476
01:22:09 AM    210708   1851980     89.78     89996    775512    984572     38.09    964940    818352      1528
01:22:10 AM    209328   1853360     89.85     89996    775568    984572     38.09    966492    818356       592
01:22:11 AM    208972   1853716     89.87     90000    775624    984572     38.09    966584    818356       652
01:22:12 AM    208212   1854476     89.91     90000    775676    984572     38.09    967516    818360       700
01:22:13 AM    207136   1855552     89.96     90000    775720    984572     38.09    969012    818360       744
01:22:14 AM    206500   1856188     89.99     90000    775772    984572     38.09    969632    818356       796
01:22:15 AM    205772   1856916     90.02     90000    775804    984572     38.09    970112    818352       172
01:22:16 AM    204236   1858452     90.10     90004    775888    984572     38.09    971424    818356       304
01:22:17 AM    203788   1858900     90.12     90004    775944    984572     38.09    971948    818348       392
01:22:18 AM    202584   1860104     90.18     90004    775996    984572     38.09    973156    818352       444
01:22:19 AM    202220   1860468     90.20     90004    776032    984572     38.09    973416    818348       480
01:22:20 AM    201300   1861388     90.24     90004    776088    984572     38.09    974524    818348       536
01:22:21 AM    199680   1863008     90.32     90004    776164    984572     38.09    976076    818356       612
01:22:22 AM    199168   1863520     90.34     90004    776208    984572     38.09    976304    818352       656
01:22:23 AM    197952   1864736     90.40     90004    776252    984572     38.09    977740    818364       700
01:22:24 AM    197720   1864968     90.41     90004    776296    984572     38.09    978448    818352       744
01:22:25 AM    196308   1866380     90.48     90004    776356    984572     38.09    979684    818352       804
01:22:26 AM    195984   1866704     90.50     90004    776396    984572     38.09    980032    818352       844
01:22:27 AM    195100   1867588     90.54     90012    776444    984572     38.09    980940    818352       892
01:22:28 AM    194496   1868192     90.57     90012    776496    984572     38.09    981548    818356       944
01:22:29 AM    192588   1870100     90.66     90012    776548    984572     38.09    983404    818356       996
01:22:30 AM    191364   1871324     90.72     90012    776588    984572     38.09    984616    818352      1036
01:22:31 AM    189612   1873076     90.81     90016    776640    984572     38.09    986108    818352      1092
01:22:32 AM    188884   1873804     90.84     90016    776684    984572     38.09    986960    818356      1132
01:22:33 AM    188496   1874192     90.86     90016    776728    984572     38.09    987024    818352      1176
01:22:34 AM    188544   1874144     90.86     90016    776760    984572     38.09    987068    818352      1208
01:22:35 AM    188372   1874316     90.87     90016    776816    984572     38.09    987120    818352      1264
01:22:36 AM    188420   1874268     90.87     90016    776844    984572     38.09    987144    818356      1292
01:22:37 AM    188372   1874316     90.87     90024    776888    984572     38.09    987200    818356      1336
01:22:38 AM    188264   1874424     90.87     90024    776920    984572     38.09    987244    818352      1368
01:22:39 AM    188264   1874424     90.87     90024    776952    984572     38.09    987280    818348      1400
01:22:40 AM    188264   1874424     90.87     90044    776996    984572     38.09    987336    818348         0
01:22:41 AM    188240   1874448     90.87     90044    777032    984572     38.09    987404    818348        84
01:22:42 AM    188140   1874548     90.88     90044    777068    984572     38.09    987444    818348       180
01:22:43 AM    188148   1874540     90.88     90044    777116    984572     38.09    987488    818348       228
01:22:44 AM    188016   1874672     90.88     90044    777156    984572     38.09    987536    818348       268
01:22:45 AM    187968   1874720     90.89     90044    777192    984572     38.09    987572    818348       304
01:22:46 AM    188288   1874400     90.87     90044    777256    984572     38.09    987512    818344       368
Average:       244155   1818533     88.16     89968    774161    984572     38.09    931667    818359       656
Linux 4.4.0-31-generic (dpi-suricata) 	12/10/2017 	_i686_	(1 CPU)

05:11:00 AM kbmemfree kbmemused  %memused kbbuffers  kbcached  kbcommit   %commit  kbactive   kbinact   kbdirty
05:11:01 AM    353832   1708856     82.85     63744    768508    984700     38.09    775552    866168       324
05:11:02 AM    353676   1709012     82.85     63744    768536    984700     38.09    775656    866156       360
05:11:03 AM    353724   1708964     82.85     63744    768548    984700     38.09    775716    866152       372
05:11:04 AM    353600   1709088     82.86     63744    768592    984700     38.09    775736    866160       416
05:11:05 AM    353452   1709236     82.86     63748    768616    984700     38.09    775748    866152       444
05:11:06 AM    352740   1709948     82.90     63748    768656    984700     38.09    777312    866152       484
05:11:07 AM    350508   1712180     83.01     63748    768700    984700     38.09    779364    866152       528
05:11:08 AM    348724   1713964     83.09     63748    768748    984700     38.09    781128    866156       576
05:11:09 AM    346332   1716356     83.21     63748    768800    984700     38.09    782968    866152       628
05:11:10 AM    344416   1718272     83.30     63752    768844    984700     38.09    785124    866156       676
05:11:11 AM    342556   1720132     83.39     63752    768892    984700     38.09    786988    866152       720
05:11:12 AM    341036   1721652     83.47     63752    768940    984700     38.09    788612    866152       768
05:11:13 AM    339052   1723636     83.56     63752    768988    984700     38.09    790576    866156       816
05:11:14 AM    337100   1725588     83.66     63752    769028    984700     38.09    792524    866152       856
05:11:15 AM    334248   1728440     83.80     63752    769068    984700     38.09    795324    866152       896
05:11:16 AM    332232   1730456     83.89     63752    769120    984700     38.09    797184    866148       952
05:11:17 AM    330020   1732668     84.00     63752    769224    984700     38.09    799472    866152      1052
05:11:18 AM    328388   1734300     84.08     63752    769248    984700     38.09    801208    866148      1076
05:11:19 AM    327676   1735012     84.11     63752    769248    984700     38.09    802088    866148      1076
05:11:20 AM    325568   1737120     84.22     63760    769288    984700     38.09    803796    866148      1124
05:11:21 AM    323460   1739228     84.32     63760    769372    984700     38.09    805952    866148      1084
05:11:22 AM    321972   1740716     84.39     63760    769432    984700     38.09    807228    866152      1148
05:11:23 AM    321180   1741508     84.43     63760    769416    984700     38.09    807980    866148      1132
05:11:24 AM    320816   1741872     84.45     63760    769444    984700     38.09    808340    866148      1160
05:11:25 AM    319724   1742964     84.50     63764    769472    984700     38.09    809576    866148      1192
05:11:26 AM    318104   1744584     84.58     63764    769544    984700     38.09    810984    866144      1248
05:11:27 AM    317088   1745600     84.63     63764    769588    984700     38.09    812112    866144      1292
05:11:28 AM    315320   1747368     84.71     63764    769640    984700     38.09    813992    866148      1344
05:11:29 AM    314020   1748668     84.78     63764    769680    984700     38.09    815308    866152      1384
05:11:30 AM    312872   1749816     84.83     63764    769724    984700     38.09    816560    866144      1428
05:11:31 AM    311912   1750776     84.88     63772    769760    984700     38.09    817472    866120        88
05:11:32 AM    311136   1751552     84.92     63772    769796    984700     38.09    818164    866120       140
05:11:33 AM    310300   1752388     84.96     63772    769832    984700     38.09    819132    866120       176
05:11:34 AM    308564   1754124     85.04     63772    769876    984700     38.09    820888    866128       220
05:11:35 AM    307804   1754884     85.08     63780    769916    984700     38.09    821704    866124       260
05:11:36 AM    306844   1755844     85.12     63780    769952    984700     38.09    822752    866124       304
05:11:37 AM    304364   1758324     85.24     63780    769992    984700     38.09    824904    866120       352
05:11:38 AM    303000   1759688     85.31     63780    770020    984700     38.09    826484    866124       380
05:11:39 AM    301628   1761060     85.38     63780    770052    984700     38.09    827728    866120       412
05:11:40 AM    300520   1762168     85.43     63784    770080    984700     38.09    828844    866124       440
05:11:41 AM    299620   1763068     85.47     63784    770116    984700     38.09    830020    866120       488
05:11:42 AM    298380   1764308     85.53     63784    770148    984700     38.09    830820    866124       520
05:11:43 AM    297636   1765052     85.57     63784    770172    984700     38.09    831796    866124       544
05:11:44 AM    296056   1766632     85.65     63784    770200    984700     38.09    833276    866124       572
05:11:45 AM    294536   1768152     85.72     63792    770232    984700     38.09    834888    866120       612
05:11:46 AM    293824   1768864     85.76     63792    770260    984700     38.09    835312    866120       636
05:11:47 AM    292800   1769888     85.80     63792    770288    984700     38.09    836396    866120       664
05:11:48 AM    291956   1770732     85.85     63792    770316    984700     38.09    837416    866120       692
05:11:49 AM    290848   1771840     85.90     63792    770348    984700     38.09    838456    866120       724
05:11:50 AM    289452   1773236     85.97     63796    770384    984700     38.09    839808    866128       764
05:11:51 AM    288368   1774320     86.02     63796    770420    984700     38.09    840944    866120       796
05:11:52 AM    287376   1775312     86.07     63796    770456    984700     38.09    841792    866120       832
05:11:53 AM    285516   1777172     86.16     63796    770492    984700     38.09    844104    866120       868
05:11:54 AM    284252   1778436     86.22     63796    770520    984700     38.09    845104    866124       896
05:11:55 AM    283284   1779404     86.27     63804    770540    984700     38.09    846188    866120       924
05:11:56 AM    282384   1780304     86.31     63804    770576    984700     38.09    847020    866120       952
05:11:57 AM    280508   1782180     86.40     63804    770616    984700     38.09    848920    866128       992
05:11:58 AM    279052   1783636     86.47     63804    770644    984700     38.09    850336    866128      1020
05:11:59 AM    278048   1784640     86.52     63804    770688    984700     38.09    851312    866120      1064
05:12:00 AM    276324   1786364     86.60     63808    770728    984700     38.09    853128    866124      1108
05:12:01 AM    275580   1787108     86.64     63808    770756    984700     38.09    853940    866120       612
05:12:02 AM    272960   1789728     86.77     63808    770792    984700     38.09    856512    866124       648
05:12:03 AM    271928   1790760     86.82     63808    770828    984700     38.09    857176    866124       684
05:12:04 AM    270812   1791876     86.87     63808    770844    984700     38.09    857948    866120       700
05:12:05 AM    270812   1791876     86.87     63808    770880    984700     38.09    858368    866124       736
05:12:06 AM    269932   1792756     86.91     63808    770908    984700     38.09    859184    866116       148
05:12:07 AM    269496   1793192     86.93     63808    770948    984700     38.09    859624    866116       204
05:12:08 AM    268188   1794500     87.00     63808    770980    984700     38.09    860848    866120       236
05:12:09 AM    267100   1795588     87.05     63808    771016    984700     38.09    861972    866120       272
05:12:10 AM    266736   1795952     87.07     63812    771048    984700     38.09    862420    866120       308
05:12:11 AM    265496   1797192     87.13     63812    771080    984700     38.09    863612    866116       336
05:12:12 AM    265296   1797392     87.14     63812    771112    984700     38.09    863576    866120       376
05:12:13 AM    264684   1798004     87.17     63812    771160    984700     38.09    864480    866120       424
05:12:14 AM    263784   1798904     87.21     63812    771192    984700     38.09    865136    866116       456
05:12:15 AM    263568   1799120     87.22     63816    771216    984700     38.09    865440    866116       484
05:12:16 AM    263412   1799276     87.23     63816    771256    984700     38.09    865808    866116       532
05:12:17 AM    262576   1800112     87.27     63816    771312    984700     38.09    866624    866120       588
05:12:18 AM    262080   1800608     87.29     63816    771360    984700     38.09    867148    866116       636
05:12:19 AM    261532   1801156     87.32     63816    771424    984700     38.09    867732    866116       700
05:12:20 AM    260964   1801724     87.35     63820    771476    984700     38.09    868116    866128       756
05:12:21 AM    259980   1802708     87.40     63820    771528    984700     38.09    869040    866116       808
05:12:22 AM    259568   1803120     87.42     63820    771576    984700     38.09    869936    866116       856
05:12:23 AM    258080   1804608     87.49     63820    771628    984700     38.09    871264    866116       908
05:12:24 AM    256844   1805844     87.55     63820    771668    984700     38.09    872420    866116       948
05:12:25 AM    255884   1806804     87.59     63824    771736    984700     38.09    873492    866120      1020
05:12:26 AM    253776   1808912     87.70     63824    771820    984700     38.09    875532    866120      1100
05:12:27 AM    253372   1809316     87.72     63824    771868    984700     38.09    875800    866116      1148
05:12:28 AM    251780   1810908     87.79     63824    771960    984700     38.09    877580    866116      1240
05:12:29 AM    250756   1811932     87.84     63824    771992    984700     38.09    878672    866116      1272
05:12:30 AM    249796   1812892     87.89     63828    772064    984700     38.09    879572    866124      1348
05:12:31 AM    248772   1813916     87.94     63828    772108    984700     38.09    880600    866112        56
05:12:32 AM    247192   1815496     88.02     63828    772164    984700     38.09    881788    866112       132
05:12:33 AM    245548   1817140     88.10     63828    772216    984700     38.09    883632    866112       188
05:12:34 AM    243696   1818992     88.19     63828    772276    984700     38.09    885464    866116       248
05:12:35 AM    241952   1820736     88.27     63828    772328    984700     38.09    887272    866116       300
05:12:36 AM    240960   1821728     88.32     63828    772372    984700     38.09    888240    866108       408
05:12:37 AM    239688   1823000     88.38     63828    772420    984700     38.09    889432    866108       456
05:12:38 AM    238976   1823712     88.41     63828    772456    984700     38.09    890124    866108       492
05:12:39 AM    237860   1824828     88.47     63828    772500    984700     38.09    891256    866108       536
05:12:40 AM    236900   1825788     88.51     63832    772552    984700     38.09    892184    866104       592
05:12:41 AM    236280   1826408     88.55     63832    772604    984700     38.09    892616    866100       644
05:12:42 AM    235288   1827400     88.59     63832    772668    984700     38.09    893956    866104       708
05:12:43 AM    233768   1828920     88.67     63832    772700    984700     38.09    895416    866100       740
05:12:44 AM    232404   1830284     88.73     63832    772760    984700     38.09    896836    866100       800
05:12:45 AM    232156   1830532     88.74     63836    772800    984700     38.09    897004    866100       844
05:12:46 AM    230948   1831740     88.80     63836    772840    984700     38.09    898104    866096       880
05:12:47 AM    229460   1833228     88.88     63836    772888    984700     38.09    899616    866096       928
05:12:48 AM    228468   1834220     88.92     63836    772948    984700     38.09    900520    866100       988
05:12:49 AM    227460   1835228     88.97     63836    773004    984700     38.09    901488    866104      1044
05:12:50 AM    225988   1836700     89.04     63844    773044    984700     38.09    903268    866104      1092
05:12:51 AM    225576   1837112     89.06     63844    773088    984700     38.09    903600    866100      1128
05:12:52 AM    224996   1837692     89.09     63844    773144    984700     38.09    904292    866100      1184
05:12:53 AM    223476   1839212     89.17     63844    773184    984700     38.09    905648    866112      1224
05:12:54 AM    222888   1839800     89.19     63844    773228    984700     38.09    906400    866100      1268
05:12:55 AM    221244   1841444     89.27     63848    773292    984700     38.09    907664    866100      1336
05:12:56 AM    220160   1842528     89.33     63848    773352    984700     38.09    908748    866096        28
05:12:57 AM    219616   1843072     89.35     63848    773396    984700     38.09    909424    866096        96
05:12:58 AM    218888   1843800     89.39     63848    773436    984700     38.09    910212    866104       136
05:12:59 AM    217400   1845288     89.46     63848    773492    984700     38.09    911680    866096       192
05:13:00 AM    216440   1846248     89.51     63856    773512    984700     38.09    912656    866100       220
05:13:01 AM    216192   1846496     89.52     63856    773564    984700     38.09    912732    866096       324
05:13:02 AM    215044   1847644     89.57     63856    773624    984700     38.09    914000    866092       388
05:13:03 AM    214828   1847860     89.59     63856    773672    984700     38.09    914252    866096       436
05:13:04 AM    213556   1849132     89.65     63856    773716    984700     38.09    915520    866096       480
05:13:05 AM    211480   1851208     89.75     63856    773760    984700     38.09    917356    866096       524
05:13:06 AM    209736   1852952     89.83     63856    773824    984700     38.09    919168    866092       588
05:13:07 AM    209736   1852952     89.83     63856    773840    984700     38.09    919192    866092       604
05:13:08 AM    209588   1853100     89.84     63856    773884    984700     38.09    919236    866092       648
05:13:09 AM    209620   1853068     89.84     63856    773940    984700     38.09    919304    866092       704
05:13:10 AM    209580   1853108     89.84     63864    773968    984700     38.09    919344    866092       740
05:13:11 AM    209464   1853224     89.85     63864    774016    984700     38.09    919388    866096       780
05:13:12 AM    209456   1853232     89.85     63864    774052    984700     38.09    919424    866092       816
05:13:13 AM    209332   1853356     89.85     63864    774112    984700     38.09    919488    866092       876
05:13:14 AM    209292   1853396     89.85     63864    774144    984700     38.09    919520    866092       908
05:13:15 AM    209372   1853316     89.85     63868    774188    984700     38.09    919528    866104       956
05:13:16 AM    209372   1853316     89.85     63868    774228    984700     38.09    919580    866088       992
05:13:17 AM    209216   1853472     89.86     63868    774260    984700     38.09    919612    866088      1024
05:13:18 AM    209248   1853440     89.86     63868    774308    984700     38.09    919660    866088      1072
05:13:19 AM    209256   1853432     89.86     63868    774336    984700     38.09    919596    866092      1100
05:13:20 AM    209756   1852932     89.83     63872    774364    984700     38.09    919272    866088      1132
Average:       270815   1791873     86.87     63808    771317    984700     38.09    858418    866120       710
