Linux 4.4.0-31-generic (dpi-suricata) 	12/10/2017 	_i686_	(1 CPU)

12:57:46 AM kbmemfree kbmemused  %memused kbbuffers  kbcached  kbcommit   %commit  kbactive   kbinact   kbdirty
12:57:47 AM    327196   1735492     84.14     90276    767364    984984     38.10    822568    844624       964
12:57:48 AM    327252   1735436     84.13     90276    767384    984984     38.10    822520    844608       984
12:57:49 AM    327204   1735484     84.14     90276    767404    984984     38.10    822544    844604      1004
12:57:50 AM    327128   1735560     84.14     90276    767444    984984     38.10    822584    844608      1044
12:57:51 AM    327080   1735608     84.14     90276    767476    984984     38.10    822620    844604      1116
12:57:52 AM    326352   1736336     84.18     90276    767512    984984     38.10    824028    844600       416
12:57:53 AM    324508   1738180     84.27     90276    767564    984984     38.10    825752    844604       468
12:57:54 AM    323152   1739536     84.33     90276    767608    984984     38.10    826944    844600       512
12:57:55 AM    321120   1741568     84.43     90276    767652    984984     38.10    829064    844604       556
12:57:56 AM    318888   1743800     84.54     90280    767700    984984     38.10    831388    844600       612
12:57:57 AM    316780   1745908     84.64     90284    767744    984984     38.10    833460    844596       612
12:57:58 AM    314424   1748264     84.76     90284    767796    984984     38.10    835492    844596       664
12:57:59 AM    312348   1750340     84.86     90284    767852    984984     38.10    837576    844596       724
12:58:00 AM    310580   1752108     84.94     90284    767896    984984     38.10    839112    844600       768
12:58:01 AM    308380   1754308     85.05     90284    767936    984984     38.10    841344    844596       820
12:58:02 AM    307016   1755672     85.12     90284    767996    984984     38.10    842900    844600       756
12:58:03 AM    305732   1756956     85.18     90284    768048    984984     38.10    844016    844600       808
12:58:04 AM    305032   1757656     85.21     90284    768084    984984     38.10    844568    844596       844
12:58:05 AM    304164   1758524     85.25     90292    768112    984984     38.10    845660    844596       880
12:58:07 AM    303048   1759640     85.31     90292    768160    984984     38.10    846524    844592       920
12:58:08 AM    301676   1761012     85.37     90296    768256    984984     38.10    848220    844624       892
12:58:09 AM    301116   1761572     85.40     90296    768276    984984     38.10    848648    844624       912
12:58:10 AM    299700   1762988     85.47     90296    768332    984984     38.10    850172    844624       968
12:58:11 AM    298320   1764368     85.54     90296    768372    984984     38.10    851684    844624      1008
12:58:12 AM    297080   1765608     85.60     90300    768416    984984     38.10    852968    844624      1080
12:58:13 AM    296476   1766212     85.63     90300    768452    984984     38.10    853588    844624      1092
12:58:14 AM    295220   1767468     85.69     90300    768496    984984     38.10    854736    844624      1136
12:58:15 AM    293896   1768792     85.75     90300    768548    984984     38.10    855524    844620      1188
12:58:16 AM    292376   1770312     85.83     90308    768580    984984     38.10    857304    844620      1228
12:58:17 AM    291044   1771644     85.89     90308    768620    984984     38.10    858752    844620      1260
12:58:18 AM    290052   1772636     85.94     90308    768660    984984     38.10    859776    844624       820
12:58:19 AM    288656   1774032     86.01     90308    768708    984984     38.10    861068    844620       908
12:58:20 AM    286952   1775736     86.09     90308    768752    984984     38.10    862880    844624       952
12:58:21 AM    285588   1777100     86.15     90312    768792    984984     38.10    864288    844628       996
12:58:22 AM    284224   1778464     86.22     90312    768844    984984     38.10    865648    844616      1048
12:58:23 AM    281612   1781076     86.35     90312    768884    984984     38.10    868000    844620      1084
12:58:24 AM    280700   1781988     86.39     90312    768920    984984     38.10    869044    844616      1124
12:58:25 AM    279480   1783208     86.45     90312    768948    984984     38.10    870412    844620      1152
12:58:26 AM    278148   1784540     86.52     90316    768972    984984     38.10    871596    844616      1180
12:58:27 AM    276752   1785936     86.58     90316    769000    984984     38.10    873140    844616      1204
12:58:28 AM    275016   1787672     86.67     90316    769032    984984     38.10    874748    844620       276
12:58:29 AM    273528   1789160     86.74     90316    769076    984984     38.10    876664    844624       320
12:58:30 AM    272568   1790120     86.79     90316    769116    984984     38.10    877620    844616       360
12:58:31 AM    271900   1790788     86.82     90320    769136    984984     38.10    878264    844616       384
12:58:32 AM    271204   1791484     86.85     90320    769168    984984     38.10    878756    844616       416
12:58:33 AM    269220   1793468     86.95     90320    769200    984984     38.10    880456    844620       408
12:58:34 AM    268576   1794112     86.98     90320    769232    984984     38.10    880868    844620       440
12:58:35 AM    268328   1794360     86.99     90320    769260    984984     38.10    881136    844616       468
12:58:36 AM    267220   1795468     87.05     90328    769288    984984     38.10    882452    844620       508
12:58:37 AM    265872   1796816     87.11     90328    769336    984984     38.10    883912    844620       556
12:58:38 AM    265004   1797684     87.15     90328    769372    984984     38.10    884788    844620       592
12:58:39 AM    262976   1799712     87.25     90328    769396    984984     38.10    886720    844620       616
12:58:40 AM    262492   1800196     87.27     90328    769424    984984     38.10    887464    844620       644
12:58:41 AM    261748   1800940     87.31     90332    769472    984984     38.10    888080    844628       696
12:58:42 AM    261364   1801324     87.33     90336    769504    984984     38.10    888460    844624       728
12:58:43 AM    260168   1802520     87.39     90336    769544    984984     38.10    889788    844620       720
12:58:44 AM    258928   1803760     87.45     90336    769580    984984     38.10    890772    844620       756
12:58:45 AM    258432   1804256     87.47     90336    769608    984984     38.10    891256    844624       784
12:58:46 AM    257656   1805032     87.51     90336    769632    984984     38.10    892292    844620       808
12:58:47 AM    256448   1806240     87.57     90340    769668    984984     38.10    893552    844624       852
12:58:48 AM    255168   1807520     87.63     90340    769696    984984     38.10    894496    844624       880
12:58:49 AM    254440   1808248     87.66     90340    769724    984984     38.10    895424    844620       908
12:58:50 AM    253704   1808984     87.70     90340    769760    984984     38.10    896256    844628       944
12:58:51 AM    252340   1810348     87.77     90340    769796    984984     38.10    897584    844624       980
12:58:52 AM    251224   1811464     87.82     90340    769828    984984     38.10    898460    844620      1016
12:58:53 AM    250356   1812332     87.86     90340    769868    984984     38.10    899324    844620       472
12:58:54 AM    249920   1812768     87.88     90340    769908    984984     38.10    900096    844628       552
12:58:55 AM    248744   1813944     87.94     90340    769956    984984     38.10    901044    844624       600
12:58:56 AM    247504   1815184     88.00     90348    769988    984984     38.10    902224    844620       640
12:58:57 AM    246884   1815804     88.03     90348    770036    984984     38.10    902856    844616       696
12:58:58 AM    245504   1817184     88.10     90348    770076    984984     38.10    904292    844624       184
12:58:59 AM    244496   1818192     88.15     90348    770112    984984     38.10    905204    844624       224
12:59:00 AM    243288   1819400     88.21     90348    770196    984984     38.10    906300    844624       308
12:59:01 AM    242512   1820176     88.24     90348    770184    984984     38.10    907296    844620       296
12:59:02 AM    240820   1821868     88.32     90348    770224    984984     38.10    908648    844624       340
12:59:03 AM    238964   1823724     88.41     90348    770260    984984     38.10    910424    844620       376
12:59:04 AM    238552   1824136     88.43     90348    770352    984984     38.10    911128    844616       468
12:59:05 AM    237956   1824732     88.46     90348    770360    984984     38.10    911872    844620       476
12:59:06 AM    236684   1826004     88.53     90348    770408    984984     38.10    913048    844624       524
12:59:07 AM    235600   1827088     88.58     90348    770524    984984     38.10    914184    844620       640
12:59:08 AM    233616   1829072     88.67     90348    770584    984984     38.10    916020    844624       660
12:59:09 AM    232840   1829848     88.71     90348    770588    984984     38.10    916764    844628       664
12:59:10 AM    231756   1830932     88.76     90348    770676    984984     38.10    917960    844620       752
12:59:11 AM    230728   1831960     88.81     90352    770744    984984     38.10    918932    844624       824
12:59:12 AM    230144   1832544     88.84     90352    770760    984984     38.10    919588    844620       848
12:59:13 AM    228608   1834080     88.92     90352    770864    984984     38.10    921160    844620       952
12:59:14 AM    227408   1835280     88.98     90352    770876    984984     38.10    922168    844620       964
12:59:15 AM    226664   1836024     89.01     90352    770968    984984     38.10    923132    844620      1056
12:59:16 AM    225912   1836776     89.05     90352    770980    984984     38.10    924036    844620      1068
12:59:17 AM    224976   1837712     89.09     90356    771012    984984     38.10    924520    844620      1104
12:59:18 AM    224384   1838304     89.12     90356    771064    984984     38.10    925300    844624      1112
12:59:19 AM    223656   1839032     89.16     90356    771116    984984     38.10    926252    844616      1164
12:59:20 AM    222944   1839744     89.19     90356    771160    984984     38.10    926988    844624      1208
12:59:21 AM    222680   1840008     89.20     90356    771216    984984     38.10    927264    844620      1264
12:59:22 AM    222076   1840612     89.23     90360    771264    984984     38.10    927832    844620      1324
12:59:23 AM    221292   1841396     89.27     90360    771320    984984     38.10    928524    844620      1380
12:59:24 AM    220240   1842448     89.32     90360    771360    984984     38.10    929904    844620      1420
12:59:25 AM    219496   1843192     89.36     90360    771476    984984     38.10    930648    844620      1536
12:59:26 AM    218628   1844060     89.40     90360    771524    984984     38.10    931324    844624      1584
12:59:27 AM    217356   1845332     89.46     90360    771524    984984     38.10    932524    844616      1588
12:59:28 AM    215620   1847068     89.55     90360    771568    984984     38.10    934132    844628       120
12:59:29 AM    215528   1847160     89.55     90360    771628    984984     38.10    934180    844620       156
12:59:30 AM    213916   1848772     89.63     90360    771668    984984     38.10    935644    844620       196
12:59:31 AM    213892   1848796     89.63     90360    771716    984984     38.10    935680    844620       244
12:59:32 AM    213784   1848904     89.64     90364    771816    984984     38.10    935864    844624       364
12:59:33 AM    213008   1849680     89.67     90364    771828    984984     38.10    936784    844624       372
12:59:34 AM    212052   1850636     89.72     90364    771864    984984     38.10    937720    844624       412
12:59:35 AM    211028   1851660     89.77     90364    771988    984984     38.10    938744    844616       536
12:59:36 AM    208052   1854636     89.91     90364    771996    984984     38.10    941620    844616       544
12:59:37 AM    206844   1855844     89.97     90364    772040    984984     38.10    942956    844616       588
12:59:38 AM    206160   1856528     90.01     90364    772128    984984     38.10    943568    844612       676
12:59:39 AM    204984   1857704     90.06     90364    772128    984984     38.10    944772    844612       676
12:59:40 AM    203992   1858696     90.11     90364    772168    984984     38.10    945856    844612       716
12:59:41 AM    201848   1860840     90.21     90364    772276    984984     38.10    947756    844616       824
12:59:42 AM    201512   1861176     90.23     90372    772332    984984     38.10    948068    844616       880
12:59:43 AM    200364   1862324     90.29     90372    772352    984984     38.10    949536    844616       860
12:59:44 AM    198908   1863780     90.36     90372    772400    984984     38.10    950600    844624       908
12:59:45 AM    197784   1864904     90.41     90372    772512    984984     38.10    951624    844624      1020
12:59:46 AM    196900   1865788     90.45     90372    772532    984984     38.10    952792    844620      1040
12:59:47 AM    196536   1866152     90.47     90376    772616    984984     38.10    953284    844616      1132
12:59:48 AM    195296   1867392     90.53     90376    772692    984984     38.10    954148    844620      1208
12:59:49 AM    194272   1868416     90.58     90376    772688    984984     38.10    955364    844616      1204
12:59:50 AM    193164   1869524     90.64     90376    772796    984984     38.10    956348    844616      1316
12:59:51 AM    192700   1869988     90.66     90376    772796    984984     38.10    956704    844612      1316
12:59:52 AM    191312   1871376     90.73     90384    772832    984984     38.10    958332    844612      1352
12:59:53 AM    190104   1872584     90.78     90384    772880    984984     38.10    959272    844616      1356
12:59:54 AM    189980   1872708     90.79     90384    772904    984984     38.10    959304    844612      1380
12:59:55 AM    190104   1872584     90.78     90384    773008    984984     38.10    959380    844612      1484
12:59:56 AM    189900   1872788     90.79     90384    773008    984984     38.10    959464    844612      1484
12:59:57 AM    189980   1872708     90.79     90384    773040    984984     38.10    959468    844616      1528
12:59:58 AM    190048   1872640     90.79     90384    773064    984984     38.10    959500    844612      1552
12:59:59 AM    189856   1872832     90.80     90384    773096    984984     38.10    959524    844616      1584
01:00:00 AM    189904   1872784     90.79     90384    773124    984984     38.10    959548    844612      1612
01:00:01 AM    189848   1872840     90.80     90384    773156    984984     38.10    959576    844612      1644
01:00:02 AM    189796   1872892     90.80     90384    773196    984984     38.10    959636    844612      1684
01:00:03 AM    189716   1872972     90.80     90384    773244    984984     38.10    959704    844612        36
01:00:04 AM    189452   1873236     90.82     90384    773332    984984     38.10    959724    844612       168
01:00:05 AM    189468   1873220     90.81     90384    773372    984984     38.10    959792    844616       208
01:00:06 AM    189448   1873240     90.82     90384    773384    984984     38.10    959732    844616       220
01:00:07 AM    189600   1873088     90.81     90384    773408    984984     38.10    959760    844612       296
Average:       248656   1814032     87.95     90337    770282    984984     38.10    901090    844617       835
Linux 4.4.0-31-generic (dpi-suricata) 	12/10/2017 	_i686_	(1 CPU)

04:48:20 AM kbmemfree kbmemused  %memused kbbuffers  kbcached  kbcommit   %commit  kbactive   kbinact   kbdirty
04:48:21 AM    318060   1744628     84.58     70876    797036    985112     38.11    798948    878372       504
04:48:22 AM    317984   1744704     84.58     70876    797064    985112     38.11    799008    878364       536
04:48:23 AM    317812   1744876     84.59     70876    797088    985112     38.11    799048    878364       520
04:48:24 AM    317704   1744984     84.60     70876    797120    985112     38.11    799064    878368       552
04:48:25 AM    317720   1744968     84.60     70884    797148    985112     38.11    799104    878368       588
04:48:26 AM    316604   1746084     84.65     70884    797200    985112     38.11    800516    878364       644
04:48:27 AM    314000   1748688     84.78     70884    797240    985112     38.11    803176    878360       688
04:48:28 AM    312016   1750672     84.87     70884    797308    985112     38.11    805104    878360       756
04:48:29 AM    309876   1752812     84.98     70884    797340    985112     38.11    807260    878360       788
04:48:30 AM    308388   1754300     85.05     70888    797368    985112     38.11    808740    878360       820
04:48:31 AM    306652   1756036     85.13     70888    797424    985112     38.11    810480    878360       872
04:48:32 AM    304808   1757880     85.22     70888    797480    985112     38.11    812504    878364       928
04:48:33 AM    302684   1760004     85.33     70888    797524    985112     38.11    814300    878360       972
04:48:34 AM    301368   1761320     85.39     70888    797576    985112     38.11    815696    878364      1024
04:48:35 AM    298996   1763692     85.50     70896    797616    985112     38.11    818016    878360      1072
04:48:36 AM    296872   1765816     85.61     70896    797668    985112     38.11    820044    878360      1116
04:48:37 AM    295020   1767668     85.70     70896    797708    985112     38.11    821984    878364      1156
04:48:38 AM    294400   1768288     85.73     70896    797752    985112     38.11    822328    878364      1192
04:48:39 AM    293376   1769312     85.78     70896    797804    985112     38.11    823940    878364      1244
04:48:40 AM    292044   1770644     85.84     70900    797852    985112     38.11    825160    878360      1296
04:48:41 AM    290516   1772172     85.92     70900    797892    985112     38.11    826632    878364      1332
04:48:42 AM    289656   1773032     85.96     70900    797928    985112     38.11    827356    878360      1368
04:48:43 AM    288200   1774488     86.03     70900    797976    985112     38.11    828816    878360       496
04:48:44 AM    287208   1775480     86.08     70900    798016    985112     38.11    829780    878360       540
04:48:45 AM    285184   1777504     86.17     70904    798056    985112     38.11    831824    878360       584
04:48:46 AM    283852   1778836     86.24     70904    798108    985112     38.11    833100    878360       648
04:48:47 AM    282140   1780548     86.32     70904    798152    985112     38.11    834976    878364       692
04:48:48 AM    281596   1781092     86.35     70904    798200    985112     38.11    835184    878356       716
04:48:49 AM    280124   1782564     86.42     70904    798240    985112     38.11    837020    878360       756
04:48:50 AM    279488   1783200     86.45     70904    798296    985112     38.11    837416    878364       812
04:48:51 AM    278544   1784144     86.50     70904    798336    985112     38.11    838448    878360       852
04:48:52 AM    277288   1785400     86.56     70904    798364    985112     38.11    839584    878352       880
04:48:53 AM    275672   1787016     86.64     70924    798412    985112     38.11    841268    878352       308
04:48:54 AM    273764   1788924     86.73     70924    798452    985112     38.11    843160    878352       392
04:48:55 AM    272364   1790324     86.80     70928    798488    985112     38.11    844772    878356       432
04:48:56 AM    271672   1791016     86.83     70928    798552    985112     38.11    845104    878360       536
04:48:57 AM    271324   1791364     86.85     70928    798584    985112     38.11    845756    878352       568
04:48:58 AM    270168   1792520     86.90     70928    798616    985112     38.11    846828    878356       564
04:48:59 AM    269680   1793008     86.93     70928    798652    985112     38.11    847472    878352       600
04:49:00 AM    267356   1795332     87.04     70932    798688    985112     38.11    849828    878360       640
04:49:02 AM    266704   1795984     87.07     70932    798720    985112     38.11    850288    878348       680
04:49:03 AM    264752   1797936     87.16     70932    798744    985112     38.11    852064    878348       704
04:49:04 AM    264132   1798556     87.19     70932    798784    985112     38.11    852592    878352       748
04:49:05 AM    262116   1800572     87.29     70932    798820    985112     38.11    854500    878348       784
04:49:06 AM    261652   1801036     87.31     70936    798848    985112     38.11    855004    878348       816
04:49:07 AM    260668   1802020     87.36     70936    798888    985112     38.11    856180    878348       856
04:49:08 AM    259288   1803400     87.43     70936    798912    985112     38.11    857704    878348       880
04:49:09 AM    258064   1804624     87.49     70936    798940    985112     38.11    858812    878348       908
04:49:10 AM    257428   1805260     87.52     70936    798964    985112     38.11    859284    878352       932
04:49:11 AM    256048   1806640     87.59     70940    798988    985112     38.11    860908    878352       960
04:49:12 AM    254700   1807988     87.65     70940    799036    985112     38.11    862324    878348      1004
04:49:13 AM    253088   1809600     87.73     70940    799072    985112     38.11    863968    878344      1040
04:49:14 AM    251956   1810732     87.79     70940    799104    985112     38.11    865060    878344      1072
04:49:15 AM    251428   1811260     87.81     70940    799128    985112     38.11    865804    878344      1096
04:49:16 AM    251320   1811368     87.82     70948    799144    985112     38.11    865772    878344      1120
04:49:17 AM    250880   1811808     87.84     70948    799172    985112     38.11    866392    878344      1140
04:49:18 AM    249716   1812972     87.89     70948    799212    985112     38.11    867508    878348      1180
04:49:19 AM    247452   1815236     88.00     70948    799240    985112     38.11    869360    878344       516
04:49:20 AM    246988   1815700     88.03     70948    799280    985112     38.11    870004    878344       556
04:49:21 AM    246368   1816320     88.06     70952    799308    985112     38.11    870504    878352       588
04:49:22 AM    244756   1817932     88.13     70952    799336    985112     38.11    872196    878340       616
04:49:23 AM    243516   1819172     88.19     70952    799376    985112     38.11    873544    878340       656
04:49:24 AM    242276   1820412     88.25     70952    799408    985112     38.11    874608    878344       688
04:49:25 AM    240912   1821776     88.32     70952    799428    985112     38.11    875864    878340       708
04:49:26 AM    239672   1823016     88.38     70956    799460    985112     38.11    877244    878340       744
04:49:27 AM    239316   1823372     88.40     70956    799504    985112     38.11    877456    878340       784
04:49:28 AM    239084   1823604     88.41     70956    799552    985112     38.11    877496    878336       832
04:49:29 AM    238464   1824224     88.44     70960    799592    985112     38.11    878200    878340       216
04:49:30 AM    237612   1825076     88.48     70960    799640    985112     38.11    879172    878336       308
04:49:31 AM    236852   1825836     88.52     70968    799660    985112     38.11    879884    878336       336
04:49:32 AM    235912   1826776     88.56     70968    799700    985112     38.11    880796    878340       416
04:49:33 AM    235200   1827488     88.60     70968    799728    985112     38.11    881644    878336       444
04:49:34 AM    234364   1828324     88.64     70968    799768    985112     38.11    882532    878340       444
04:49:35 AM    232876   1829812     88.71     70968    799796    985112     38.11    883932    878340       472
04:49:36 AM    232644   1830044     88.72     70976    799840    985112     38.11    884016    878340       524
04:49:37 AM    232628   1830060     88.72     70976    799880    985112     38.11    884072    878340       572
04:49:38 AM    231140   1831548     88.79     70976    799924    985112     38.11    885700    878344       616
04:49:39 AM    230332   1832356     88.83     70976    799984    985112     38.11    886524    878344       676
04:49:40 AM    229736   1832952     88.86     70976    800100    985112     38.11    887104    878340       792
04:49:41 AM    228412   1834276     88.93     70980    800116    985112     38.11    888496    878340       816
04:49:42 AM    227636   1835052     88.96     70980    800160    985112     38.11    889072    878332       856
04:49:43 AM    226016   1836672     89.04     70980    800208    985112     38.11    890448    878332       904
04:49:44 AM    225164   1837524     89.08     70980    800312    985112     38.11    891572    878336      1008
04:49:45 AM    223800   1838888     89.15     70980    800368    985112     38.11    893404    878332      1064
04:49:46 AM    222064   1840624     89.23     70988    800424    985112     38.11    894716    878336      1128
04:49:47 AM    221568   1841120     89.26     70988    800432    985112     38.11    895636    878332      1132
04:49:48 AM    220328   1842360     89.32     70988    800532    985112     38.11    896760    878340      1232
04:49:49 AM    218716   1843972     89.40     70988    800532    985112     38.11    898388    878340      1232
04:49:50 AM    217848   1844840     89.44     70988    800616    985112     38.11    898860    878336      1316
04:49:51 AM    216732   1845956     89.49     70992    800644    985112     38.11    900128    878340      1348
04:49:52 AM    214036   1848652     89.62     70992    800692    985112     38.11    902888    878336      1392
04:49:53 AM    213012   1849676     89.67     70992    800780    985112     38.11    903800    878340      1480
04:49:54 AM    212052   1850636     89.72     70992    800776    985112     38.11    905000    878336       512
04:49:55 AM    210688   1852000     89.79     70992    800868    985112     38.11    906228    878332       608
04:49:56 AM    209696   1852992     89.83     70996    800880    985112     38.11    907156    878332       624
04:49:57 AM    209572   1853116     89.84     70996    800980    985112     38.11    907544    878332       724
04:49:58 AM    207804   1854884     89.93     70996    801032    985112     38.11    909064    878332       776
04:49:59 AM    205728   1856960     90.03     70996    801036    985112     38.11    911032    878336       780
04:50:00 AM    205332   1857356     90.05     70996    801072    985112     38.11    911532    878332       816
04:50:01 AM    204688   1858000     90.08     71004    801160    985112     38.11    912204    878332       912
04:50:02 AM    203100   1859588     90.15     71004    801228    985112     38.11    913688    878332       972
04:50:03 AM    202868   1859820     90.16     71004    801300    985112     38.11    914196    878336      1044
04:50:04 AM    202092   1860596     90.20     71004    801320    985112     38.11    914672    878332       412
04:50:05 AM    199396   1863292     90.33     71004    801416    985112     38.11    917696    878332       552
04:50:06 AM    198124   1864564     90.39     71012    801472    985112     38.11    918852    878332       616
04:50:07 AM    196884   1865804     90.45     71012    801480    985112     38.11    920092    878332       664
04:50:08 AM    195924   1866764     90.50     71012    801564    985112     38.11    920928    878332       748
04:50:09 AM    195272   1867416     90.53     71012    801580    985112     38.11    921596    878332       764
04:50:10 AM    194560   1868128     90.57     71012    801676    985112     38.11    922300    878332       860
04:50:11 AM    193948   1868740     90.60     71016    801688    985112     38.11    922740    878336       876
04:50:12 AM    193172   1869516     90.63     71016    801760    985112     38.11    923704    878328       948
04:50:13 AM    191560   1871128     90.71     71016    801784    985112     38.11    925300    878328       972
04:50:14 AM    190724   1871964     90.75     71016    801832    985112     38.11    925964    878336       980
04:50:15 AM    189912   1872776     90.79     71016    801928    985112     38.11    926760    878328      1076
04:50:16 AM    188740   1873948     90.85     71016    801932    985112     38.11    928044    878328      1080
04:50:17 AM    187500   1875188     90.91     71016    802024    985112     38.11    929208    878324      1184
04:50:18 AM    186544   1876144     90.96     71016    802076    985112     38.11    930248    878320      1236
04:50:19 AM    185452   1877236     91.01     71016    802148    985112     38.11    931316    878332      1308
04:50:20 AM    184028   1878660     91.08     71016    802200    985112     38.11    932896    878324      1360
04:50:21 AM    181548   1881140     91.20     71024    802252    985112     38.11    935332    878324      1368
04:50:22 AM    180060   1882628     91.27     71024    802256    985112     38.11    936756    878320      1416
04:50:23 AM    179036   1883652     91.32     71024    802284    985112     38.11    937820    878320      1444
04:50:24 AM    177300   1885388     91.40     71024    802312    985112     38.11    939420    878320      1472
04:50:25 AM    176580   1886108     91.44     71024    802360    985112     38.11    940088    878324      1520
04:50:26 AM    174076   1888612     91.56     71028    802448    985112     38.11    942868    878324      1560
04:50:27 AM    173332   1889356     91.60     71028    802452    985112     38.11    943320    878324      1612
04:50:28 AM    173332   1889356     91.60     71028    802484    985112     38.11    943360    878324      1644
04:50:29 AM    173332   1889356     91.60     71028    802508    985112     38.11    943384    878328       508
04:50:30 AM    173208   1889480     91.60     71028    802544    985112     38.11    943420    878328       548
04:50:31 AM    173240   1889448     91.60     71036    802624    985112     38.11    943488    878324       636
04:50:32 AM    173084   1889604     91.61     71036    802632    985112     38.11    943520    878328       640
04:50:33 AM    173116   1889572     91.61     71036    802676    985112     38.11    943568    878324       684
04:50:34 AM    173084   1889604     91.61     71036    802712    985112     38.11    943612    878324       720
04:50:35 AM    173116   1889572     91.61     71036    802748    985112     38.11    943640    878328       756
04:50:36 AM    172984   1889704     91.61     71044    802772    985112     38.11    943788    878332       788
04:50:37 AM    172828   1889860     91.62     71044    802812    985112     38.11    943812    878328       820
04:50:38 AM    172828   1889860     91.62     71044    802848    985112     38.11    943844    878324       856
04:50:39 AM    172704   1889984     91.63     71048    802880    985112     38.11    943924    878320       292
04:50:40 AM    172696   1889992     91.63     71048    802920    985112     38.11    943924    878324       324
04:50:41 AM    172744   1889944     91.63     71052    802936    985112     38.11    943768    878324       344
Average:       237208   1825480     88.50     70963    799920    985112     38.11    879682    878343       841
