Linux 4.4.0-31-generic (fw-suricata) 	12/10/2017 	_i686_	(1 CPU)

12:27:33 AM kbmemfree kbmemused  %memused kbbuffers  kbcached  kbcommit   %commit  kbactive   kbinact   kbdirty
12:27:34 AM   1666440    396248     19.21     21248    131992    736208     28.48    286940     71920       464
12:27:35 AM   1666036    396652     19.23     21248    132016    736208     28.48    286988     71904       488
12:27:36 AM   1666068    396620     19.23     21248    132040    736208     28.48    287016     71900       512
12:27:37 AM   1665912    396776     19.24     21256    132064    736208     28.48    287040     71900       584
12:27:38 AM   1666068    396620     19.23     21256    132080    736208     28.48    287072     71904       600
12:27:39 AM   1665912    396776     19.24     21256    132112    736208     28.48    287088     71904       632
12:27:40 AM   1665912    396776     19.24     21256    132136    736208     28.48    287120     71904       656
12:27:41 AM   1665912    396776     19.24     21256    132152    736208     28.48    287152     71904       672
12:27:42 AM   1665944    396744     19.23     21264    132176    736208     28.48    287188     71904       244
12:27:43 AM   1665820    396868     19.24     21264    132200    736208     28.48    287204     71904       272
12:27:44 AM   1665912    396776     19.24     21264    132228    736208     28.48    287228     71904       304
12:27:45 AM   1665788    396900     19.24     21264    132252    736208     28.48    287252     71908       328
12:27:46 AM   1665820    396868     19.24     21264    132272    736208     28.48    287276     71904       348
12:27:47 AM   1665820    396868     19.24     21272    132288    736208     28.48    287300     71904       388
12:27:48 AM   1665696    396992     19.25     21272    132312    736208     28.48    287328     71904       412
12:27:49 AM   1665664    397024     19.25     21272    132348    736208     28.48    287348     71912       448
12:27:50 AM   1665664    397024     19.25     21272    132372    736208     28.48    287400     71904       472
12:27:51 AM   1665788    396900     19.24     21272    132400    736208     28.48    287424     71904       500
12:27:52 AM   1665572    397116     19.25     21280    132424    736208     28.48    287452     71904       528
12:27:53 AM   1665432    397256     19.26     21280    132444    736208     28.48    287480     71904       548
12:27:54 AM   1665276    397412     19.27     21280    132468    736208     28.48    287516     71904       572
12:27:55 AM   1665432    397256     19.26     21280    132488    736208     28.48    287540     71904       592
12:27:56 AM   1665380    397308     19.26     21280    132512    736208     28.48    287552     71904       616
12:27:57 AM   1665400    397288     19.26     21288    132532    736208     28.48    287584     71904       564
12:27:58 AM   1665432    397256     19.26     21288    132564    736208     28.48    287608     71904       596
12:27:59 AM   1665400    397288     19.26     21288    132588    736208     28.48    287640     71904       620
12:28:00 AM   1665432    397256     19.26     21288    132616    736208     28.48    287684     71904       648
12:28:01 AM   1665276    397412     19.27     21288    132636    736208     28.48    287696     71904       668
12:28:02 AM   1665244    397444     19.27     21296    132664    736208     28.48    287744     71904       684
12:28:03 AM   1665020    397668     19.28     21296    132692    736208     28.48    287856     71908       712
12:28:04 AM   1665020    397668     19.28     21296    132716    736208     28.48    287888     71904       736
12:28:05 AM   1664976    397712     19.28     21296    132756    736208     28.48    287924     71904       776
12:28:06 AM   1665016    397672     19.28     21296    132780    736208     28.48    287948     71900       800
12:28:07 AM   1664924    397764     19.28     21304    132804    736208     28.48    287992     71900       308
12:28:08 AM   1664800    397888     19.29     21304    132828    736208     28.48    288008     71900       352
12:28:09 AM   1664768    397920     19.29     21304    132852    736208     28.48    288016     71908       376
12:28:10 AM   1664740    397948     19.29     21304    132868    736208     28.48    288072     71904       392
12:28:11 AM   1664800    397888     19.29     21304    132880    736208     28.48    288068     71900       404
12:28:12 AM   1664900    397788     19.28     21312    132892    736208     28.48    288116     71900       424
12:28:13 AM   1664908    397780     19.28     21312    132912    736208     28.48    288032     71904       448
12:28:14 AM   1664896    397792     19.29     21312    132928    736208     28.48    288004     71904       464
12:28:15 AM   1664908    397780     19.28     21312    132944    736208     28.48    288096     71908       480
12:28:16 AM   1664980    397708     19.28     21312    132960    736208     28.48    288136     71904       496
12:28:17 AM   1664768    397920     19.29     21320    132964    736208     28.48    288104     71904       192
12:28:18 AM   1664824    397864     19.29     21320    132988    736208     28.48    288128     71904       236
12:28:19 AM   1664892    397796     19.29     21320    133008    736208     28.48    288148     71904       264
12:28:20 AM   1664892    397796     19.29     21320    133024    736208     28.48    288172     71908       280
12:28:21 AM   1664924    397764     19.28     21320    133052    736208     28.48    288204     71916       308
12:28:22 AM   1664800    397888     19.29     21328    133060    736208     28.48    288228     71908       324
12:28:23 AM   1664800    397888     19.29     21328    133080    736208     28.48    288256     71908       336
12:28:24 AM   1664644    398044     19.30     21328    133096    736208     28.48    288272     71908       352
12:28:25 AM   1664644    398044     19.30     21328    133108    736208     28.48    288292     71908       364
12:28:26 AM   1664644    398044     19.30     21328    133132    736208     28.48    288320     71908       388
12:28:27 AM   1664676    398012     19.30     21336    133136    736208     28.48    288336     71904       400
12:28:28 AM   1664520    398168     19.30     21336    133160    736208     28.48    288372     71904       416
12:28:29 AM   1664676    398012     19.30     21336    133172    736208     28.48    288384     71904       428
12:28:30 AM   1664552    398136     19.30     21336    133188    736208     28.48    288404     71904       444
12:28:31 AM   1664552    398136     19.30     21336    133200    736208     28.48    288424     71904       456
12:28:32 AM   1664396    398292     19.31     21344    133208    736208     28.48    288440     71904       472
12:28:33 AM   1664520    398168     19.30     21344    133236    736208     28.48    288476     71908       492
12:28:34 AM   1664520    398168     19.30     21344    133252    736208     28.48    288492     71904       508
12:28:35 AM   1664428    398260     19.31     21344    133264    736208     28.48    288508     71904       520
12:28:36 AM   1664304    398384     19.31     21344    133284    736208     28.48    288528     71908       540
12:28:37 AM   1664516    398172     19.30     21352    133304    736208     28.48    288552     71908       540
12:28:38 AM   1664424    398264     19.31     21352    133328    736208     28.48    288592     71904       576
12:28:39 AM   1664392    398296     19.31     21352    133340    736208     28.48    288612     71904       588
12:28:40 AM   1664268    398420     19.32     21352    133360    736208     28.48    288640     71900       608
12:28:41 AM   1664144    398544     19.32     21352    133376    736208     28.48    288664     71900       624
12:28:42 AM   1664020    398668     19.33     21360    133392    736208     28.48    288688     71904        96
12:28:43 AM   1664152    398536     19.32     21360    133416    736208     28.48    288712     71900       144
12:28:44 AM   1664420    398268     19.31     21360    133436    736208     28.48    288792     71900       164
12:28:45 AM   1664296    398392     19.31     21360    133448    736208     28.48    288788     71900       176
12:28:46 AM   1664284    398404     19.31     21360    133472    736208     28.48    288768     71904       200
12:28:47 AM   1664296    398392     19.31     21368    133484    736208     28.48    288832     71900       220
12:28:48 AM   1664140    398548     19.32     21368    133512    736208     28.48    288872     71904       240
12:28:49 AM   1664012    398676     19.33     21368    133532    736208     28.48    288884     71908       260
12:28:50 AM   1664120    398568     19.32     21368    133552    736208     28.48    289188     71904       280
12:28:51 AM   1664116    398572     19.32     21368    133576    736208     28.48    289016     71908       304
12:28:52 AM   1664156    398532     19.32     21376    133584    736208     28.48    288916     71904       220
12:28:53 AM   1664020    398668     19.33     21376    133636    736208     28.48    288904     71912       268
12:28:54 AM   1664052    398636     19.33     21376    133664    736208     28.48    288984     71904       300
12:28:55 AM   1663928    398760     19.33     21376    133688    736208     28.48    289024     71908       324
12:28:56 AM   1663896    398792     19.33     21376    133712    736208     28.48    289052     71904       348
12:28:57 AM   1663800    398888     19.34     21384    133732    736208     28.48    289084     71908       376
12:28:58 AM   1663928    398760     19.33     21384    133760    736208     28.48    289116     71904       396
12:28:59 AM   1663884    398804     19.33     21384    133784    736208     28.48    289140     71904       420
12:29:00 AM   1663804    398884     19.34     21384    133800    736208     28.48    289164     71904       436
12:29:01 AM   1663896    398792     19.33     21384    133832    736208     28.48    289192     71908       468
12:29:02 AM   1663772    398916     19.34     21392    133840    736208     28.48    289212     71904       484
12:29:03 AM   1663680    399008     19.34     21392    133876    736208     28.48    289248     71908       512
12:29:04 AM   1663648    399040     19.35     21392    133896    736208     28.48    289272     71908       532
12:29:05 AM   1663680    399008     19.34     21392    133924    736208     28.48    289312     71904       560
12:29:06 AM   1663648    399040     19.35     21392    133948    736208     28.48    289332     71904       584
12:29:07 AM   1663556    399132     19.35     21400    133960    736208     28.48    289352     71904       604
12:29:08 AM   1663668    399020     19.34     21400    133996    736208     28.48    289384     71908       632
12:29:09 AM   1663628    399060     19.35     21400    134032    736208     28.48    289424     71912       668
12:29:10 AM   1663512    399176     19.35     21400    134052    736208     28.48    289452     71904       688
12:29:11 AM   1663544    399144     19.35     21400    134080    736208     28.48    289476     71908       716
12:29:12 AM   1663420    399268     19.36     21408    134092    736208     28.48    289508     71904       736
12:29:13 AM   1663388    399300     19.36     21408    134124    736208     28.48    289536     71908       752
12:29:14 AM   1663420    399268     19.36     21408    134140    736208     28.48    289560     71904       768
12:29:15 AM   1663388    399300     19.36     21408    134172    736208     28.48    289592     71900       800
12:29:16 AM   1663420    399268     19.36     21408    134188    736208     28.48    289608     71900       816
12:29:17 AM   1663264    399424     19.36     21416    134208    736208     28.48    289640     71900       300
12:29:18 AM   1663296    399392     19.36     21416    134236    736208     28.48    289672     71900       340
12:29:19 AM   1663184    399504     19.37     21416    134260    736208     28.48    289692     71900       364
12:29:20 AM   1663412    399276     19.36     21416    134280    736208     28.48    289712     71900       384
12:29:21 AM   1663256    399432     19.36     21416    134300    736208     28.48    289736     71900       404
12:29:22 AM   1663288    399400     19.36     21416    134332    736208     28.48    289788     71908       436
12:29:23 AM   1663288    399400     19.36     21424    134356    736208     28.48    289832     71908       460
12:29:24 AM   1663120    399568     19.37     21424    134380    736208     28.48    289952     71908       484
12:29:25 AM   1663008    399680     19.38     21424    134408    736208     28.48    289948     71908       512
12:29:26 AM   1662908    399780     19.38     21424    134436    736208     28.48    290008     71904       540
12:29:27 AM   1662908    399780     19.38     21424    134464    736208     28.48    290044     71904       204
12:29:28 AM   1663032    399656     19.38     21432    134488    736208     28.48    290080     71904       260
12:29:29 AM   1663028    399660     19.38     21432    134516    736208     28.48    290072     71904       292
12:29:30 AM   1663028    399660     19.38     21432    134540    736208     28.48    290096     71904       316
12:29:31 AM   1663028    399660     19.38     21432    134564    736208     28.48    290160     71904       340
12:29:32 AM   1662768    399920     19.39     21432    134584    736208     28.48    290200     71904       360
12:29:33 AM   1662744    399944     19.39     21440    134612    736208     28.48    290264     71904       388
12:29:34 AM   1662736    399952     19.39     21440    134632    736208     28.48    290276     71908       408
12:29:35 AM   1662660    400028     19.39     21440    134660    736208     28.48    290136     71908       436
12:29:36 AM   1662784    399904     19.39     21440    134688    736208     28.48    290176     71904       464
12:29:37 AM   1662784    399904     19.39     21440    134712    736208     28.48    290200     71904       488
12:29:38 AM   1662628    400060     19.40     21448    134732    736208     28.48    290232     71904       508
12:29:39 AM   1662752    399936     19.39     21448    134760    736208     28.48    290256     71904       536
12:29:40 AM   1662784    399904     19.39     21448    134788    736208     28.48    290280     71908       564
12:29:41 AM   1662784    399904     19.39     21448    134828    736208     28.48    290328     71912       604
12:29:42 AM   1662752    399936     19.39     21448    134852    736208     28.48    290348     71908       628
12:29:43 AM   1662628    400060     19.40     21456    134884    736208     28.48    290400     71904       664
12:29:44 AM   1662660    400028     19.39     21456    134900    736208     28.48    290412     71904       680
12:29:45 AM   1662536    400152     19.40     21456    134924    736208     28.48    290444     71904       704
12:29:46 AM   1662504    400184     19.40     21456    134948    736208     28.48    290460     71908       728
12:29:47 AM   1662536    400152     19.40     21456    134972    736208     28.48    290484     71904       752
12:29:48 AM   1662380    400308     19.41     21464    134996    736208     28.48    290516     71908       768
12:29:49 AM   1662412    400276     19.41     21464    135012    736208     28.48    290528     71908       784
12:29:50 AM   1662380    400308     19.41     21464    135032    736208     28.48    290552     71904       804
12:29:51 AM   1662380    400308     19.41     21464    135068    736208     28.48    290596     71904       840
12:29:52 AM   1662520    400168     19.40     21464    135096    736208     28.48    290544     71908       288
12:29:53 AM   1662512    400176     19.40     21472    135124    736208     28.48    290492     71904       380
Average:      1664201    398487     19.32     21359    133510    736208     28.48    288796     71905       476
Linux 4.4.0-31-generic (fw-suricata) 	12/10/2017 	_i686_	(1 CPU)

04:18:05 AM kbmemfree kbmemused  %memused kbbuffers  kbcached  kbcommit   %commit  kbactive   kbinact   kbdirty
04:18:06 AM   1343968    718720     34.84     44300    424516    736396     28.49    602580     72524       212
04:18:07 AM   1343936    718752     34.85     44300    424548    736396     28.49    602624     72524       252
04:18:08 AM   1343844    718844     34.85     44300    424584    736396     28.49    602664     72524       288
04:18:09 AM   1343812    718876     34.85     44300    424612    736396     28.49    602680     72532       316
04:18:10 AM   1343844    718844     34.85     44308    424620    736396     28.49    602704     72528       332
04:18:11 AM   1343844    718844     34.85     44308    424648    736396     28.49    602732     72524       360
04:18:12 AM   1343720    718968     34.86     44308    424684    736396     28.49    602768     72528       376
04:18:13 AM   1343688    719000     34.86     44308    424704    736396     28.49    602796     72524       396
04:18:14 AM   1343688    719000     34.86     44308    424732    736396     28.49    602820     72524       428
04:18:15 AM   1343584    719104     34.86     44316    424744    736396     28.49    602840     72528       448
04:18:16 AM   1343588    719100     34.86     44316    424776    736396     28.49    602868     72524       484
04:18:17 AM   1343588    719100     34.86     44316    424804    736396     28.49    602908     72532       512
04:18:18 AM   1343520    719168     34.87     44316    424828    736396     28.49    602948     72528       536
04:18:19 AM   1343712    718976     34.86     44316    424852    736396     28.49    602988     72524       560
04:18:20 AM   1343464    719224     34.87     44324    424864    736396     28.49    602968     72524       580
04:18:21 AM   1343464    719224     34.87     44324    424912    736396     28.49    603012     72528       620
04:18:22 AM   1343464    719224     34.87     44324    424940    736396     28.49    603032     72536       648
04:18:23 AM   1343424    719264     34.87     44324    424960    736396     28.49    603172     72524       668
04:18:24 AM   1343176    719512     34.88     44324    424984    736396     28.49    603176     72528       692
04:18:25 AM   1343160    719528     34.88     44332    425004    736396     28.49    603200     72524       720
04:18:26 AM   1343084    719604     34.89     44332    425036    736396     28.49    603244     72524       628
04:18:27 AM   1343076    719612     34.89     44332    425056    736396     28.49    603264     72524       660
04:18:28 AM   1343016    719672     34.89     44332    425080    736396     28.49    603316     72520       684
04:18:29 AM   1343192    719496     34.88     44332    425108    736396     28.49    603288     72524       712
04:18:30 AM   1343084    719604     34.89     44340    425120    736396     28.49    603336     72520       732
04:18:31 AM   1342912    719776     34.90     44340    425156    736396     28.49    603372     72524       772
04:18:32 AM   1342944    719744     34.89     44340    425184    736396     28.49    603368     72524       776
04:18:33 AM   1343172    719516     34.88     44340    425200    736396     28.49    603332     72524       792
04:18:34 AM   1343076    719612     34.89     44340    425228    736396     28.49    603356     72520       820
04:18:35 AM   1342952    719736     34.89     44340    425256    736396     28.49    603392     72524       848
04:18:36 AM   1342920    719768     34.89     44368    425260    736396     28.49    603428     72528        92
04:18:37 AM   1342916    719772     34.89     44368    425308    736396     28.49    603492     72524       164
04:18:38 AM   1343076    719612     34.89     44368    425340    736396     28.49    603512     72524       160
04:18:39 AM   1342940    719748     34.89     44368    425364    736396     28.49    603548     72524       184
04:18:40 AM   1342944    719744     34.89     44368    425384    736396     28.49    603552     72528       204
04:18:41 AM   1342920    719768     34.89     44376    425404    736396     28.49    603576     72524       212
04:18:42 AM   1342760    719928     34.90     44376    425424    736396     28.49    603620     72528       196
04:18:43 AM   1342672    720016     34.91     44376    425440    736396     28.49    603620     72524       212
04:18:44 AM   1342808    719880     34.90     44376    425456    736396     28.49    603664     72524       228
04:18:45 AM   1342580    720108     34.91     44376    425476    736396     28.49    603676     72528       248
04:18:46 AM   1342548    720140     34.91     44384    425480    736396     28.49    603688     72524       260
04:18:47 AM   1342572    720116     34.91     44384    425504    736396     28.49    603708     72524       264
04:18:48 AM   1342768    719920     34.90     44384    425516    736396     28.49    603744     72524       276
04:18:49 AM   1342712    719976     34.90     44384    425540    736396     28.49    603752     72524       304
04:18:50 AM   1342568    720120     34.91     44384    425552    736396     28.49    604028     72524       316
04:18:51 AM   1342540    720148     34.91     44392    425560    736396     28.49    603864     72524       332
04:18:52 AM   1342424    720264     34.92     44392    425584    736396     28.49    603796     72524       360
04:18:53 AM   1342580    720108     34.91     44392    425608    736396     28.49    603816     72532       384
04:18:54 AM   1342580    720108     34.91     44392    425620    736396     28.49    603836     72524       396
04:18:55 AM   1342580    720108     34.91     44392    425636    736396     28.49    603852     72524       412
04:18:56 AM   1342580    720108     34.91     44400    425644    736396     28.49    603912     72524       428
04:18:57 AM   1342580    720108     34.91     44400    425672    736396     28.49    603932     72524       452
04:18:58 AM   1342380    720308     34.92     44400    425684    736396     28.49    604048     72524       464
04:18:59 AM   1342324    720364     34.92     44400    425700    736396     28.49    604024     72524       480
04:19:00 AM   1342200    720488     34.93     44400    425712    736396     28.49    604072     72524       492
04:19:01 AM   1342192    720496     34.93     44400    425732    736396     28.49    604088     72528       512
04:19:02 AM   1342324    720364     34.92     44408    425748    736396     28.49    604100     72528       528
04:19:03 AM   1342188    720500     34.93     44408    425768    736396     28.49    604140     72528       548
04:19:04 AM   1342324    720364     34.92     44408    425780    736396     28.49    604160     72524       560
04:19:05 AM   1342324    720364     34.92     44408    425796    736396     28.49    604136     72524       576
04:19:06 AM   1342324    720364     34.92     44408    425808    736396     28.49    604140     72524       588
04:19:07 AM   1342288    720400     34.93     44416    425824    736396     28.49    604200     72524       604
04:19:08 AM   1342316    720372     34.92     44416    425840    736396     28.49    604156     72528       620
04:19:09 AM   1342204    720484     34.93     44416    425860    736396     28.49    604120     72524       640
04:19:10 AM   1342300    720388     34.92     44416    425884    736396     28.49    604196     72532       664
04:19:11 AM   1342328    720360     34.92     44420    425896    736396     28.49    604152     72524        76
04:19:12 AM   1342328    720360     34.92     44428    425908    736396     28.49    604208     72524       128
04:19:13 AM   1342172    720516     34.93     44428    425944    736396     28.49    604220     72524       172
04:19:14 AM   1342172    720516     34.93     44428    425960    736396     28.49    604248     72524       188
04:19:15 AM   1342328    720360     34.92     44428    425976    736396     28.49    604300     72520       204
04:19:16 AM   1342304    720384     34.92     44428    425992    736396     28.49    604272     72520       168
04:19:17 AM   1342172    720516     34.93     44436    426008    736396     28.49    604340     72524       176
04:19:18 AM   1342056    720632     34.94     44436    426032    736396     28.49    604344     72524       208
04:19:19 AM   1342204    720484     34.93     44436    426052    736396     28.49    604336     72524       228
04:19:20 AM   1342164    720524     34.93     44436    426068    736396     28.49    604528     72524       244
04:19:21 AM   1342164    720524     34.93     44436    426088    736396     28.49    604456     72524       264
04:19:22 AM   1342172    720516     34.93     44444    426100    736396     28.49    604372     72528       264
04:19:23 AM   1341956    720732     34.94     44444    426132    736396     28.49    604432     72524       296
04:19:24 AM   1342080    720608     34.94     44444    426164    736396     28.49    604444     72528       332
04:19:25 AM   1341924    720764     34.94     44444    426188    736396     28.49    604492     72524       356
04:19:26 AM   1341956    720732     34.94     44444    426220    736396     28.49    604520     72524       388
04:19:27 AM   1341924    720764     34.94     44452    426236    736396     28.49    604560     72528       412
04:19:28 AM   1341764    720924     34.95     44452    426260    736396     28.49    604576     72524       432
04:19:29 AM   1341956    720732     34.94     44452    426288    736396     28.49    604580     72524       460
04:19:30 AM   1341832    720856     34.95     44452    426312    736396     28.49    604624     72528       484
04:19:31 AM   1341768    720920     34.95     44452    426340    736396     28.49    604656     72524       512
04:19:32 AM   1341800    720888     34.95     44460    426356    736396     28.49    604688     72524       536
04:19:33 AM   1341676    721012     34.95     44460    426388    736396     28.49    604716     72524       560
04:19:34 AM   1341832    720856     34.95     44460    426412    736396     28.49    604716     72528       584
04:19:35 AM   1341676    721012     34.95     44460    426436    736396     28.49    604760     72524       608
04:19:36 AM   1341676    721012     34.95     44460    426460    736396     28.49    604788     72528        28
04:19:37 AM   1341708    720980     34.95     44468    426472    736396     28.49    604848     72524        32
04:19:38 AM   1341676    721012     34.95     44468    426512    736396     28.49    604876     72524       156
04:19:39 AM   1341584    721104     34.96     44468    426532    736396     28.49    604908     72524       176
04:19:40 AM   1341552    721136     34.96     44468    426564    736396     28.49    604932     72528       208
04:19:41 AM   1341584    721104     34.96     44468    426588    736396     28.49    604964     72528       232
04:19:42 AM   1341300    721388     34.97     44476    426616    736396     28.49    604996     72536       268
04:19:43 AM   1341304    721384     34.97     44476    426648    736396     28.49    605016     72524       292
04:19:44 AM   1341328    721360     34.97     44476    426668    736396     28.49    605052     72524       312
04:19:45 AM   1341336    721352     34.97     44476    426696    736396     28.49    605088     72520       340
04:19:46 AM   1341336    721352     34.97     44476    426720    736396     28.49    605124     72520       364
04:19:47 AM   1341336    721352     34.97     44476    426740    736396     28.49    605100     72520       384
04:19:48 AM   1341288    721400     34.97     44484    426764    736396     28.49    605160     72520       408
04:19:49 AM   1341336    721352     34.97     44484    426784    736396     28.49    605200     72520       428
04:19:50 AM   1341304    721384     34.97     44484    426812    736396     28.49    605224     72520       456
04:19:51 AM   1341336    721352     34.97     44484    426828    736396     28.49    605244     72520       472
04:19:52 AM   1341336    721352     34.97     44484    426856    736396     28.49    605228     72524       500
04:19:53 AM   1341080    721608     34.98     44492    426876    736396     28.49    605312     72524       520
04:19:54 AM   1341088    721600     34.98     44492    426900    736396     28.49    605312     72524       544
04:19:55 AM   1341212    721476     34.98     44492    426920    736396     28.49    605332     72524       564
04:19:56 AM   1341196    721492     34.98     44492    426948    736396     28.49    605368     72524       592
04:19:57 AM   1341196    721492     34.98     44492    426968    736396     28.49    605344     72528       612
04:19:58 AM   1341088    721600     34.98     44500    427008    736396     28.49    605436     72528       652
04:19:59 AM   1341072    721616     34.98     44500    427036    736396     28.49    605472     72524       680
04:20:00 AM   1341056    721632     34.99     44500    427064    736396     28.49    605544     72528       708
04:20:01 AM   1341088    721600     34.98     44500    427092    736396     28.49    605484     72524       736
04:20:02 AM   1340964    721724     34.99     44500    427112    736396     28.49    605480     72524       756
04:20:03 AM   1340964    721724     34.99     44508    427136    736396     28.49    605560     72524       780
04:20:04 AM   1340964    721724     34.99     44508    427160    736396     28.49    605568     72524       804
04:20:05 AM   1340840    721848     35.00     44508    427180    736396     28.49    605584     72524       824
04:20:06 AM   1340840    721848     35.00     44508    427212    736396     28.49    605616     72524       856
04:20:07 AM   1340804    721884     35.00     44508    427228    736396     28.49    605644     72524       416
04:20:08 AM   1340716    721972     35.00     44516    427252    736396     28.49    605672     72524       456
04:20:09 AM   1340684    722004     35.00     44516    427276    736396     28.49    605720     72524       480
04:20:10 AM   1340716    721972     35.00     44516    427304    736396     28.49    605724     72524       508
04:20:11 AM   1340716    721972     35.00     44516    427324    736396     28.49    605736     72524       528
04:20:12 AM   1340684    722004     35.00     44516    427360    736396     28.49    605728     72532        92
04:20:13 AM   1340560    722128     35.01     44524    427388    736396     28.49    605808     72524       204
04:20:14 AM   1340468    722220     35.01     44524    427420    736396     28.49    605836     72536       236
04:20:15 AM   1340428    722260     35.02     44524    427440    736396     28.49    605868     72524       256
04:20:16 AM   1340436    722252     35.02     44524    427464    736396     28.49    605852     72528       280
04:20:17 AM   1340400    722288     35.02     44524    427484    736396     28.49    605936     72524       300
04:20:18 AM   1340560    722128     35.01     44532    427504    736396     28.49    605940     72528       320
04:20:19 AM   1340304    722384     35.02     44532    427540    736396     28.49    605984     72524       356
04:20:20 AM   1340344    722344     35.02     44532    427564    736396     28.49    605996     72528       380
04:20:21 AM   1340304    722384     35.02     44532    427592    736396     28.49    606032     72524       408
04:20:22 AM   1340336    722352     35.02     44540    427612    736396     28.49    606032     72528       436
04:20:23 AM   1340184    722504     35.03     44540    427640    736396     28.49    606100     72524       456
04:20:24 AM   1340476    722212     35.01     44540    427664    736396     28.49    606052     72524       480
04:20:25 AM   1340508    722180     35.01     44540    427684    736396     28.49    605956     72524       500
Average:      1342083    720605     34.94     44425    426072    736396     28.49    604366     72525       430
