Linux 4.4.0-31-generic (fw-suricata) 	12/10/2017 	_i686_	(1 CPU)

03:23:45 AM kbmemfree kbmemused  %memused kbbuffers  kbcached  kbcommit   %commit  kbactive   kbinact   kbdirty
03:23:46 AM   1413948    648740     31.45     38904    361068    736396     28.49    533760     72452       432
03:23:47 AM   1413916    648772     31.45     38904    361092    736396     28.49    533808     72436       456
03:23:48 AM   1413824    648864     31.46     38904    361120    736396     28.49    533840     72432       484
03:23:49 AM   1413792    648896     31.46     38904    361140    736396     28.49    533868     72432       504
03:23:50 AM   1413700    648988     31.46     38912    361164    736396     28.49    533888     72436       588
03:23:51 AM   1413668    649020     31.46     38912    361192    736396     28.49    533924     72432       604
03:23:52 AM   1413668    649020     31.46     38912    361220    736396     28.49    533952     72432       632
03:23:53 AM   1413700    648988     31.46     38912    361240    736396     28.49    533976     72432       652
03:23:54 AM   1413668    649020     31.46     38912    361268    736396     28.49    534008     72432       676
03:23:55 AM   1413608    649080     31.47     38920    361284    736396     28.49    534020     72432       700
03:23:56 AM   1413576    649112     31.47     38920    361320    736396     28.49    534060     72432       728
03:23:57 AM   1413544    649144     31.47     38920    361348    736396     28.49    534100     72432       756
03:23:58 AM   1413576    649112     31.47     38920    361372    736396     28.49    534116     72432       780
03:23:59 AM   1413544    649144     31.47     38920    361396    736396     28.49    534156     72432       428
03:24:00 AM   1413452    649236     31.48     38928    361412    736396     28.49    534164     72432       456
03:24:01 AM   1413296    649392     31.48     38928    361456    736396     28.49    534204     72440       504
03:24:02 AM   1413296    649392     31.48     38928    361476    736396     28.49    534236     72432       524
03:24:03 AM   1413420    649268     31.48     38928    361500    736396     28.49    534264     72432       548
03:24:04 AM   1413452    649236     31.48     38928    361532    736396     28.49    534296     72432       464
03:24:05 AM   1413156    649532     31.49     38928    361552    736396     28.49    534312     72432       484
03:24:06 AM   1413156    649532     31.49     38936    361576    736396     28.49    534348     72432       520
03:24:07 AM   1413280    649408     31.48     38936    361600    736396     28.49    534364     72432       544
03:24:08 AM   1413280    649408     31.48     38936    361620    736396     28.49    534392     72432       564
03:24:09 AM   1413280    649408     31.48     38940    361644    736396     28.49    534412     72432       508
03:24:10 AM   1413188    649500     31.49     38940    361672    736396     28.49    534456     72432       536
03:24:11 AM   1413180    649508     31.49     38948    361696    736396     28.49    534488     72432       600
03:24:12 AM   1413268    649420     31.48     38948    361720    736396     28.49    534500     72432       624
03:24:13 AM   1413116    649572     31.49     38948    361744    736396     28.49    534532     72432       648
03:24:14 AM   1413064    649624     31.49     38948    361772    736396     28.49    534564     72436       660
03:24:15 AM   1412992    649696     31.50     38948    361796    736396     28.49    534636     72432       684
03:24:16 AM   1412896    649792     31.50     38956    361824    736396     28.49    534620     72436       716
03:24:17 AM   1412808    649880     31.51     38956    361856    736396     28.49    534724     72436       748
03:24:18 AM   1412932    649756     31.50     38956    361888    736396     28.49    534748     72428       780
03:24:19 AM   1412908    649780     31.50     38956    361912    736396     28.49    534740     72432       264
03:24:20 AM   1412908    649780     31.50     38956    361936    736396     28.49    534792     72428       332
03:24:21 AM   1412932    649756     31.50     38964    361944    736396     28.49    534772     72432       348
03:24:22 AM   1412900    649788     31.50     38964    361972    736396     28.49    534796     72428       368
03:24:23 AM   1412868    649820     31.50     38964    361984    736396     28.49    534844     72428       380
03:24:24 AM   1412776    649912     31.51     38964    362000    736396     28.49    534876     72428       396
03:24:25 AM   1412760    649928     31.51     38964    362016    736396     28.49    535020     72432       412
03:24:26 AM   1412808    649880     31.51     38972    362024    736396     28.49    534852     72432       428
03:24:27 AM   1412652    650036     31.51     38972    362048    736396     28.49    534876     72436       444
03:24:28 AM   1412776    649912     31.51     38972    362064    736396     28.49    534896     72432       460
03:24:29 AM   1412776    649912     31.51     38972    362076    736396     28.49    534912     72432       472
03:24:30 AM   1412652    650036     31.51     38972    362092    736396     28.49    534928     72432       488
03:24:31 AM   1412652    650036     31.51     38980    362096    736396     28.49    534944     72432       500
03:24:32 AM   1412684    650004     31.51     38980    362120    736396     28.49    534968     72432       516
03:24:33 AM   1412652    650036     31.51     38980    362156    736396     28.49    534992     72444       552
03:24:34 AM   1412684    650004     31.51     38980    362172    736396     28.49    535020     72436       336
03:24:35 AM   1412684    650004     31.51     38980    362184    736396     28.49    535032     72436       348
03:24:36 AM   1412684    650004     31.51     38988    362192    736396     28.49    535048     72436       364
03:24:37 AM   1412560    650128     31.52     38988    362212    736396     28.49    535060     72436       384
03:24:38 AM   1412528    650160     31.52     38988    362228    736396     28.49    535080     72436       400
03:24:39 AM   1412528    650160     31.52     38988    362240    736396     28.49    535104     72432       352
03:24:40 AM   1412560    650128     31.52     38988    362264    736396     28.49    535120     72436       380
03:24:41 AM   1412280    650408     31.53     38996    362268    736396     28.49    535140     72432       392
03:24:42 AM   1412372    650316     31.53     38996    362292    736396     28.49    535160     72432       420
03:24:43 AM   1412280    650408     31.53     38996    362304    736396     28.49    535172     72432       432
03:24:44 AM   1412280    650408     31.53     38996    362320    736396     28.49    535196     72432       448
03:24:45 AM   1412280    650408     31.53     38996    362336    736396     28.49    535208     72436       464
03:24:46 AM   1412312    650376     31.53     39004    362344    736396     28.49    535220     72432       480
03:24:47 AM   1412312    650376     31.53     39004    362372    736396     28.49    535256     72432       500
03:24:48 AM   1412280    650408     31.53     39004    362396    736396     28.49    535276     72436       524
03:24:49 AM   1412296    650392     31.53     39004    362416    736396     28.49    535308     72432       544
03:24:50 AM   1412280    650408     31.53     39004    362436    736396     28.49    535332     72432       564
03:24:51 AM   1412280    650408     31.53     39012    362440    736396     28.49    535380     72432       576
03:24:52 AM   1412312    650376     31.53     39012    362464    736396     28.49    535380     72432       592
03:24:53 AM   1412156    650532     31.54     39012    362480    736396     28.49    535408     72432       608
03:24:54 AM   1412436    650252     31.52     39012    362504    736396     28.49    535424     72432        80
03:24:55 AM   1412296    650392     31.53     39012    362520    736396     28.49    535460     72432       108
03:24:56 AM   1412156    650532     31.54     39020    362528    736396     28.49    535468     72428       124
03:24:57 AM   1412156    650532     31.54     39020    362552    736396     28.49    535500     72428       156
03:24:58 AM   1412004    650684     31.55     39020    362576    736396     28.49    535512     72432       180
03:24:59 AM   1412032    650656     31.54     39020    362592    736396     28.49    535536     72432       196
03:25:00 AM   1412064    650624     31.54     39020    362608    736396     28.49    535528     72428       212
03:25:01 AM   1412032    650656     31.54     39028    362620    736396     28.49    535572     72432       232
03:25:02 AM   1411920    650768     31.55     39028    362648    736396     28.49    535604     72432       252
03:25:03 AM   1411944    650744     31.55     39028    362668    736396     28.49    535588     72436       280
03:25:04 AM   1412040    650648     31.54     39028    362688    736396     28.49    535628     72436       300
03:25:05 AM   1412040    650648     31.54     39028    362724    736396     28.49    535636     72448       336
03:25:06 AM   1412016    650672     31.54     39036    362732    736396     28.49    535664     72432       352
03:25:07 AM   1411912    650776     31.55     39036    362760    736396     28.49    535740     72432       400
03:25:08 AM   1411920    650768     31.55     39036    362784    736396     28.49    535756     72436       424
03:25:09 AM   1411920    650768     31.55     39036    362808    736396     28.49    535744     72436       332
03:25:10 AM   1411912    650776     31.55     39036    362824    736396     28.49    535796     72436       384
03:25:11 AM   1411920    650768     31.55     39044    362836    736396     28.49    535916     72432       404
03:25:12 AM   1411960    650728     31.55     39044    362860    736396     28.49    536020     72432       424
03:25:13 AM   1412008    650680     31.55     39044    362880    736396     28.49    535900     72432       444
03:25:14 AM   1411912    650776     31.55     39044    362896    736396     28.49    535848     72432       408
03:25:15 AM   1411944    650744     31.55     39044    362928    736396     28.49    535880     72436       416
03:25:16 AM   1411912    650776     31.55     39052    362936    736396     28.49    535860     72432       432
03:25:17 AM   1411912    650776     31.55     39052    362964    736396     28.49    535928     72432       476
03:25:18 AM   1411912    650776     31.55     39052    362980    736396     28.49    535944     72432       492
03:25:19 AM   1411944    650744     31.55     39052    363000    736396     28.49    535964     72432       512
03:25:20 AM   1411812    650876     31.55     39052    363024    736396     28.49    535996     72432       536
03:25:21 AM   1411820    650868     31.55     39060    363048    736396     28.49    536032     72436       568
03:25:22 AM   1411572    651116     31.57     39060    363076    736396     28.49    536056     72432       588
03:25:23 AM   1411448    651240     31.57     39060    363100    736396     28.49    536076     72436       612
03:25:24 AM   1411572    651116     31.57     39060    363116    736396     28.49    536096     72436       628
03:25:25 AM   1411664    651024     31.56     39060    363136    736396     28.49    536112     72432       648
03:25:26 AM   1411540    651148     31.57     39068    363144    736396     28.49    536132     72432       664
03:25:27 AM   1411540    651148     31.57     39068    363172    736396     28.49    536156     72432       688
03:25:28 AM   1411416    651272     31.57     39068    363188    736396     28.49    536176     72432       704
03:25:29 AM   1411448    651240     31.57     39068    363208    736396     28.49    536212     72428       184
03:25:30 AM   1411572    651116     31.57     39068    363228    736396     28.49    536220     72432       208
03:25:31 AM   1411416    651272     31.57     39068    363248    736396     28.49    536248     72428       228
03:25:32 AM   1411448    651240     31.57     39076    363264    736396     28.49    536268     72428       256
03:25:33 AM   1411448    651240     31.57     39076    363284    736396     28.49    536296     72428       276
03:25:34 AM   1411324    651364     31.58     39076    363300    736396     28.49    536312     72428       292
03:25:35 AM   1411292    651396     31.58     39076    363328    736396     28.49    536328     72436       312
03:25:36 AM   1411260    651428     31.58     39076    363356    736396     28.49    536352     72436       340
03:25:37 AM   1411284    651404     31.58     39084    363384    736396     28.49    536396     72432       368
03:25:38 AM   1411192    651496     31.58     39084    363400    736396     28.49    536432     72432       384
03:25:39 AM   1411280    651408     31.58     39084    363420    736396     28.49    536472     72432       404
03:25:40 AM   1411168    651520     31.59     39084    363436    736396     28.49    536488     72432       420
03:25:41 AM   1411160    651528     31.59     39084    363460    736396     28.49    536516     72436       444
03:25:42 AM   1411160    651528     31.59     39092    363476    736396     28.49    536536     72436       460
03:25:43 AM   1411192    651496     31.58     39092    363500    736396     28.49    536560     72432       484
03:25:44 AM   1411192    651496     31.58     39092    363516    736396     28.49    536584     72432       372
03:25:45 AM   1411068    651620     31.59     39092    363544    736396     28.49    536600     72440       364
03:25:46 AM   1411036    651652     31.59     39092    363560    736396     28.49    536608     72432       380
03:25:47 AM   1411036    651652     31.59     39100    363580    736396     28.49    536656     72432       408
03:25:48 AM   1411052    651636     31.59     39100    363596    736396     28.49    536676     72432       424
03:25:49 AM   1411060    651628     31.59     39100    363616    736396     28.49    536688     72432       392
03:25:50 AM   1411052    651636     31.59     39100    363640    736396     28.49    536724     72432       404
03:25:51 AM   1410908    651780     31.60     39100    363660    736396     28.49    536752     72432       424
03:25:52 AM   1410748    651940     31.61     39108    363684    736396     28.49    536780     72432       476
03:25:53 AM   1410916    651772     31.60     39108    363716    736396     28.49    536796     72436       508
03:25:54 AM   1410924    651764     31.60     39108    363732    736396     28.49    536820     72432       524
03:25:55 AM   1410900    651788     31.60     39108    363752    736396     28.49    536840     72432       544
03:25:56 AM   1410900    651788     31.60     39108    363764    736396     28.49    536860     72432       556
03:25:57 AM   1410760    651928     31.61     39116    363792    736396     28.49    536892     72432       584
03:25:58 AM   1410776    651912     31.60     39116    363812    736396     28.49    536888     72432       604
03:25:59 AM   1410800    651888     31.60     39116    363828    736396     28.49    536924     72432       620
03:26:00 AM   1410776    651912     31.60     39116    363848    736396     28.49    537044     72432       640
03:26:01 AM   1410668    652020     31.61     39116    363864    736396     28.49    537064     72432       656
03:26:02 AM   1410652    652036     31.61     39124    363880    736396     28.49    537048     72432       672
03:26:03 AM   1410400    652288     31.62     39124    363908    736396     28.49    537132     72432       700
03:26:04 AM   1410428    652260     31.62     39124    363932    736396     28.49    537048     72432         4
03:26:05 AM   1410576    652112     31.61     39124    363952    736396     28.49    536976     72428        64
Average:      1412191    650497     31.54     39015    362552    736396     28.49    535472     72433       460
