Linux 4.4.0-31-generic (fw-suricata) 	12/10/2017 	_i686_	(1 CPU)

01:00:17 AM kbmemfree kbmemused  %memused kbbuffers  kbcached  kbcommit   %commit  kbactive   kbinact   kbdirty
01:00:18 AM   1619924    442764     21.47     24480    173688    736208     28.48    332248     71960       176
01:00:19 AM   1619800    442888     21.47     24480    173724    736208     28.48    332320     71944       212
01:00:20 AM   1619756    442932     21.47     24488    173740    736208     28.48    332352     71940       268
01:00:21 AM   1619768    442920     21.47     24488    173772    736208     28.48    332380     71940       288
01:00:22 AM   1619800    442888     21.47     24488    173792    736208     28.48    332392     71944       312
01:00:23 AM   1619768    442920     21.47     24488    173824    736208     28.48    332424     71944       344
01:00:24 AM   1619676    443012     21.48     24488    173848    736208     28.48    332452     71944       368
01:00:25 AM   1619644    443044     21.48     24496    173864    736208     28.48    332488     71944       392
01:00:26 AM   1619552    443136     21.48     24496    173900    736208     28.48    332512     71948       420
01:00:27 AM   1619428    443260     21.49     24496    173920    736208     28.48    332540     71944       440
01:00:28 AM   1619552    443136     21.48     24496    173940    736208     28.48    332556     71944       460
01:00:29 AM   1619520    443168     21.48     24496    173960    736208     28.48    332580     71944       480
01:00:30 AM   1619396    443292     21.49     24504    173976    736208     28.48    332604     71944       504
01:00:31 AM   1619428    443260     21.49     24504    174008    736208     28.48    332640     71944       528
01:00:32 AM   1619428    443260     21.49     24504    174036    736208     28.48    332672     71944       556
01:00:33 AM   1619176    443512     21.50     24504    174072    736208     28.48    332688     71952       592
01:00:34 AM   1619260    443428     21.50     24504    174100    736208     28.48    332736     71944       620
01:00:35 AM   1619228    443460     21.50     24512    174116    736208     28.48    332760     71944       644
01:00:36 AM   1619104    443584     21.51     24512    174160    736208     28.48    332796     71944       680
01:00:37 AM   1619136    443552     21.50     24512    174184    736208     28.48    332836     71944       704
01:00:38 AM   1619168    443520     21.50     24512    174204    736208     28.48    332816     71944       724
01:00:39 AM   1619132    443556     21.50     24512    174224    736208     28.48    332864     71944       744
01:00:40 AM   1619168    443520     21.50     24520    174244    736208     28.48    332876     71944       772
01:00:41 AM   1619168    443520     21.50     24520    174272    736208     28.48    332920     71948       792
01:00:42 AM   1619136    443552     21.50     24520    174292    736208     28.48    332944     71944       812
01:00:43 AM   1619168    443520     21.50     24520    174316    736208     28.48    332968     71944       836
01:00:44 AM   1619168    443520     21.50     24520    174344    736208     28.48    333000     71944       864
01:00:45 AM   1619136    443552     21.50     24528    174360    736208     28.48    333028     71944       868
01:00:46 AM   1619012    443676     21.51     24528    174396    736208     28.48    333060     71944       896
01:00:47 AM   1618980    443708     21.51     24528    174416    736208     28.48    333080     71944       916
01:00:48 AM   1618964    443724     21.51     24528    174440    736208     28.48    333104     71948       940
01:00:49 AM   1619020    443668     21.51     24528    174472    736208     28.48    333124     71948        16
01:00:50 AM   1618872    443816     21.52     24536    174500    736208     28.48    333168     71948        60
01:00:51 AM   1618840    443848     21.52     24536    174524    736208     28.48    333204     71944       132
01:00:52 AM   1618904    443784     21.51     24536    174552    736208     28.48    333244     71944       160
01:00:53 AM   1618872    443816     21.52     24536    174576    736208     28.48    333272     71952       184
01:00:54 AM   1618840    443848     21.52     24536    174592    736208     28.48    333272     71944       200
01:00:55 AM   1618904    443784     21.51     24544    174596    736208     28.48    333288     71944       188
01:00:56 AM   1618780    443908     21.52     24544    174620    736208     28.48    333288     71944       212
01:00:57 AM   1618656    444032     21.53     24544    174632    736208     28.48    333364     71940       228
01:00:58 AM   1618656    444032     21.53     24544    174648    736208     28.48    333344     71940       244
01:00:59 AM   1618656    444032     21.53     24544    174668    736208     28.48    333360     71948       264
01:01:00 AM   1618656    444032     21.53     24544    174684    736208     28.48    333388     71944       280
01:01:01 AM   1618744    443944     21.52     24552    174696    736208     28.48    333424     71944       292
01:01:02 AM   1618496    444192     21.53     24552    174712    736208     28.48    333444     71944       308
01:01:03 AM   1618500    444188     21.53     24552    174724    736208     28.48    333432     71944       320
01:01:04 AM   1618500    444188     21.53     24552    174740    736208     28.48    333424     71944       336
01:01:05 AM   1618448    444240     21.54     24552    174772    736208     28.48    333572     71952       368
01:01:06 AM   1618444    444244     21.54     24560    174788    736208     28.48    333768     71944       384
01:01:07 AM   1618420    444268     21.54     24560    174800    736208     28.48    333572     71944       396
01:01:08 AM   1618500    444188     21.53     24560    174816    736208     28.48    333552     71944       412
01:01:09 AM   1618532    444156     21.53     24560    174828    736208     28.48    333564     71944       424
01:01:10 AM   1618500    444188     21.53     24568    174836    736208     28.48    333572     71944       440
01:01:11 AM   1618408    444280     21.54     24568    174856    736208     28.48    333592     71944       452
01:01:12 AM   1618252    444436     21.55     24568    174880    736208     28.48    333624     71948       476
01:01:13 AM   1618408    444280     21.54     24568    174892    736208     28.48    333632     71948       488
01:01:14 AM   1618408    444280     21.54     24568    174908    736208     28.48    333644     71948       504
01:01:15 AM   1618376    444312     21.54     24568    174920    736208     28.48    333660     71948       516
01:01:16 AM   1618252    444436     21.55     24576    174936    736208     28.48    333692     71944       532
01:01:17 AM   1618284    444404     21.54     24576    174952    736208     28.48    333700     71948       548
01:01:18 AM   1618160    444528     21.55     24576    174968    736208     28.48    333720     71944       564
01:01:19 AM   1618252    444436     21.55     24576    174984    736208     28.48    333752     71944       580
01:01:20 AM   1618280    444408     21.55     24576    175000    736208     28.48    333756     71944       596
01:01:21 AM   1618248    444440     21.55     24584    175020    736208     28.48    333808     71948       620
01:01:22 AM   1618240    444448     21.55     24584    175044    736208     28.48    333840     71944       644
01:01:23 AM   1618280    444408     21.55     24584    175056    736208     28.48    333840     71944       656
01:01:24 AM   1618280    444408     21.55     24584    175076    736208     28.48    333884     71944        32
01:01:25 AM   1618248    444440     21.55     24584    175092    736208     28.48    333860     71948        48
01:01:26 AM   1618156    444532     21.55     24592    175112    736208     28.48    333940     71940       124
01:01:27 AM   1618156    444532     21.55     24592    175128    736208     28.48    333936     71944       140
01:01:28 AM   1618280    444408     21.55     24592    175148    736208     28.48    333932     71940       160
01:01:29 AM   1618156    444532     21.55     24592    175164    736208     28.48    333992     71940       176
01:01:30 AM   1618156    444532     21.55     24592    175184    736208     28.48    333972     71944       180
01:01:31 AM   1618152    444536     21.55     24600    175200    736208     28.48    334036     71940       204
01:01:32 AM   1618156    444532     21.55     24600    175220    736208     28.48    334016     71940       224
01:01:33 AM   1618140    444548     21.55     24600    175240    736208     28.48    334028     71944       248
01:01:34 AM   1618132    444556     21.55     24600    175260    736208     28.48    334044     71948       268
01:01:35 AM   1618160    444528     21.55     24600    175280    736208     28.48    334108     71952       288
01:01:36 AM   1618036    444652     21.56     24608    175300    736208     28.48    334128     71952       308
01:01:37 AM   1618036    444652     21.56     24608    175332    736208     28.48    334124     71956       340
01:01:38 AM   1618012    444676     21.56     24608    175348    736208     28.48    334148     71944       356
01:01:39 AM   1617848    444840     21.57     24608    175368    736208     28.48    334212     71944       376
01:01:40 AM   1618000    444688     21.56     24608    175392    736208     28.48    334212     71944       400
01:01:41 AM   1618012    444676     21.56     24616    175416    736208     28.48    334248     71948       424
01:01:42 AM   1617888    444800     21.56     24616    175432    736208     28.48    334292     71944       440
01:01:43 AM   1617912    444776     21.56     24616    175452    736208     28.48    334272     71944       460
01:01:44 AM   1617756    444932     21.57     24616    175468    736208     28.48    334332     71944       476
01:01:45 AM   1617736    444952     21.57     24616    175492    736208     28.48    334352     71944       500
01:01:46 AM   1617656    445032     21.58     24624    175504    736208     28.48    334364     71944       512
01:01:47 AM   1617648    445040     21.58     24624    175536    736208     28.48    334396     71948       544
01:01:48 AM   1617716    444972     21.57     24624    175552    736208     28.48    334672     71944       560
01:01:49 AM   1617880    444808     21.56     24624    175572    736208     28.48    334476     71944       580
01:01:50 AM   1617756    444932     21.57     24624    175588    736208     28.48    334424     71944       596
01:01:51 AM   1617780    444908     21.57     24632    175608    736208     28.48    334408     71944       616
01:01:52 AM   1617600    445088     21.58     24632    175632    736208     28.48    334472     71944       640
01:01:53 AM   1617628    445060     21.58     24632    175664    736208     28.48    334520     71948       672
01:01:54 AM   1617648    445040     21.58     24632    175688    736208     28.48    334520     71948       696
01:01:55 AM   1617632    445056     21.58     24632    175708    736208     28.48    334592     71948       248
01:01:56 AM   1617540    445148     21.58     24640    175724    736208     28.48    334580     71948       280
01:01:57 AM   1617540    445148     21.58     24640    175744    736208     28.48    334600     71948       300
01:01:58 AM   1617632    445056     21.58     24640    175760    736208     28.48    334616     71944       316
01:01:59 AM   1617540    445148     21.58     24640    175780    736208     28.48    334644     71944       336
01:02:00 AM   1617384    445304     21.59     24640    175796    736208     28.48    334652     71944       132
01:02:01 AM   1617384    445304     21.59     24648    175824    736208     28.48    334696     71948       192
01:02:02 AM   1617416    445272     21.59     24648    175840    736208     28.48    334704     71944       208
01:02:03 AM   1617416    445272     21.59     24648    175860    736208     28.48    334732     71944       228
01:02:04 AM   1617352    445336     21.59     24648    175876    736208     28.48    334744     71944       244
01:02:05 AM   1617384    445304     21.59     24648    175896    736208     28.48    334764     71944       240
01:02:06 AM   1617384    445304     21.59     24656    175912    736208     28.48    334796     71944       264
01:02:07 AM   1617260    445428     21.59     24656    175940    736208     28.48    334812     71952       292
01:02:08 AM   1617292    445396     21.59     24656    175960    736208     28.48    334872     71944       316
01:02:09 AM   1617228    445460     21.60     24656    175988    736208     28.48    334900     71944       344
01:02:10 AM   1617164    445524     21.60     24656    176008    736208     28.48    334936     71940       364
01:02:11 AM   1617416    445272     21.59     24664    176028    736208     28.48    334952     71940       384
01:02:12 AM   1617292    445396     21.59     24664    176044    736208     28.48    334980     71940       400
01:02:13 AM   1617260    445428     21.59     24664    176064    736208     28.48    334988     71940       420
01:02:14 AM   1617228    445460     21.60     24664    176084    736208     28.48    335012     71940       440
01:02:15 AM   1617276    445412     21.59     24664    176108    736208     28.48    335072     71944       464
01:02:16 AM   1617268    445420     21.59     24672    176128    736208     28.48    335064     71948       484
01:02:17 AM   1617228    445460     21.60     24672    176152    736208     28.48    335052     71948       508
01:02:18 AM   1617168    445520     21.60     24672    176168    736208     28.48    335072     71944       524
01:02:19 AM   1617012    445676     21.61     24672    176188    736208     28.48    335136     71944       544
01:02:20 AM   1616976    445712     21.61     24672    176204    736208     28.48    335128     71944         4
01:02:21 AM   1616888    445800     21.61     24680    176228    736208     28.48    335144     71944       108
01:02:22 AM   1616920    445768     21.61     24680    176252    736208     28.48    335168     71944       136
01:02:23 AM   1616920    445768     21.61     24680    176272    736208     28.48    335224     71944       156
01:02:24 AM   1616920    445768     21.61     24680    176296    736208     28.48    335252     71944       180
01:02:25 AM   1616888    445800     21.61     24680    176328    736208     28.48    335292     71948       212
01:02:26 AM   1616744    445944     21.62     24688    176340    736208     28.48    335292     71944       224
01:02:27 AM   1616796    445892     21.62     24688    176360    736208     28.48    335332     71944       244
01:02:28 AM   1616788    445900     21.62     24688    176380    736208     28.48    335356     71944       264
01:02:29 AM   1616640    446048     21.62     24688    176404    736208     28.48    335388     71944       288
01:02:30 AM   1616544    446144     21.63     24688    176428    736208     28.48    335356     71948       312
01:02:31 AM   1616904    445784     21.61     24696    176448    736208     28.48    335408     71944       332
01:02:32 AM   1616756    445932     21.62     24696    176464    736208     28.48    335400     71948       348
01:02:33 AM   1616764    445924     21.62     24696    176480    736208     28.48    335460     71944       364
01:02:34 AM   1616756    445932     21.62     24696    176500    736208     28.48    335448     71944       384
01:02:35 AM   1616512    446176     21.63     24696    176520    736208     28.48    335524     71944       404
01:02:36 AM   1616628    446060     21.63     24704    176548    736208     28.48    335400     71948       432
01:02:37 AM   1616728    445960     21.62     24704    176568    736208     28.48    335368     71944       452
Average:      1618154    444534     21.55     24592    175167    736208     28.48    333955     71945       401
Linux 4.4.0-31-generic (fw-suricata) 	12/10/2017 	_i686_	(1 CPU)

04:50:50 AM kbmemfree kbmemused  %memused kbbuffers  kbcached  kbcommit   %commit  kbactive   kbinact   kbdirty
04:50:51 AM   1298544    764144     37.05     47676    465704    736396     28.49    647136     72556       400
04:50:52 AM   1298576    764112     37.04     47676    465728    736396     28.49    647172     72552       428
04:50:53 AM   1298420    764268     37.05     47676    465756    736396     28.49    647212     72552       456
04:50:54 AM   1298544    764144     37.05     47676    465784    736396     28.49    647232     72556       484
04:50:55 AM   1298452    764236     37.05     47684    465800    736396     28.49    647252     72552       508
04:50:56 AM   1298452    764236     37.05     47684    465832    736396     28.49    647276     72560       536
04:50:57 AM   1298452    764236     37.05     47684    465864    736396     28.49    647320     72552       568
04:50:58 AM   1298544    764144     37.05     47684    465880    736396     28.49    647344     72552       584
04:50:59 AM   1298328    764360     37.06     47684    465908    736396     28.49    647364     72556       612
04:51:00 AM   1298204    764484     37.06     47692    465920    736396     28.49    647392     72556       632
04:51:01 AM   1298204    764484     37.06     47692    465956    736396     28.49    647424     72556       660
04:51:02 AM   1298172    764516     37.06     47692    465972    736396     28.49    647448     72552       676
04:51:03 AM   1298080    764608     37.07     47692    466000    736396     28.49    647484     72552       704
04:51:04 AM   1298080    764608     37.07     47692    466032    736396     28.49    647508     72560       736
04:51:05 AM   1298204    764484     37.06     47700    466044    736396     28.49    647524     72556       756
04:51:06 AM   1297956    764732     37.07     47700    466076    736396     28.49    647576     72560       780
04:51:07 AM   1297956    764732     37.07     47704    466100    736396     28.49    647576     72556       808
04:51:08 AM   1298044    764644     37.07     47704    466132    736396     28.49    647632     72552       804
04:51:09 AM   1298048    764640     37.07     47704    466152    736396     28.49    647632     72552       824
04:51:10 AM   1297924    764764     37.08     47712    466172    736396     28.49    647624     72552       852
04:51:11 AM   1297888    764800     37.08     47712    466208    736396     28.49    647700     72552       892
04:51:12 AM   1297924    764764     37.08     47712    466228    736396     28.49    647720     72552       448
04:51:13 AM   1297896    764792     37.08     47712    466252    736396     28.49    647732     72556       452
04:51:14 AM   1297924    764764     37.08     47712    466280    736396     28.49    647776     72552       480
04:51:15 AM   1297808    764880     37.08     47712    466300    736396     28.49    647800     72552       500
04:51:16 AM   1297832    764856     37.08     47720    466332    736396     28.49    647828     72556       552
04:51:17 AM   1297640    765048     37.09     47720    466352    736396     28.49    647900     72552       572
04:51:18 AM   1297660    765028     37.09     47720    466380    736396     28.49    647904     72552       556
04:51:19 AM   1297568    765120     37.09     47720    466400    736396     28.49    647928     72548       576
04:51:20 AM   1297568    765120     37.09     47720    466416    736396     28.49    647972     72548       592
04:51:21 AM   1297568    765120     37.09     47728    466448    736396     28.49    648020     72548       652
04:51:22 AM   1297692    764996     37.09     47740    466464    736396     28.49    648012     72552       204
04:51:23 AM   1297408    765280     37.10     47740    466504    736396     28.49    648064     72552       224
04:51:24 AM   1297552    765136     37.09     47740    466528    736396     28.49    648088     72548       248
04:51:25 AM   1297568    765120     37.09     47740    466560    736396     28.49    648116     72556       280
04:51:26 AM   1297568    765120     37.09     47748    466588    736396     28.49    648144     72552       344
04:51:27 AM   1297412    765276     37.10     47748    466604    736396     28.49    648164     72552       360
04:51:28 AM   1297412    765276     37.10     47748    466620    736396     28.49    648192     72552       376
04:51:29 AM   1297420    765268     37.10     47748    466632    736396     28.49    648204     72552       388
04:51:30 AM   1297420    765268     37.10     47748    466652    736396     28.49    648220     72556       408
04:51:31 AM   1297420    765268     37.10     47756    466664    736396     28.49    648204     72552       420
04:51:32 AM   1297444    765244     37.10     47756    466684    736396     28.49    648260     72552       440
04:51:33 AM   1297380    765308     37.10     47756    466700    736396     28.49    648276     72552       456
04:51:34 AM   1297444    765244     37.10     47756    466716    736396     28.49    648296     72552       472
04:51:35 AM   1297412    765276     37.10     47756    466728    736396     28.49    648344     72552       484
04:51:36 AM   1297328    765360     37.10     47764    466748    736396     28.49    648296     72556       504
04:51:37 AM   1297232    765456     37.11     47764    466760    736396     28.49    648616     72552       516
04:51:38 AM   1297280    765408     37.11     47764    466784    736396     28.49    648444     72560       540
04:51:39 AM   1297412    765276     37.10     47764    466804    736396     28.49    648392     72552       560
04:51:40 AM   1297196    765492     37.11     47764    466820    736396     28.49    648408     72552       576
04:51:41 AM   1297132    765556     37.11     47772    466832    736396     28.49    648428     72552       588
04:51:42 AM   1297164    765524     37.11     47772    466852    736396     28.49    648444     72552       608
04:51:43 AM   1297164    765524     37.11     47772    466864    736396     28.49    648460     72552       620
04:51:44 AM   1297164    765524     37.11     47772    466880    736396     28.49    648480     72552       636
04:51:45 AM   1297164    765524     37.11     47772    466892    736396     28.49    648492     72552       648
04:51:46 AM   1297072    765616     37.12     47780    466916    736396     28.49    648504     72556       672
04:51:47 AM   1297040    765648     37.12     47780    466932    736396     28.49    648552     72560       456
04:51:48 AM   1297040    765648     37.12     47780    466948    736396     28.49    648564     72556       464
04:51:49 AM   1297072    765616     37.12     47780    466960    736396     28.49    648568     72552       480
04:51:50 AM   1297040    765648     37.12     47780    466976    736396     28.49    648552     72552       496
04:51:51 AM   1297072    765616     37.12     47788    466988    736396     28.49    648608     72552       524
04:51:52 AM   1297036    765652     37.12     47788    467008    736396     28.49    648628     72556       544
04:51:53 AM   1297064    765624     37.12     47788    467028    736396     28.49    648644     72556       548
04:51:54 AM   1297072    765616     37.12     47788    467044    736396     28.49    648676     72552       564
04:51:55 AM   1296948    765740     37.12     47788    467068    736396     28.49    648692     72560       588
04:51:56 AM   1296912    765776     37.13     47796    467084    736396     28.49    648700     72552       604
04:51:57 AM   1296928    765760     37.12     47796    467096    736396     28.49    648768     72548        64
04:51:58 AM   1296948    765740     37.12     47796    467124    736396     28.49    648768     72556       112
04:51:59 AM   1296948    765740     37.12     47796    467136    736396     28.49    648788     72548       124
04:52:00 AM   1296916    765772     37.12     47796    467160    736396     28.49    648764     72552       148
04:52:01 AM   1296808    765880     37.13     47804    467168    736396     28.49    648836     72552       164
04:52:02 AM   1296824    765864     37.13     47804    467196    736396     28.49    648864     72552       216
04:52:03 AM   1296816    765872     37.13     47804    467208    736396     28.49    648860     72552       228
04:52:04 AM   1296792    765896     37.13     47804    467228    736396     28.49    648884     72552       248
04:52:05 AM   1296792    765896     37.13     47804    467244    736396     28.49    648900     72552       264
04:52:06 AM   1296824    765864     37.13     47812    467256    736396     28.49    648876     72552       284
04:52:07 AM   1296700    765988     37.14     47812    467288    736396     28.49    648940     72556       308
04:52:08 AM   1296700    765988     37.14     47812    467312    736396     28.49    648980     72552       332
04:52:09 AM   1296668    766020     37.14     47812    467328    736396     28.49    649008     72552       348
04:52:10 AM   1296780    765908     37.13     47812    467356    736396     28.49    649044     72560       376
04:52:11 AM   1296592    766096     37.14     47820    467368    736396     28.49    649052     72552       396
04:52:12 AM   1296592    766096     37.14     47820    467396    736396     28.49    649076     72552       416
04:52:13 AM   1296556    766132     37.14     47820    467412    736396     28.49    649092     72552       432
04:52:14 AM   1296524    766164     37.14     47820    467444    736396     28.49    649140     72552       464
04:52:15 AM   1296576    766112     37.14     47820    467460    736396     28.49    649132     72552       480
04:52:16 AM   1296436    766252     37.15     47828    467472    736396     28.49    649168     72552       500
04:52:17 AM   1296452    766236     37.15     47828    467496    736396     28.49    649192     72552       516
04:52:18 AM   1296408    766280     37.15     47828    467520    736396     28.49    649216     72556       540
04:52:19 AM   1296452    766236     37.15     47828    467536    736396     28.49    649220     72552       556
04:52:20 AM   1296444    766244     37.15     47828    467556    736396     28.49    649252     72552       576
04:52:21 AM   1296220    766468     37.16     47836    467572    736396     28.49    649272     72556       600
04:52:22 AM   1296196    766492     37.16     47836    467596    736396     28.49    649264     72552       436
04:52:23 AM   1296376    766312     37.15     47836    467620    736396     28.49    649412     72560       472
04:52:24 AM   1296312    766376     37.15     47836    467644    736396     28.49    649344     72560       496
04:52:25 AM   1296220    766468     37.16     47836    467664    736396     28.49    649384     72552       516
04:52:26 AM   1296064    766624     37.17     47844    467680    736396     28.49    649392     72556       540
04:52:27 AM   1296204    766484     37.16     47844    467708    736396     28.49    649424     72552       576
04:52:28 AM   1296188    766500     37.16     47844    467728    736396     28.49    649440     72552       580
04:52:29 AM   1296096    766592     37.16     47844    467748    736396     28.49    649464     72552       600
04:52:30 AM   1296096    766592     37.16     47844    467772    736396     28.49    649488     72552       624
04:52:31 AM   1296048    766640     37.17     47852    467784    736396     28.49    649508     72552       644
04:52:32 AM   1296080    766608     37.17     47852    467808    736396     28.49    649540     72552       108
04:52:33 AM   1296080    766608     37.17     47852    467828    736396     28.49    649548     72552       128
04:52:34 AM   1296080    766608     37.17     47852    467844    736396     28.49    649580     72552       168
04:52:35 AM   1296048    766640     37.17     47852    467868    736396     28.49    649564     72548       192
04:52:36 AM   1295920    766768     37.17     47860    467876    736396     28.49    649620     72548       208
04:52:37 AM   1296080    766608     37.17     47860    467908    736396     28.49    649680     72552       268
04:52:38 AM   1295956    766732     37.17     47860    467924    736396     28.49    649672     72548       284
04:52:39 AM   1295924    766764     37.17     47860    467944    736396     28.49    649700     72548       304
04:52:40 AM   1295924    766764     37.17     47860    467964    736396     28.49    649716     72548       324
04:52:41 AM   1295956    766732     37.17     47868    467980    736396     28.49    649752     72548       348
04:52:42 AM   1295832    766856     37.18     47868    468016    736396     28.49    649760     72560       376
04:52:43 AM   1295768    766920     37.18     47868    468044    736396     28.49    649792     72560       404
04:52:44 AM   1295832    766856     37.18     47868    468060    736396     28.49    649820     72552       420
04:52:45 AM   1295924    766764     37.17     47868    468080    736396     28.49    649848     72552       440
04:52:46 AM   1295956    766732     37.17     47876    468092    736396     28.49    649848     72552       460
04:52:47 AM   1295832    766856     37.18     47876    468120    736396     28.49    649884     72552       480
04:52:48 AM   1295832    766856     37.18     47876    468136    736396     28.49    649896     72552       496
04:52:49 AM   1295640    767048     37.19     47876    468164    736396     28.49    649944     72552       524
04:52:50 AM   1295848    766840     37.18     47876    468176    736396     28.49    649940     72552       536
04:52:51 AM   1295600    767088     37.19     47884    468192    736396     28.49    649972     72552       560
04:52:52 AM   1295600    767088     37.19     47884    468216    736396     28.49    650004     72552       576
04:52:53 AM   1295600    767088     37.19     47884    468240    736396     28.49    650024     72556       600
04:52:54 AM   1295568    767120     37.19     47884    468256    736396     28.49    650040     72552       616
04:52:55 AM   1295600    767088     37.19     47884    468284    736396     28.49    650064     72556       644
04:52:56 AM   1295592    767096     37.19     47892    468296    736396     28.49    650092     72552       664
04:52:57 AM   1295568    767120     37.19     47892    468324    736396     28.49    650104     72552       504
04:52:58 AM   1295648    767040     37.19     47892    468352    736396     28.49    650164     72556       480
04:52:59 AM   1295428    767260     37.20     47892    468372    736396     28.49    650172     72552       500
04:53:00 AM   1295476    767212     37.19     47892    468384    736396     28.49    650180     72552       512
04:53:01 AM   1295328    767360     37.20     47900    468396    736396     28.49    650208     72552       532
04:53:02 AM   1295200    767488     37.21     47900    468428    736396     28.49    650300     72552       572
04:53:03 AM   1295296    767392     37.20     47900    468456    736396     28.49    650292     72560       584
04:53:04 AM   1295296    767392     37.20     47900    468476    736396     28.49    650316     72552       604
04:53:05 AM   1295320    767368     37.20     47900    468496    736396     28.49    650308     72552       624
04:53:06 AM   1295296    767392     37.20     47908    468508    736396     28.49    650324     72556       644
04:53:07 AM   1295300    767388     37.20     47912    468532    736396     28.49    650380     72556       160
04:53:08 AM   1295172    767516     37.21     47912    468552    736396     28.49    650416     72552       148
04:53:09 AM   1295224    767464     37.21     47912    468572    736396     28.49    650360     72552       168
04:53:10 AM   1295292    767396     37.20     47912    468596    736396     28.49    650272     72560       192
Average:      1296814    765874     37.13     47797    467188    736396     28.49    648832     72553       475
