Linux 4.4.0-31-generic (dpi-suricata) 	12/10/2017 	_i686_	(1 CPU)

02:40:57 AM kbmemfree kbmemused  %memused kbbuffers  kbcached  kbcommit   %commit  kbactive   kbinact   kbdirty
02:40:58 AM    402828   1659860     80.47     86316    697216    984572     38.09    772492    820376       324
02:40:59 AM    402736   1659952     80.48     86316    697240    984572     38.09    772556    820356       348
02:41:00 AM    402448   1660240     80.49     86316    697260    984572     38.09    772672    820352       368
02:41:01 AM    402076   1660612     80.51     86316    697280    984572     38.09    772688    820352       388
02:41:02 AM    402232   1660456     80.50     86320    697312    984572     38.09    772720    820352       424
02:41:03 AM    401340   1661348     80.54     86320    697344    984572     38.09    773744    820352       496
02:41:04 AM    400100   1662588     80.60     86320    697388    984572     38.09    775320    820356       540
02:41:05 AM    398612   1664076     80.68     86320    697424    984572     38.09    776860    820356       576
02:41:06 AM    396876   1665812     80.76     86320    697464    984572     38.09    778612    820352       616
02:41:07 AM    394924   1667764     80.85     86324    697496    984572     38.09    780480    820352       652
02:41:08 AM    393312   1669376     80.93     86324    697540    984572     38.09    781924    820352       692
02:41:09 AM    391576   1671112     81.02     86324    697568    984572     38.09    783660    820352       720
02:41:10 AM    389592   1673096     81.11     86324    697608    984572     38.09    785592    820352       760
02:41:11 AM    387980   1674708     81.19     86324    697644    984572     38.09    787132    820356       796
02:41:12 AM    385716   1676972     81.30     86324    697672    984572     38.09    789220    820356       824
02:41:13 AM    384260   1678428     81.37     86324    697724    984572     38.09    790848    820356       876
02:41:14 AM    382988   1679700     81.43     86324    697756    984572     38.09    792116    820348       908
02:41:15 AM    381344   1681344     81.51     86324    697776    984572     38.09    793512    820348       928
02:41:16 AM    380292   1682396     81.56     86324    697816    984572     38.09    794808    820348       968
02:41:17 AM    379268   1683420     81.61     86324    697840    984572     38.09    795824    820352       992
02:41:18 AM    377656   1685032     81.69     86324    697872    984572     38.09    797352    820352      1024
02:41:19 AM    376572   1686116     81.74     86324    697900    984572     38.09    798796    820352       540
02:41:20 AM    376036   1686652     81.77     86324    697936    984572     38.09    799092    820352       580
02:41:21 AM    374588   1688100     81.84     86324    697956    984572     38.09    800264    820348       600
02:41:22 AM    373448   1689240     81.90     86328    697984    984572     38.09    801628    820348       632
02:41:23 AM    372184   1690504     81.96     86328    698020    984572     38.09    803004    820348       664
02:41:24 AM    371364   1691324     82.00     86332    698040    984572     38.09    803804    820348       504
02:41:25 AM    370076   1692612     82.06     86332    698080    984572     38.09    804956    820356       544
02:41:26 AM    369008   1693680     82.11     86332    698104    984572     38.09    806152    820352       568
02:41:27 AM    368108   1694580     82.15     86340    698124    984572     38.09    806888    820352       596
02:41:28 AM    367612   1695076     82.18     86340    698172    984572     38.09    807268    820348       672
02:41:29 AM    366264   1696424     82.24     86340    698208    984572     38.09    808772    820352       232
02:41:30 AM    364916   1697772     82.31     86340    698240    984572     38.09    810652    820352       284
02:41:31 AM    363056   1699632     82.40     86340    698276    984572     38.09    812156    820348       320
02:41:32 AM    361628   1701060     82.47     86340    698300    984572     38.09    813316    820348       344
02:41:33 AM    360756   1701932     82.51     86340    698344    984572     38.09    814304    820348       396
02:41:34 AM    359020   1703668     82.59     86340    698368    984572     38.09    815752    820344       420
02:41:35 AM    357484   1705204     82.67     86340    698392    984572     38.09    817156    820344       444
02:41:37 AM    356756   1705932     82.70     86340    698420    984572     38.09    818844    820344       472
02:41:38 AM    355424   1707264     82.77     86340    698440    984572     38.09    819808    820344       492
02:41:39 AM    354400   1708288     82.82     86340    698464    984572     38.09    820776    820348       520
02:41:40 AM    352944   1709744     82.89     86340    698488    984572     38.09    822000    820352       544
02:41:41 AM    351920   1710768     82.94     86340    698516    984572     38.09    823008    820348       572
02:41:42 AM    351456   1711232     82.96     86340    698532    984572     38.09    823536    820348       588
02:41:43 AM    350836   1711852     82.99     86344    698556    984572     38.09    824220    820344       616
02:41:44 AM    349284   1713404     83.07     86344    698580    984572     38.09    825828    820344       636
02:41:45 AM    347132   1715556     83.17     86344    698604    984572     38.09    827780    820344       660
02:41:46 AM    345116   1717572     83.27     86344    698632    984572     38.09    829804    820344       688
02:41:47 AM    344124   1718564     83.32     86344    698656    984572     38.09    830808    820344       712
02:41:48 AM    342388   1720300     83.40     86348    698688    984572     38.09    832528    820352       748
02:41:49 AM    341240   1721448     83.46     86348    698724    984572     38.09    833604    820352       780
02:41:50 AM    339876   1722812     83.52     86348    698752    984572     38.09    835036    820344       456
02:41:51 AM    339008   1723680     83.56     86348    698772    984572     38.09    836128    820344       476
02:41:52 AM    337552   1725136     83.64     86348    698808    984572     38.09    837396    820340       512
02:41:53 AM    336048   1726640     83.71     86352    698824    984572     38.09    838800    820340       532
02:41:54 AM    335728   1726960     83.72     86352    698852    984572     38.09    839240    820344       560
02:41:55 AM    334692   1727996     83.77     86352    698868    984572     38.09    840188    820340       540
02:41:56 AM    333596   1729092     83.83     86352    698900    984572     38.09    841384    820344       576
02:41:57 AM    331620   1731068     83.92     86352    698920    984572     38.09    843200    820340       596
02:41:58 AM    330312   1732376     83.99     86352    698960    984572     38.09    844764    820348       636
02:41:59 AM    329320   1733368     84.03     86352    698984    984572     38.09    845660    820340       668
02:42:00 AM    328080   1734608     84.09     86352    699004    984572     38.09    846820    820340       628
02:42:01 AM    326996   1735692     84.15     86352    699020    984572     38.09    848072    820344       644
02:42:02 AM    326376   1736312     84.18     86352    699048    984572     38.09    848648    820340       672
02:42:03 AM    325136   1737552     84.24     86352    699072    984572     38.09    849612    820344       696
02:42:04 AM    324260   1738428     84.28     86352    699104    984572     38.09    850524    820340       732
02:42:05 AM    323484   1739204     84.32     86352    699148    984572     38.09    851276    820340       184
02:42:06 AM    323020   1739668     84.34     86352    699172    984572     38.09    851780    820336       248
02:42:07 AM    321872   1740816     84.40     86352    699192    984572     38.09    852980    820336       272
02:42:08 AM    320816   1741872     84.45     86352    699216    984572     38.09    853772    820336       296
02:42:09 AM    319704   1742984     84.50     86352    699236    984572     38.09    855156    820340       332
02:42:10 AM    318364   1744324     84.57     86352    699264    984572     38.09    856420    820340       360
02:42:11 AM    317876   1744812     84.59     86352    699292    984572     38.09    856876    820340       388
02:42:12 AM    316736   1745952     84.64     86352    699320    984572     38.09    857880    820336       416
02:42:13 AM    314736   1747952     84.74     86356    699340    984572     38.09    859908    820336       440
02:42:14 AM    313380   1749308     84.81     86356    699372    984572     38.09    861420    820336       468
02:42:15 AM    311768   1750920     84.89     86356    699448    984572     38.09    863440    820336       544
02:42:16 AM    309948   1752740     84.97     86356    699508    984572     38.09    865060    820336       604
02:42:17 AM    309204   1753484     85.01     86356    699564    984572     38.09    865684    820340       660
02:42:18 AM    307440   1755248     85.10     86364    699536    984572     38.09    867040    820340       640
02:42:19 AM    306428   1756260     85.14     86364    699576    984572     38.09    868440    820336       672
02:42:20 AM    305188   1757500     85.20     86364    699620    984572     38.09    869732    820340       716
02:42:21 AM    303948   1758740     85.26     86364    699736    984572     38.09    870952    820344       832
02:42:22 AM    302832   1759856     85.32     86364    699780    984572     38.09    872084    820340       876
02:42:23 AM    301068   1761620     85.40     86372    699824    984572     38.09    873620    820340       928
02:42:24 AM    300020   1762668     85.45     86372    699832    984572     38.09    874740    820340       932
02:42:25 AM    298028   1764660     85.55     86372    699876    984572     38.09    876728    820340       424
02:42:26 AM    297872   1764816     85.56     86372    699908    984572     38.09    876656    820344       456
02:42:27 AM    297500   1765188     85.58     86372    700016    984572     38.09    877384    820336       564
02:42:28 AM    296540   1766148     85.62     86372    700016    984572     38.09    878452    820344       564
02:42:29 AM    296008   1766680     85.65     86372    700064    984572     38.09    878476    820340       616
02:42:30 AM    295604   1767084     85.67     86372    700092    984572     38.09    878944    820336       604
02:42:31 AM    293780   1768908     85.76     86372    700136    984572     38.09    881052    820340       652
02:42:32 AM    291648   1771040     85.86     86372    700240    984572     38.09    883344    820340       756
02:42:33 AM    290040   1772648     85.94     86376    700288    984572     38.09    884504    820340       808
02:42:34 AM    288840   1773848     86.00     86376    700280    984572     38.09    886096    820332       804
02:42:35 AM    287728   1774960     86.05     86376    700380    984572     38.09    886856    820332       868
02:42:36 AM    285812   1776876     86.14     86376    700424    984572     38.09    888624    820332       912
02:42:37 AM    284992   1777696     86.18     86376    700428    984572     38.09    889796    820332       916
02:42:38 AM    283612   1779076     86.25     86384    700520    984572     38.09    891264    820336      1016
02:42:39 AM    283148   1779540     86.27     86384    700536    984572     38.09    891404    820336      1032
02:42:40 AM    282404   1780284     86.31     86384    700564    984572     38.09    892324    820336       504
02:42:41 AM    281412   1781276     86.36     86384    700668    984572     38.09    893532    820332       624
02:42:42 AM    280528   1782160     86.40     86384    700664    984572     38.09    894580    820332       620
02:42:43 AM    278616   1784072     86.49     86384    700764    984572     38.09    896168    820332       720
02:42:44 AM    277012   1785676     86.57     86384    700768    984572     38.09    897744    820328       740
02:42:45 AM    275820   1786868     86.63     86384    700852    984572     38.09    898764    820332       824
02:42:46 AM    275076   1787612     86.66     86384    700900    984572     38.09    899412    820336       872
02:42:47 AM    274084   1788604     86.71     86384    700892    984572     38.09    900280    820332       864
02:42:48 AM    273328   1789360     86.75     86384    700964    984572     38.09    901304    820336       936
02:42:49 AM    271200   1791488     86.85     86384    701044    984572     38.09    903572    820324      1016
02:42:50 AM    270116   1792572     86.90     86384    701032    984572     38.09    904588    820324      1004
02:42:51 AM    269216   1793472     86.95     86384    701088    984572     38.09    905456    820324      1060
02:42:52 AM    267512   1795176     87.03     86384    701124    984572     38.09    907112    820324      1096
02:42:53 AM    266268   1796420     87.09     86392    701204    984572     38.09    908880    820328      1184
02:42:54 AM    265032   1797656     87.15     86392    701276    984572     38.09    909728    820328      1248
02:42:55 AM    263544   1799144     87.22     86392    701344    984572     38.09    911220    820332      1316
02:42:56 AM    263164   1799524     87.24     86392    701336    984572     38.09    911408    820328      1308
02:42:57 AM    262976   1799712     87.25     86392    701440    984572     38.09    911568    820324      1412
02:42:58 AM    261924   1800764     87.30     86396    701472    984572     38.09    912868    820324      1448
02:42:59 AM    260244   1802444     87.38     86396    701484    984572     38.09    914136    820332      1456
02:43:00 AM    257904   1804784     87.50     86396    701544    984572     38.09    916460    820328        44
02:43:01 AM    256820   1805868     87.55     86396    701568    984572     38.09    917848    820328       108
02:43:02 AM    255208   1807480     87.63     86396    701620    984572     38.09    919184    820332       160
02:43:03 AM    254028   1808660     87.68     86400    701664    984572     38.09    920328    820328       208
02:43:04 AM    253672   1809016     87.70     86400    701772    984572     38.09    920764    820340       348
02:43:05 AM    253532   1809156     87.71     86400    701780    984572     38.09    920796    820324       356
02:43:06 AM    253596   1809092     87.71     86400    701812    984572     38.09    920708    820324       388
02:43:07 AM    253572   1809116     87.71     86400    701920    984572     38.09    920748    820324       496
02:43:08 AM    253604   1809084     87.71     86408    701904    984572     38.09    920848    820328       488
02:43:09 AM    253412   1809276     87.71     86408    701992    984572     38.09    920924    820328       568
02:43:10 AM    253580   1809108     87.71     86408    701984    984572     38.09    920956    820324       560
02:43:11 AM    253432   1809256     87.71     86408    702084    984572     38.09    921012    820328       660
02:43:12 AM    253448   1809240     87.71     86408    702068    984572     38.09    920980    820324       644
02:43:13 AM    253432   1809256     87.71     86412    702096    984572     38.09    921048    820324       676
02:43:14 AM    253332   1809356     87.72     86412    702144    984572     38.09    921120    820324       720
02:43:15 AM    253268   1809420     87.72     86412    702164    984572     38.09    921116    820324       740
02:43:16 AM    253276   1809412     87.72     86412    702196    984572     38.09    921148    820328       772
02:43:17 AM    253448   1809240     87.71     86412    702224    984572     38.09    921080    820332       800
02:43:18 AM    253480   1809208     87.71     86412    702256    984572     38.09    920984    820332       832
Average:       320546   1742142     84.46     86360    699512    984572     38.09    854305    820340       651
