Linux 4.4.0-31-generic (ids-suricata) 	12/10/2017 	_i686_	(1 CPU)

03:16:00 AM kbmemfree kbmemused  %memused kbbuffers  kbcached  kbcommit   %commit  kbactive   kbinact   kbdirty
03:16:01 AM    141872   1920816     93.12     83736    936372    746896     28.89   1051676    805008       104
03:16:02 AM    141700   1920988     93.13     83736    936408    746896     28.89   1051732    804992       192
03:16:03 AM    141748   1920940     93.13     83736    936428    746896     28.89   1051756    804988       212
03:16:04 AM    141592   1921096     93.14     83736    936460    746896     28.89   1051788    804988       248
03:16:05 AM    141500   1921188     93.14     83736    936484    746896     28.89   1051820    804988       272
03:16:06 AM    141716   1920972     93.13     83736    936508    746896     28.89   1051832    804992       296
03:16:07 AM    136636   1926052     93.38     83736    936536    759616     29.39   1055088    804984       324
03:16:08 AM    136124   1926564     93.40     83736    936564    759616     29.39   1055120    804988       364
03:16:09 AM    136172   1926516     93.40     83736    936596    759616     29.39   1055160    804988       396
03:16:10 AM    136156   1926532     93.40     83736    936620    759616     29.39   1055180    804988       420
03:16:11 AM    135768   1926920     93.42     83736    936652    759616     29.39   1055220    804988       452
03:16:12 AM    136032   1926656     93.41     83736    936680    759616     29.39   1055260    804980       496
03:16:13 AM    135892   1926796     93.41     83736    936708    759616     29.39   1055296    804980       524
03:16:14 AM    135784   1926904     93.42     83736    936740    759616     29.39   1055332    804980       556
03:16:15 AM    135768   1926920     93.42     83736    936756    759616     29.39   1055340    804980       572
03:16:16 AM    135800   1926888     93.42     83740    936788    759616     29.39   1055372    804988       608
03:16:17 AM    135660   1927028     93.42     83740    936828    759616     29.39   1055428    804980       644
03:16:18 AM    135660   1927028     93.42     83740    936864    759616     29.39   1055460    804988       680
03:16:19 AM    135536   1927152     93.43     83740    936908    759616     29.39   1055508    804988       724
03:16:20 AM    135504   1927184     93.43     83740    936948    759616     29.39   1055564    804992       764
03:16:21 AM    135396   1927292     93.44     83744    936984    759616     29.39   1055612    804988       804
03:16:22 AM    135396   1927292     93.44     83744    937024    759616     29.39   1055660    804992       840
03:16:23 AM    135412   1927276     93.44     83744    937064    759616     29.39   1055704    804988       880
03:16:24 AM    135288   1927400     93.44     83744    937104    759616     29.39   1055772    804988       920
03:16:25 AM    135288   1927400     93.44     83744    937156    759616     29.39   1055828    804984       972
03:16:26 AM    135132   1927556     93.45     83748    937192    759616     29.39   1055888    804984      1012
03:16:27 AM    135068   1927620     93.45     83748    937300    759616     29.39   1055968    804980      1116
03:16:28 AM    134972   1927716     93.46     83748    937296    759616     29.39   1056020    804980      1112
03:16:29 AM    134848   1927840     93.46     83748    937348    759616     29.39   1056076    804980      1164
03:16:30 AM    134912   1927776     93.46     83748    937392    759616     29.39   1056112    804984      1208
03:16:31 AM    134724   1927964     93.47     83748    937504    759616     29.39   1056232    804980       704
03:16:32 AM    134688   1928000     93.47     83748    937552    759616     29.39   1056316    804980       744
03:16:33 AM    134364   1928324     93.49     83748    937564    759616     29.39   1056348    804976       756
03:16:34 AM    134364   1928324     93.49     83748    937608    759616     29.39   1056400    804976       800
03:16:35 AM    134224   1928464     93.49     83748    937648    759616     29.39   1056452    804976       840
03:16:36 AM    134164   1928524     93.50     83748    937692    759616     29.39   1056508    804980       228
03:16:37 AM    134356   1928332     93.49     83748    937736    759616     29.39   1056588    804972       236
03:16:38 AM    134024   1928664     93.50     83748    937824    759616     29.39   1056676    804972       348
03:16:39 AM    134052   1928636     93.50     83748    937832    759616     29.39   1056708    804972       360
03:16:40 AM    134104   1928584     93.50     83748    937880    759616     29.39   1056808    804972       408
03:16:41 AM    133820   1928868     93.51     83748    937928    759616     29.39   1056816    804972       456
03:16:42 AM    133992   1928696     93.50     83748    937980    759616     29.39   1056884    804972       504
03:16:43 AM    133904   1928784     93.51     83748    938028    759616     29.39   1056928    804968       552
03:16:44 AM    133896   1928792     93.51     83748    938152    759616     29.39   1057032    804964       676
03:16:45 AM    133840   1928848     93.51     83748    938180    759616     29.39   1057256    804992       704
03:16:46 AM    133732   1928956     93.52     83748    938252    759616     29.39   1057148    804992       776
03:16:47 AM    133672   1929016     93.52     83748    938288    759616     29.39   1057200    805012       816
03:16:48 AM    133576   1929112     93.52     83748    938356    759616     29.39   1057280    805016       884
03:16:49 AM    133516   1929172     93.53     83748    938396    759616     29.39   1057336    805008       924
03:16:50 AM    133248   1929440     93.54     83748    938440    759616     29.39   1057384    805008       968
03:16:51 AM    133360   1929328     93.53     83748    938476    759616     29.39   1057436    805008      1004
03:16:52 AM    133612   1929076     93.52     83748    938512    759616     29.39   1057476    805000      1040
03:16:53 AM    133488   1929200     93.53     83748    938536    759616     29.39   1057508    805000      1064
03:16:54 AM    133364   1929324     93.53     83748    938588    759616     29.39   1057588    805004      1116
03:16:55 AM    133364   1929324     93.53     83748    938612    759616     29.39   1057612    805000      1140
03:16:56 AM    133248   1929440     93.54     83752    938660    759616     29.39   1057668    805016      1192
03:16:57 AM    133168   1929520     93.54     83752    938688    759616     29.39   1057716    805012      1216
03:16:58 AM    133080   1929608     93.55     83752    938720    759616     29.39   1057748    805016      1248
03:16:59 AM    133016   1929672     93.55     83752    938752    759616     29.39   1057776    805016      1280
03:17:00 AM    132860   1929828     93.56     83752    938784    759616     29.39   1057820    805016      1312
03:17:01 AM    132956   1929732     93.55     83752    938820    759616     29.39   1057892    805012       476
03:17:02 AM    132892   1929796     93.56     83752    938848    759616     29.39   1057912    805004       512
03:17:03 AM    132720   1929968     93.57     83752    938872    759616     29.39   1057940    805004       536
03:17:04 AM    133004   1929684     93.55     83752    938920    759616     29.39   1057992    805008       584
03:17:05 AM    132844   1929844     93.56     83752    938948    759616     29.39   1058008    805008       612
03:17:06 AM    132752   1929936     93.56     83756    938968    759616     29.39   1058076    805008       584
03:17:07 AM    132812   1929876     93.56     83756    939008    759616     29.39   1058140    805004       632
03:17:08 AM    132816   1929872     93.56     83756    939052    759616     29.39   1058160    805004       676
03:17:09 AM    132676   1930012     93.57     83756    939076    759616     29.39   1058152    805004       700
03:17:10 AM    132548   1930140     93.57     83756    939112    759616     29.39   1058188    805008       736
03:17:11 AM    132644   1930044     93.57     83764    939140    759616     29.39   1058224    805008       220
03:17:12 AM    132496   1930192     93.58     83764    939180    759616     29.39   1058272    805004       256
03:17:13 AM    132692   1929996     93.57     83764    939208    759616     29.39   1058420    805008       284
03:17:14 AM    132716   1929972     93.57     83764    939236    759616     29.39   1058412    805004       312
03:17:15 AM    132508   1930180     93.58     83764    939268    759616     29.39   1058368    805004       348
03:17:16 AM    132520   1930168     93.58     83764    939300    759616     29.39   1058396    805008       380
03:17:17 AM    132476   1930212     93.58     83764    939328    759616     29.39   1058420    805000       432
03:17:18 AM    132332   1930356     93.58     83764    939364    759616     29.39   1058464    805000       468
03:17:19 AM    132288   1930400     93.59     83764    939404    759616     29.39   1058508    805000       508
03:17:20 AM    132368   1930320     93.58     83764    939444    759616     29.39   1058536    805012       548
03:17:21 AM    132204   1930484     93.59     83764    939480    759616     29.39   1058584    805004       584
03:17:22 AM    132352   1930336     93.58     83764    939520    759616     29.39   1058612    804996       624
03:17:23 AM    132400   1930288     93.58     83764    939552    759616     29.39   1058672    804996       656
03:17:24 AM    132288   1930400     93.59     83764    939600    759616     29.39   1058688    805000       704
03:17:25 AM    132084   1930604     93.60     83764    939648    759616     29.39   1058764    805000       752
03:17:26 AM    131972   1930716     93.60     83772    939684    759616     29.39   1058820    804996       796
03:17:27 AM    131964   1930724     93.60     83772    939736    759616     29.39   1058868    804996       840
03:17:28 AM    132068   1930620     93.60     83772    939776    759616     29.39   1058900    805000       880
03:17:29 AM    132088   1930600     93.60     83772    939812    759616     29.39   1058908    804996       916
03:17:30 AM    131916   1930772     93.60     83772    939848    759616     29.39   1058976    804996       952
03:17:31 AM    131900   1930788     93.61     83780    939944    759616     29.39   1059028    804996      1056
03:17:32 AM    131664   1931024     93.62     83780    939948    759616     29.39   1059088    805000      1052
03:17:33 AM    131660   1931028     93.62     83780    939988    759616     29.39   1059124    805000      1092
03:17:34 AM    131732   1930956     93.61     83780    940036    759616     29.39   1059176    805000      1140
03:17:35 AM    131620   1931068     93.62     83780    940096    759616     29.39   1059236    805004      1200
03:17:36 AM    131448   1931240     93.63     83784    940144    759616     29.39   1059336    805000       520
03:17:37 AM    131900   1930788     93.61     83784    940208    759616     29.39   1059380    805000       520
03:17:38 AM    131692   1930996     93.62     83784    940300    759616     29.39   1059564    804996       612
03:17:39 AM    131692   1930996     93.62     83784    940308    759616     29.39   1059540    805000       620
03:17:40 AM    131432   1931256     93.63     83784    940340    759616     29.39   1059504    805000       652
03:17:41 AM    131408   1931280     93.63     83784    940392    759616     29.39   1059556    805000       652
03:17:42 AM    131436   1931252     93.63     83784    940436    759616     29.39   1059608    805000       700
03:17:43 AM    131340   1931348     93.63     83784    940484    759616     29.39   1059648    805004       748
03:17:44 AM    131264   1931424     93.64     83784    940520    759616     29.39   1059688    805000       784
03:17:45 AM    131248   1931440     93.64     83784    940564    759616     29.39   1059728    805000       828
03:17:46 AM    131280   1931408     93.64     83784    940604    759616     29.39   1059780    805000       368
03:17:47 AM    131124   1931564     93.64     83784    940652    759616     29.39   1059828    804996       388
03:17:48 AM    131124   1931564     93.64     83784    940700    759616     29.39   1059872    805000       436
03:17:49 AM    131000   1931688     93.65     83784    940744    759616     29.39   1059904    804996       480
03:17:50 AM    131064   1931624     93.65     83784    940796    759616     29.39   1059976    805000       536
03:17:51 AM    131128   1931560     93.64     83784    940840    759616     29.39   1060016    805000       580
03:17:52 AM    130764   1931924     93.66     83784    940936    759616     29.39   1060104    804992       692
03:17:53 AM    130784   1931904     93.66     83784    940936    759616     29.39   1060096    804996       692
03:17:54 AM    130692   1931996     93.66     83784    940980    759616     29.39   1060176    804992       736
03:17:55 AM    130784   1931904     93.66     83784    941024    759616     29.39   1060220    804992       780
03:17:56 AM    130660   1932028     93.67     83784    941056    759616     29.39   1060256    804992       812
03:17:57 AM    130468   1932220     93.67     83784    941112    759616     29.39   1060312    804992       872
03:17:58 AM    130504   1932184     93.67     83784    941148    759616     29.39   1060364    804988       908
03:17:59 AM    130396   1932292     93.68     83784    941180    759616     29.39   1060400    804988       940
03:18:00 AM    130684   1932004     93.66     83784    941224    759616     29.39   1060444    804988       984
03:18:01 AM    130596   1932092     93.67     83788    941268    759616     29.39   1060472    804988      1032
03:18:02 AM    130436   1932252     93.68     83788    941312    759616     29.39   1060544    804984      1072
03:18:03 AM    130156   1932532     93.69     83788    941344    759616     29.39   1060576    804984      1104
03:18:04 AM    130172   1932516     93.69     83788    941376    759616     29.39   1060620    804984      1136
03:18:05 AM    130064   1932624     93.69     83788    941404    759616     29.39   1060644    804984      1164
03:18:06 AM    130024   1932664     93.70     83788    941448    759616     29.39   1060804    804992      1208
03:18:07 AM    130060   1932628     93.69     83792    941536    759616     29.39   1060984    804980      1296
03:18:08 AM    130132   1932556     93.69     83792    941544    759616     29.39   1060776    804988      1304
03:18:09 AM    130116   1932572     93.69     83792    941580    759616     29.39   1060800    804992      1340
03:18:10 AM    129976   1932712     93.70     83792    941620    759616     29.39   1060848    804988      1380
03:18:11 AM    129960   1932728     93.70     83792    941676    759616     29.39   1060904    804992       524
03:18:12 AM    129868   1932820     93.70     83792    941724    759616     29.39   1060960    804988       536
03:18:13 AM    129884   1932804     93.70     83792    941764    759616     29.39   1060996    804996       576
03:18:14 AM    129744   1932944     93.71     83792    941800    759616     29.39   1061036    804988       612
03:18:15 AM    129920   1932768     93.70     83792    941836    759616     29.39   1061064    804988       648
03:18:16 AM    129760   1932928     93.71     83800    941872    759616     29.39   1061120    804988       640
03:18:17 AM    129952   1932736     93.70     83800    941912    759616     29.39   1061168    804984       684
03:18:18 AM    129936   1932752     93.70     83800    941952    759616     29.39   1061212    804980       724
03:18:19 AM    129952   1932736     93.70     83800    941976    759616     29.39   1061176    804984       748
03:18:20 AM    129960   1932728     93.70     83800    942000    759616     29.39   1061124    804984       772
Average:       133058   1929630     93.55     83763    939140    759071     29.37   1057995    804993       725
