Linux 4.4.0-31-generic (dpi-suricata) 	12/10/2017 	_i686_	(1 CPU)

12:47:42 AM  CPU    %usr   %nice    %sys %iowait    %irq   %soft  %steal  %guest  %gnice   %idle
12:47:43 AM  all    0.00    0.00    9.09    0.00    0.00    0.00    1.01    0.00    0.00   89.90
12:47:44 AM  all    2.00    0.00    3.00    0.00    0.00    0.00    0.00    0.00    0.00   95.00
12:47:45 AM  all    1.00    0.00    4.00    0.00    0.00    0.00    0.00    0.00    0.00   95.00
12:47:46 AM  all    1.98    0.00    2.97    0.00    0.00    0.00    0.99    0.00    0.00   94.06
12:47:47 AM  all    3.03    0.00    2.02    0.00    0.00    0.00    0.00    0.00    0.00   94.95
12:47:48 AM  all   51.02    0.00    3.06    4.08    0.00   34.69    1.02    0.00    0.00    6.12
12:47:49 AM  all   58.59    0.00    0.00    0.00    0.00   40.40    1.01    0.00    0.00    0.00
12:47:50 AM  all   64.36    0.00    1.98    0.00    0.00   32.67    0.99    0.00    0.00    0.00
12:47:51 AM  all   57.00    0.00    1.00    0.00    0.00   42.00    0.00    0.00    0.00    0.00
12:47:52 AM  all   62.38    0.00    0.99    0.00    0.00   35.64    0.99    0.00    0.00    0.00
12:47:53 AM  all   57.00    0.00    0.00    0.00    0.00   42.00    1.00    0.00    0.00    0.00
12:47:54 AM  all   59.60    0.00    1.01    0.00    0.00   39.39    0.00    0.00    0.00    0.00
12:47:55 AM  all   55.45    0.00    0.99    0.00    0.00   43.56    0.00    0.00    0.00    0.00
12:47:56 AM  all   53.00    0.00    1.00    0.00    0.00   43.00    3.00    0.00    0.00    0.00
12:47:57 AM  all   59.00    0.00    1.00    0.00    0.00   39.00    1.00    0.00    0.00    0.00
12:47:58 AM  all   44.00    0.00    1.00    0.00    0.00   54.00    1.00    0.00    0.00    0.00
12:47:59 AM  all   45.00    0.00    2.00    0.00    0.00   51.00    2.00    0.00    0.00    0.00
12:48:00 AM  all   44.55    0.00    2.97    0.00    0.00   48.51    3.96    0.00    0.00    0.00
12:48:01 AM  all   37.62    0.00    0.99    0.00    0.00   57.43    3.96    0.00    0.00    0.00
12:48:02 AM  all   32.65    0.00    1.02    0.00    0.00   65.31    1.02    0.00    0.00    0.00
12:48:03 AM  all   47.52    0.00    1.98    0.00    0.00   46.53    3.96    0.00    0.00    0.00
12:48:04 AM  all   42.57    0.00    0.99    0.00    0.00   54.46    1.98    0.00    0.00    0.00
12:48:05 AM  all   34.34    0.00    1.01    0.00    0.00   62.63    2.02    0.00    0.00    0.00
12:48:06 AM  all   36.00    0.00    2.00    0.00    0.00   61.00    1.00    0.00    0.00    0.00
12:48:07 AM  all   43.56    0.00    0.99    0.00    0.00   54.46    0.99    0.00    0.00    0.00
12:48:08 AM  all   48.00    0.00    1.00    0.00    0.00   49.00    2.00    0.00    0.00    0.00
12:48:09 AM  all   41.58    0.00    1.98    0.00    0.00   54.46    1.98    0.00    0.00    0.00
12:48:10 AM  all   49.00    0.00    2.00    0.00    0.00   48.00    1.00    0.00    0.00    0.00
12:48:11 AM  all   42.57    0.00    0.00    0.00    0.00   56.44    0.99    0.00    0.00    0.00
12:48:12 AM  all   40.40    0.00    1.01    0.00    0.00   58.59    0.00    0.00    0.00    0.00
12:48:13 AM  all   45.54    0.00    2.97    0.00    0.00   50.50    0.99    0.00    0.00    0.00
12:48:14 AM  all   46.53    0.00    3.96    0.00    0.00   45.54    3.96    0.00    0.00    0.00
12:48:15 AM  all   39.00    0.00    2.00    0.00    0.00   58.00    1.00    0.00    0.00    0.00
12:48:16 AM  all   52.00    0.00    2.00    0.00    0.00   45.00    1.00    0.00    0.00    0.00
12:48:17 AM  all   45.54    0.00    1.98    0.00    0.00   49.50    2.97    0.00    0.00    0.00
12:48:18 AM  all   45.00    0.00    1.00    0.00    0.00   52.00    2.00    0.00    0.00    0.00
12:48:19 AM  all   47.00    0.00    1.00    0.00    0.00   51.00    1.00    0.00    0.00    0.00
12:48:20 AM  all   52.00    0.00    2.00    0.00    0.00   43.00    3.00    0.00    0.00    0.00
12:48:21 AM  all   44.55    0.00    2.97    0.00    0.00   50.50    1.98    0.00    0.00    0.00
12:48:22 AM  all   48.00    0.00    1.00    0.00    0.00   49.00    2.00    0.00    0.00    0.00
12:48:23 AM  all   44.55    0.00    0.99    0.00    0.00   52.48    1.98    0.00    0.00    0.00
12:48:24 AM  all   42.27    0.00    2.06    0.00    0.00   53.61    2.06    0.00    0.00    0.00
12:48:25 AM  all   47.06    0.00    0.98    0.00    0.00   49.02    2.94    0.00    0.00    0.00
12:48:26 AM  all   51.00    0.00    1.00    0.00    0.00   47.00    1.00    0.00    0.00    0.00
12:48:27 AM  all   53.47    0.00    0.99    0.00    0.00   43.56    1.98    0.00    0.00    0.00
12:48:28 AM  all   38.38    0.00    0.00    0.00    0.00   57.58    4.04    0.00    0.00    0.00
12:48:29 AM  all   40.20    0.00    2.94    0.00    0.00   54.90    1.96    0.00    0.00    0.00
12:48:30 AM  all   50.51    0.00    1.01    0.00    0.00   46.46    2.02    0.00    0.00    0.00
12:48:31 AM  all   44.55    0.00    1.98    0.00    0.00   50.50    2.97    0.00    0.00    0.00
12:48:32 AM  all   45.00    0.00    1.00    0.00    0.00   50.00    4.00    0.00    0.00    0.00
12:48:33 AM  all   47.47    0.00    1.01    0.00    0.00   50.51    1.01    0.00    0.00    0.00
12:48:34 AM  all   58.25    0.00    1.94    0.00    0.00   38.83    0.97    0.00    0.00    0.00
12:48:35 AM  all   47.47    0.00    0.00    0.00    0.00   51.52    1.01    0.00    0.00    0.00
12:48:36 AM  all   44.00    0.00    2.00    0.00    0.00   54.00    0.00    0.00    0.00    0.00
12:48:37 AM  all   45.00    0.00    2.00    0.00    0.00   51.00    2.00    0.00    0.00    0.00
12:48:38 AM  all   46.46    0.00    1.01    0.00    0.00   50.51    2.02    0.00    0.00    0.00
12:48:39 AM  all   41.00    0.00    3.00    0.00    0.00   53.00    3.00    0.00    0.00    0.00
12:48:40 AM  all   49.00    0.00    1.00    0.00    0.00   49.00    1.00    0.00    0.00    0.00
12:48:41 AM  all   47.00    0.00    1.00    0.00    0.00   50.00    2.00    0.00    0.00    0.00
12:48:42 AM  all   45.00    0.00    1.00    0.00    0.00   51.00    3.00    0.00    0.00    0.00
12:48:43 AM  all   33.66    0.00    0.99    0.00    0.00   63.37    1.98    0.00    0.00    0.00
12:48:44 AM  all   43.56    0.00    1.98    0.00    0.00   53.47    0.99    0.00    0.00    0.00
12:48:45 AM  all   40.00    0.00    1.00    0.00    0.00   56.00    3.00    0.00    0.00    0.00
12:48:46 AM  all   49.00    0.00    1.00    0.00    0.00   49.00    1.00    0.00    0.00    0.00
12:48:47 AM  all   43.43    0.00    0.00    0.00    0.00   56.57    0.00    0.00    0.00    0.00
12:48:48 AM  all   45.00    0.00    1.00    0.00    0.00   51.00    3.00    0.00    0.00    0.00
12:48:49 AM  all   37.62    0.00    1.98    0.00    0.00   58.42    1.98    0.00    0.00    0.00
12:48:50 AM  all   43.43    0.00    1.01    0.00    0.00   54.55    1.01    0.00    0.00    0.00
12:48:51 AM  all   46.08    0.00    1.96    0.00    0.00   50.00    1.96    0.00    0.00    0.00
12:48:52 AM  all   41.41    0.00    2.02    0.00    0.00   55.56    1.01    0.00    0.00    0.00
12:48:53 AM  all   34.31    0.00    0.98    0.00    0.00   61.76    2.94    0.00    0.00    0.00
12:48:54 AM  all   44.00    0.00    1.00    0.00    0.00   53.00    2.00    0.00    0.00    0.00
12:48:55 AM  all   40.00    0.00    2.00    0.00    0.00   58.00    0.00    0.00    0.00    0.00
12:48:56 AM  all   46.00    0.00    1.00    0.00    0.00   51.00    2.00    0.00    0.00    0.00
12:48:57 AM  all   54.46    0.00    0.99    0.00    0.00   43.56    0.99    0.00    0.00    0.00
12:48:58 AM  all   48.00    0.00    1.00    0.00    0.00   50.00    1.00    0.00    0.00    0.00
12:48:59 AM  all   51.00    0.00    2.00    0.00    0.00   44.00    3.00    0.00    0.00    0.00
12:49:00 AM  all   44.00    0.00    1.00    0.00    0.00   53.00    2.00    0.00    0.00    0.00
12:49:01 AM  all   35.64    0.00    1.98    0.00    0.00   60.40    1.98    0.00    0.00    0.00
12:49:02 AM  all   60.61    0.00    0.00    0.00    0.00   39.39    0.00    0.00    0.00    0.00
12:49:03 AM  all   39.00    0.00    1.00    0.00    0.00   58.00    2.00    0.00    0.00    0.00
12:49:04 AM  all   47.52    0.00    1.98    0.00    0.00   48.51    1.98    0.00    0.00    0.00
12:49:05 AM  all   49.00    0.00    0.00    0.00    0.00   49.00    2.00    0.00    0.00    0.00
12:49:06 AM  all   38.00    0.00    1.00    0.00    0.00   59.00    2.00    0.00    0.00    0.00
12:49:07 AM  all   44.44    0.00    2.02    0.00    0.00   52.53    1.01    0.00    0.00    0.00
12:49:08 AM  all   32.67    0.00    0.99    0.00    0.00   65.35    0.99    0.00    0.00    0.00
12:49:09 AM  all   49.50    0.00    0.99    0.00    0.00   47.52    1.98    0.00    0.00    0.00
12:49:10 AM  all   42.42    0.00    2.02    0.00    0.00   53.54    2.02    0.00    0.00    0.00
12:49:11 AM  all   50.51    0.00    1.01    0.00    0.00   47.47    1.01    0.00    0.00    0.00
12:49:12 AM  all   44.00    0.00    1.00    0.00    0.00   53.00    2.00    0.00    0.00    0.00
12:49:13 AM  all   52.48    0.00    1.98    0.00    0.00   43.56    1.98    0.00    0.00    0.00
12:49:14 AM  all   47.47    0.00    1.01    0.00    0.00   51.52    0.00    0.00    0.00    0.00
12:49:15 AM  all   53.47    0.00    1.98    0.00    0.00   43.56    0.99    0.00    0.00    0.00
12:49:16 AM  all   36.89    0.00    1.94    0.00    0.00   58.25    2.91    0.00    0.00    0.00
12:49:17 AM  all   32.65    0.00    2.04    0.00    0.00   63.27    2.04    0.00    0.00    0.00
12:49:18 AM  all   51.92    0.00    0.96    0.00    0.00   45.19    1.92    0.00    0.00    0.00
12:49:19 AM  all   45.36    0.00    2.06    0.00    0.00   51.55    1.03    0.00    0.00    0.00
12:49:20 AM  all   45.45    0.00    0.00    0.00    0.00   53.54    1.01    0.00    0.00    0.00
12:49:21 AM  all   44.55    0.00    0.00    0.00    0.00   53.47    1.98    0.00    0.00    0.00
12:49:22 AM  all   46.00    0.00    1.00    0.00    0.00   50.00    3.00    0.00    0.00    0.00
12:49:23 AM  all   39.00    0.00    2.00    0.00    0.00   56.00    3.00    0.00    0.00    0.00
12:49:24 AM  all   36.63    0.00    1.98    0.00    0.00   59.41    1.98    0.00    0.00    0.00
12:49:25 AM  all   46.00    0.00    0.00    0.00    0.00   53.00    1.00    0.00    0.00    0.00
12:49:26 AM  all   37.62    0.00    1.98    0.00    0.00   58.42    1.98    0.00    0.00    0.00
12:49:27 AM  all   37.37    0.00    1.01    0.00    0.00   60.61    1.01    0.00    0.00    0.00
12:49:28 AM  all   57.00    0.00    2.00    0.00    0.00   40.00    1.00    0.00    0.00    0.00
12:49:29 AM  all   49.50    0.00    0.99    0.00    0.00   47.52    1.98    0.00    0.00    0.00
12:49:30 AM  all   34.00    0.00    1.00    0.00    0.00   64.00    1.00    0.00    0.00    0.00
12:49:31 AM  all   41.58    0.00    1.98    0.00    0.00   53.47    2.97    0.00    0.00    0.00
12:49:32 AM  all   42.00    0.00    1.00    0.00    0.00   54.00    3.00    0.00    0.00    0.00
12:49:33 AM  all   40.00    0.00    1.00    0.00    0.00   57.00    2.00    0.00    0.00    0.00
12:49:34 AM  all   39.00    0.00    1.00    0.00    0.00   57.00    3.00    0.00    0.00    0.00
12:49:35 AM  all   46.53    0.00    0.99    0.00    0.00   50.50    1.98    0.00    0.00    0.00
12:49:36 AM  all   58.59    0.00    1.01    0.00    0.00   39.39    1.01    0.00    0.00    0.00
12:49:37 AM  all   48.04    0.00    0.98    0.00    0.00   49.02    1.96    0.00    0.00    0.00
12:49:38 AM  all   50.51    0.00    1.01    0.00    0.00   46.46    2.02    0.00    0.00    0.00
12:49:39 AM  all   36.63    0.00    1.98    0.00    0.00   60.40    0.99    0.00    0.00    0.00
12:49:40 AM  all   48.48    0.00    1.01    0.00    0.00   49.49    1.01    0.00    0.00    0.00
12:49:41 AM  all   36.63    0.00    2.97    0.00    0.00   57.43    2.97    0.00    0.00    0.00
12:49:42 AM  all   48.00    0.00    1.00    0.00    0.00   50.00    1.00    0.00    0.00    0.00
12:49:43 AM  all   53.47    0.00    1.98    0.00    0.00   42.57    1.98    0.00    0.00    0.00
12:49:44 AM  all   49.00    0.00    1.00    0.00    0.00   50.00    0.00    0.00    0.00    0.00
12:49:45 AM  all   36.00    0.00    1.00    0.00    0.00   61.00    2.00    0.00    0.00    0.00
12:49:46 AM  all   49.02    0.00    1.96    0.00    0.00   47.06    1.96    0.00    0.00    0.00
12:49:47 AM  all   58.59    0.00    2.02    0.00    0.00   36.36    0.00    0.00    0.00    3.03
12:49:48 AM  all   12.24    0.00    2.04    6.12    0.00    5.10    0.00    0.00    0.00   74.49
12:49:49 AM  all    1.01    0.00    3.03    0.00    0.00    0.00    1.01    0.00    0.00   94.95
12:49:50 AM  all    3.03    0.00    1.01    0.00    0.00    0.00    0.00    0.00    0.00   95.96
12:49:51 AM  all    1.01    0.00    2.02    0.00    0.00    0.00    1.01    0.00    0.00   95.96
12:49:52 AM  all    1.02    0.00    3.06    0.00    0.00    0.00    0.00    0.00    0.00   95.92
12:49:53 AM  all    3.00    0.00    2.00    2.00    0.00    0.00    0.00    0.00    0.00   93.00
12:49:54 AM  all    2.02    0.00    2.02    0.00    0.00    0.00    1.01    0.00    0.00   94.95
12:49:55 AM  all    1.01    0.00    3.03    0.00    0.00    0.00    0.00    0.00    0.00   95.96
12:49:56 AM  all    3.03    0.00    2.02    0.00    0.00    0.00    0.00    0.00    0.00   94.95
12:49:57 AM  all    2.00    0.00    2.00    0.00    0.00    1.00    1.00    0.00    0.00   94.00
12:49:58 AM  all    3.00    0.00    4.00    1.00    0.00    0.00    0.00    0.00    0.00   92.00
12:49:59 AM  all    2.04    0.00    2.04    0.00    0.00    0.00    0.00    0.00    0.00   95.92
12:50:00 AM  all    1.98    0.00    2.97    0.00    0.00    0.00    0.99    0.00    0.00   94.06
12:50:01 AM  all    2.02    0.00    2.02    0.00    0.00    0.00    0.00    0.00    0.00   95.96
12:50:02 AM  all    1.02    0.00    3.06    0.00    0.00    0.00    0.00    0.00    0.00   95.92
Average:     all   39.63    0.00    1.58    0.09    0.00   43.83    1.53    0.00    0.00   13.34
Linux 4.4.0-31-generic (dpi-suricata) 	12/10/2017 	_i686_	(1 CPU)

04:38:16 AM  CPU    %usr   %nice    %sys %iowait    %irq   %soft  %steal  %guest  %gnice   %idle
04:38:17 AM  all    1.01    0.00    8.08    0.00    0.00    1.01    0.00    0.00    0.00   89.90
04:38:18 AM  all    0.99    0.00    2.97    0.00    0.00    0.00    0.99    0.00    0.00   95.05
04:38:19 AM  all    1.02    0.00    2.04    0.00    0.00    0.00    0.00    0.00    0.00   96.94
04:38:20 AM  all    2.00    0.00    3.00    0.00    0.00    0.00    0.00    0.00    0.00   95.00
04:38:21 AM  all    1.02    0.00    2.04    0.00    0.00    0.00    0.00    0.00    0.00   96.94
04:38:22 AM  all   55.45    0.00    0.99    1.98    0.00   33.66    0.99    0.00    0.00    6.93
04:38:23 AM  all   51.49    0.00    0.99    0.00    0.00   45.54    1.98    0.00    0.00    0.00
04:38:24 AM  all   54.46    0.00    1.98    0.00    0.00   42.57    0.99    0.00    0.00    0.00
04:38:25 AM  all   52.53    0.00    1.01    0.00    0.00   46.46    0.00    0.00    0.00    0.00
04:38:26 AM  all   48.51    0.00    0.99    0.00    0.00   48.51    1.98    0.00    0.00    0.00
04:38:27 AM  all   55.00    0.00    1.00    0.00    0.00   44.00    0.00    0.00    0.00    0.00
04:38:28 AM  all   53.00    0.00    1.00    0.00    0.00   44.00    2.00    0.00    0.00    0.00
04:38:29 AM  all   54.00    0.00    2.00    0.00    0.00   44.00    0.00    0.00    0.00    0.00
04:38:30 AM  all   56.00    0.00    2.00    0.00    0.00   41.00    1.00    0.00    0.00    0.00
04:38:31 AM  all   58.00    0.00    1.00    0.00    0.00   40.00    1.00    0.00    0.00    0.00
04:38:32 AM  all   40.00    0.00    2.00    0.00    0.00   56.00    2.00    0.00    0.00    0.00
04:38:33 AM  all   39.00    0.00    2.00    0.00    0.00   56.00    3.00    0.00    0.00    0.00
04:38:34 AM  all   40.59    0.00    0.00    0.00    0.00   58.42    0.99    0.00    0.00    0.00
04:38:35 AM  all   35.00    0.00    1.00    0.00    0.00   63.00    1.00    0.00    0.00    0.00
04:38:36 AM  all   54.00    0.00    1.00    0.00    0.00   44.00    1.00    0.00    0.00    0.00
04:38:37 AM  all   34.00    0.00    0.00    0.00    0.00   64.00    2.00    0.00    0.00    0.00
04:38:38 AM  all   44.00    0.00    1.00    0.00    0.00   54.00    1.00    0.00    0.00    0.00
04:38:39 AM  all   49.00    0.00    2.00    0.00    0.00   48.00    1.00    0.00    0.00    0.00
04:38:40 AM  all   45.00    0.00    1.00    0.00    0.00   54.00    0.00    0.00    0.00    0.00
04:38:41 AM  all   52.00    0.00    2.00    0.00    0.00   44.00    2.00    0.00    0.00    0.00
04:38:42 AM  all   45.54    0.00    1.98    0.00    0.00   50.50    1.98    0.00    0.00    0.00
04:38:43 AM  all   44.55    0.00    1.98    0.00    0.00   51.49    1.98    0.00    0.00    0.00
04:38:44 AM  all   45.00    0.00    2.00    0.00    0.00   51.00    2.00    0.00    0.00    0.00
04:38:45 AM  all   45.00    0.00    1.00    0.00    0.00   52.00    2.00    0.00    0.00    0.00
04:38:46 AM  all   48.51    0.00    0.99    0.00    0.00   48.51    1.98    0.00    0.00    0.00
04:38:47 AM  all   49.50    0.00    0.00    0.00    0.00   48.51    1.98    0.00    0.00    0.00
04:38:48 AM  all   30.30    0.00    2.02    0.00    0.00   65.66    2.02    0.00    0.00    0.00
04:38:49 AM  all   39.39    0.00    2.02    0.00    0.00   55.56    3.03    0.00    0.00    0.00
04:38:50 AM  all   45.54    0.00    0.99    0.00    0.00   49.50    3.96    0.00    0.00    0.00
04:38:51 AM  all   49.00    0.00    1.00    0.00    0.00   48.00    2.00    0.00    0.00    0.00
04:38:52 AM  all   48.00    0.00    1.00    0.00    0.00   50.00    1.00    0.00    0.00    0.00
04:38:53 AM  all   43.56    0.00    2.97    0.00    0.00   51.49    1.98    0.00    0.00    0.00
04:38:54 AM  all   36.36    0.00    1.01    0.00    0.00   62.63    0.00    0.00    0.00    0.00
04:38:55 AM  all   41.00    0.00    1.00    0.00    0.00   56.00    2.00    0.00    0.00    0.00
04:38:56 AM  all   52.00    0.00    0.00    0.00    0.00   48.00    0.00    0.00    0.00    0.00
04:38:57 AM  all   40.20    0.00    1.96    0.00    0.00   56.86    0.98    0.00    0.00    0.00
04:38:58 AM  all   31.31    0.00    2.02    0.00    0.00   64.65    2.02    0.00    0.00    0.00
04:38:59 AM  all   37.00    0.00    2.00    0.00    0.00   60.00    1.00    0.00    0.00    0.00
04:39:00 AM  all   34.65    0.00    0.99    0.00    0.00   62.38    1.98    0.00    0.00    0.00
04:39:01 AM  all   50.00    0.00    1.00    0.00    0.00   48.00    1.00    0.00    0.00    0.00
04:39:02 AM  all   39.00    0.00    1.00    0.00    0.00   59.00    1.00    0.00    0.00    0.00
04:39:03 AM  all   41.58    0.00    1.98    0.00    0.00   54.46    1.98    0.00    0.00    0.00
04:39:04 AM  all   50.00    0.00    1.00    0.00    0.00   47.00    2.00    0.00    0.00    0.00
04:39:05 AM  all   32.00    0.00    0.00    0.00    0.00   64.00    4.00    0.00    0.00    0.00
04:39:06 AM  all   35.00    0.00    2.00    0.00    0.00   61.00    2.00    0.00    0.00    0.00
04:39:07 AM  all   43.43    0.00    1.01    0.00    0.00   53.54    2.02    0.00    0.00    0.00
04:39:08 AM  all   51.49    0.00    0.00    0.00    0.00   47.52    0.99    0.00    0.00    0.00
04:39:09 AM  all   38.00    0.00    0.00    0.00    0.00   60.00    2.00    0.00    0.00    0.00
04:39:10 AM  all   38.00    0.00    2.00    0.00    0.00   59.00    1.00    0.00    0.00    0.00
04:39:11 AM  all   39.60    0.00    2.97    0.00    0.00   54.46    2.97    0.00    0.00    0.00
04:39:12 AM  all   44.44    0.00    0.00    0.00    0.00   54.55    1.01    0.00    0.00    0.00
04:39:13 AM  all   39.00    0.00    0.00    0.00    0.00   59.00    2.00    0.00    0.00    0.00
04:39:14 AM  all   47.52    0.00    0.99    0.00    0.00   50.50    0.99    0.00    0.00    0.00
04:39:15 AM  all   40.40    0.00    0.00    0.00    0.00   58.59    1.01    0.00    0.00    0.00
04:39:16 AM  all   53.00    0.00    1.00    0.00    0.00   42.00    4.00    0.00    0.00    0.00
04:39:17 AM  all   39.60    0.00    1.98    0.00    0.00   56.44    1.98    0.00    0.00    0.00
04:39:18 AM  all   41.00    0.00    1.00    0.00    0.00   56.00    2.00    0.00    0.00    0.00
04:39:19 AM  all   47.00    0.00    1.00    0.00    0.00   49.00    3.00    0.00    0.00    0.00
04:39:20 AM  all   48.51    0.00    0.00    0.00    0.00   50.50    0.99    0.00    0.00    0.00
04:39:21 AM  all   37.76    0.00    2.04    0.00    0.00   60.20    0.00    0.00    0.00    0.00
04:39:22 AM  all   42.16    0.00    0.98    0.00    0.00   50.98    5.88    0.00    0.00    0.00
04:39:23 AM  all   36.36    0.00    0.00    0.00    0.00   62.63    1.01    0.00    0.00    0.00
04:39:24 AM  all   40.59    0.00    2.97    0.00    0.00   53.47    2.97    0.00    0.00    0.00
04:39:25 AM  all   34.34    0.00    1.01    0.00    0.00   62.63    2.02    0.00    0.00    0.00
04:39:26 AM  all   44.55    0.00    0.99    0.00    0.00   52.48    1.98    0.00    0.00    0.00
04:39:27 AM  all   42.57    0.00    0.99    0.00    0.00   54.46    1.98    0.00    0.00    0.00
04:39:28 AM  all   38.00    0.00    1.00    0.00    0.00   58.00    3.00    0.00    0.00    0.00
04:39:29 AM  all   48.00    0.00    1.00    0.00    0.00   50.00    1.00    0.00    0.00    0.00
04:39:30 AM  all   44.55    0.00    1.98    0.00    0.00   51.49    1.98    0.00    0.00    0.00
04:39:31 AM  all   36.63    0.00    0.99    0.00    0.00   59.41    2.97    0.00    0.00    0.00
04:39:32 AM  all   38.38    0.00    2.02    0.00    0.00   58.59    1.01    0.00    0.00    0.00
04:39:33 AM  all   36.00    0.00    2.00    0.00    0.00   59.00    3.00    0.00    0.00    0.00
04:39:34 AM  all   32.67    0.00    2.97    0.00    0.00   62.38    1.98    0.00    0.00    0.00
04:39:35 AM  all   40.00    0.00    1.00    0.00    0.00   58.00    1.00    0.00    0.00    0.00
04:39:36 AM  all   42.16    0.00    0.98    0.00    0.00   54.90    1.96    0.00    0.00    0.00
04:39:37 AM  all   36.36    0.00    0.00    0.00    0.00   61.62    2.02    0.00    0.00    0.00
04:39:38 AM  all   40.00    0.00    1.00    0.00    0.00   57.00    2.00    0.00    0.00    0.00
04:39:39 AM  all   43.00    0.00    1.00    0.00    0.00   54.00    2.00    0.00    0.00    0.00
04:39:40 AM  all   36.63    0.00    0.99    0.00    0.00   60.40    1.98    0.00    0.00    0.00
04:39:41 AM  all   46.00    0.00    2.00    0.00    0.00   51.00    1.00    0.00    0.00    0.00
04:39:42 AM  all   46.46    0.00    0.00    0.00    0.00   51.52    2.02    0.00    0.00    0.00
04:39:43 AM  all   43.00    0.00    2.00    0.00    0.00   54.00    1.00    0.00    0.00    0.00
04:39:44 AM  all   40.59    0.00    1.98    0.00    0.00   53.47    3.96    0.00    0.00    0.00
04:39:45 AM  all   40.00    0.00    1.00    0.00    0.00   57.00    2.00    0.00    0.00    0.00
04:39:46 AM  all   40.00    0.00    1.00    0.00    0.00   55.00    4.00    0.00    0.00    0.00
04:39:47 AM  all   47.00    0.00    1.00    0.00    0.00   51.00    1.00    0.00    0.00    0.00
04:39:48 AM  all   46.00    0.00    1.00    0.00    0.00   52.00    1.00    0.00    0.00    0.00
04:39:49 AM  all   42.57    0.00    0.99    0.00    0.00   54.46    1.98    0.00    0.00    0.00
04:39:50 AM  all   36.00    0.00    2.00    0.00    0.00   61.00    1.00    0.00    0.00    0.00
04:39:51 AM  all   50.00    0.00    0.00    0.00    0.00   47.00    3.00    0.00    0.00    0.00
04:39:52 AM  all   48.51    0.00    1.98    0.00    0.00   47.52    1.98    0.00    0.00    0.00
04:39:53 AM  all   50.51    0.00    2.02    0.00    0.00   45.45    2.02    0.00    0.00    0.00
04:39:54 AM  all   38.24    0.00    1.96    0.00    0.00   56.86    2.94    0.00    0.00    0.00
04:39:55 AM  all   50.00    0.00    1.00    0.00    0.00   48.00    1.00    0.00    0.00    0.00
04:39:56 AM  all   42.42    0.00    0.00    0.00    0.00   56.57    1.01    0.00    0.00    0.00
04:39:57 AM  all   39.22    0.00    1.96    0.00    0.00   56.86    1.96    0.00    0.00    0.00
04:39:58 AM  all   49.49    0.00    0.00    0.00    0.00   49.49    1.01    0.00    0.00    0.00
04:39:59 AM  all   42.00    0.00    1.00    0.00    0.00   54.00    3.00    0.00    0.00    0.00
04:40:00 AM  all   43.00    0.00    1.00    0.00    0.00   55.00    1.00    0.00    0.00    0.00
04:40:01 AM  all   47.00    0.00    1.00    0.00    0.00   50.00    2.00    0.00    0.00    0.00
04:40:02 AM  all   37.62    0.00    1.98    0.00    0.00   59.41    0.99    0.00    0.00    0.00
04:40:03 AM  all   31.00    0.00    1.00    0.00    0.00   66.00    2.00    0.00    0.00    0.00
04:40:04 AM  all   29.70    0.00    0.99    0.00    0.00   68.32    0.99    0.00    0.00    0.00
04:40:05 AM  all   37.62    0.00    0.99    0.00    0.00   60.40    0.99    0.00    0.00    0.00
04:40:06 AM  all   41.84    0.00    0.00    0.00    0.00   57.14    1.02    0.00    0.00    0.00
04:40:07 AM  all   39.60    0.00    0.99    0.00    0.00   56.44    2.97    0.00    0.00    0.00
04:40:08 AM  all   39.60    0.00    2.97    0.00    0.00   52.48    4.95    0.00    0.00    0.00
04:40:09 AM  all   46.00    0.00    0.00    0.00    0.00   53.00    1.00    0.00    0.00    0.00
04:40:10 AM  all   46.46    0.00    1.01    0.00    0.00   50.51    2.02    0.00    0.00    0.00
04:40:11 AM  all   45.54    0.00    0.99    0.00    0.00   52.48    0.99    0.00    0.00    0.00
04:40:12 AM  all   42.42    0.00    2.02    0.00    0.00   54.55    1.01    0.00    0.00    0.00
04:40:13 AM  all   37.37    0.00    2.02    0.00    0.00   59.60    1.01    0.00    0.00    0.00
04:40:14 AM  all   37.25    0.00    1.96    0.00    0.00   59.80    0.98    0.00    0.00    0.00
04:40:15 AM  all   37.00    0.00    1.00    0.00    0.00   59.00    3.00    0.00    0.00    0.00
04:40:16 AM  all   36.63    0.00    1.98    0.00    0.00   58.42    2.97    0.00    0.00    0.00
04:40:17 AM  all   40.40    0.00    1.01    0.00    0.00   52.53    6.06    0.00    0.00    0.00
04:40:18 AM  all   47.52    0.00    0.99    0.00    0.00   48.51    2.97    0.00    0.00    0.00
04:40:19 AM  all   49.00    0.00    1.00    0.00    0.00   49.00    1.00    0.00    0.00    0.00
04:40:20 AM  all   43.43    0.00    1.01    0.00    0.00   52.53    3.03    0.00    0.00    0.00
04:40:21 AM  all   40.20    0.00    0.98    0.00    0.00   50.98    5.88    0.00    0.00    1.96
04:40:22 AM  all    5.05    0.00    2.02   14.14    0.00    4.04    0.00    0.00    0.00   74.75
04:40:23 AM  all    0.00    0.00    4.12    0.00    0.00    0.00    0.00    0.00    0.00   95.88
04:40:24 AM  all    2.00    0.00    4.00    0.00    0.00    0.00    0.00    0.00    0.00   94.00
04:40:25 AM  all    0.00    0.00    3.06    0.00    0.00    0.00    1.02    0.00    0.00   95.92
04:40:26 AM  all    2.02    0.00    4.04    0.00    0.00    0.00    0.00    0.00    0.00   93.94
04:40:27 AM  all    0.99    0.00    2.97    9.90    0.00    0.99    0.99    0.00    0.00   84.16
04:40:28 AM  all    2.02    0.00    3.03    0.00    0.00    0.00    0.00    0.00    0.00   94.95
04:40:29 AM  all    1.02    0.00    2.04    0.00    0.00    0.00    0.00    0.00    0.00   96.94
04:40:30 AM  all    2.00    0.00    3.00    0.00    0.00    0.00    1.00    0.00    0.00   94.00
04:40:31 AM  all    2.04    0.00    2.04    0.00    0.00    0.00    0.00    0.00    0.00   95.92
04:40:32 AM  all    2.02    0.00    4.04    4.04    0.00    0.00    0.00    0.00    0.00   89.90
04:40:33 AM  all    2.00    0.00    2.00    0.00    0.00    0.00    1.00    0.00    0.00   95.00
04:40:34 AM  all    1.01    0.00    3.03    0.00    0.00    0.00    0.00    0.00    0.00   95.96
04:40:35 AM  all    1.02    0.00    2.04    0.00    0.00    0.00    0.00    0.00    0.00   96.94
04:40:36 AM  all    2.00    0.00    2.00    0.00    0.00    0.00    1.00    0.00    0.00   95.00
Average:     all   37.15    0.00    1.49    0.21    0.00   46.24    1.64    0.00    0.00   13.27
