Linux 4.4.0-31-generic (fw-suricata) 	12/10/2017 	_i686_	(1 CPU)

01:50:36 AM kbmemfree kbmemused  %memused kbbuffers  kbcached  kbcommit   %commit  kbactive   kbinact   kbdirty
01:50:37 AM   1549540    513148     24.88     29568    237728    736208     28.48    401352     72044       236
01:50:38 AM   1549448    513240     24.88     29568    237756    736208     28.48    401400     72028       264
01:50:39 AM   1549416    513272     24.88     29568    237780    736208     28.48    401428     72024       288
01:50:40 AM   1549324    513364     24.89     29568    237792    736208     28.48    401448     72024       300
01:50:41 AM   1549076    513612     24.90     29576    237816    736208     28.48    401492     72024       332
01:50:42 AM   1549356    513332     24.89     29576    237852    736208     28.48    401500     72024       416
01:50:43 AM   1549200    513488     24.89     29576    237876    736208     28.48    401524     72024       440
01:50:44 AM   1549168    513520     24.90     29576    237896    736208     28.48    401556     72024       460
01:50:45 AM   1549200    513488     24.89     29576    237924    736208     28.48    401580     72024       488
01:50:46 AM   1548920    513768     24.91     29584    237940    736208     28.48    401604     72024       512
01:50:47 AM   1549044    513644     24.90     29584    237972    736208     28.48    401640     72024       536
01:50:48 AM   1548952    513736     24.91     29584    237992    736208     28.48    401668     72024       556
01:50:49 AM   1548952    513736     24.91     29584    238016    736208     28.48    401688     72020       580
01:50:50 AM   1548920    513768     24.91     29584    238040    736208     28.48    401712     72020       604
01:50:51 AM   1548828    513860     24.91     29592    238060    736208     28.48    401744     72020       632
01:50:52 AM   1548920    513768     24.91     29592    238104    736208     28.48    401784     72028       668
01:50:53 AM   1548672    514016     24.92     29592    238128    736208     28.48    401816     72020       692
01:50:54 AM   1548696    513992     24.92     29592    238140    736208     28.48    401936     72020       704
01:50:55 AM   1548540    514148     24.93     29592    238176    736208     28.48    401960     72024       740
01:50:56 AM   1548540    514148     24.93     29600    238188    736208     28.48    401996     72024       760
01:50:57 AM   1548540    514148     24.93     29600    238224    736208     28.48    402028     72024       788
01:50:58 AM   1548540    514148     24.93     29600    238244    736208     28.48    402044     72024       808
01:50:59 AM   1548540    514148     24.93     29600    238272    736208     28.48    402076     72024       836
01:51:00 AM   1548324    514364     24.94     29600    238292    736208     28.48    402104     72024       552
01:51:01 AM   1548308    514380     24.94     29608    238312    736208     28.48    402128     72024       584
01:51:02 AM   1548400    514288     24.93     29608    238344    736208     28.48    402168     72024       608
01:51:03 AM   1548400    514288     24.93     29608    238368    736208     28.48    402196     72024       632
01:51:04 AM   1548524    514164     24.93     29608    238392    736208     28.48    402220     72024       656
01:51:05 AM   1548276    514412     24.94     29608    238420    736208     28.48    402240     72024       508
01:51:06 AM   1548308    514380     24.94     29616    238436    736208     28.48    402268     72032       532
01:51:07 AM   1548308    514380     24.94     29616    238468    736208     28.48    402304     72024       584
01:51:08 AM   1548276    514412     24.94     29616    238504    736208     28.48    402344     72024       620
01:51:09 AM   1548184    514504     24.94     29616    238544    736208     28.48    402376     72028       664
01:51:10 AM   1548228    514460     24.94     29616    238560    736208     28.48    402396     72024       164
01:51:11 AM   1548308    514380     24.94     29624    238576    736208     28.48    402424     72024       208
01:51:12 AM   1548168    514520     24.94     29624    238604    736208     28.48    402480     72032       236
01:51:13 AM   1548176    514512     24.94     29624    238620    736208     28.48    402464     72028       252
01:51:14 AM   1548160    514528     24.94     29624    238632    736208     28.48    402384     72028       264
01:51:15 AM   1548160    514528     24.94     29624    238648    736208     28.48    402400     72028       280
01:51:16 AM   1548192    514496     24.94     29632    238656    736208     28.48    402416     72028       296
01:51:17 AM   1548160    514528     24.94     29632    238680    736208     28.48    402448     72024       312
01:51:18 AM   1548188    514500     24.94     29632    238696    736208     28.48    402456     72028       328
01:51:19 AM   1548156    514532     24.94     29632    238712    736208     28.48    402476     72024       344
01:51:20 AM   1548156    514532     24.94     29632    238724    736208     28.48    402484     72024       356
01:51:21 AM   1548156    514532     24.94     29636    238736    736208     28.48    402512     72024       372
01:51:22 AM   1548156    514532     24.94     29640    238752    736208     28.48    402528     72024       384
01:51:23 AM   1548156    514532     24.94     29640    238772    736208     28.48    402548     72024       404
01:51:24 AM   1547940    514748     24.96     29640    238800    736208     28.48    402568     72036       432
01:51:25 AM   1547784    514904     24.96     29640    238816    736208     28.48    402592     72024       448
01:51:26 AM   1547876    514812     24.96     29640    238828    736208     28.48    402604     72024       460
01:51:27 AM   1547936    514752     24.96     29648    238844    736208     28.48    402632     72024       476
01:51:28 AM   1547940    514748     24.96     29648    238856    736208     28.48    402644     72024       488
01:51:29 AM   1547940    514748     24.96     29648    238872    736208     28.48    402664     72024       504
01:51:30 AM   1547932    514756     24.96     29648    238888    736208     28.48    402776     72024       520
01:51:31 AM   1547744    514944     24.96     29648    238904    736208     28.48    402796     72024       536
01:51:32 AM   1547684    515004     24.97     29656    238920    736208     28.48    402816     72024       552
01:51:33 AM   1547808    514880     24.96     29656    238936    736208     28.48    402832     72024       568
01:51:34 AM   1547776    514912     24.96     29656    238948    736208     28.48    402844     72024       580
01:51:35 AM   1547652    515036     24.97     29656    238964    736208     28.48    402868     72024       472
01:51:36 AM   1547684    515004     24.97     29664    238972    736208     28.48    402868     72028       488
01:51:37 AM   1547684    515004     24.97     29664    239004    736208     28.48    402900     72028       520
01:51:38 AM   1547652    515036     24.97     29664    239016    736208     28.48    402920     72028       532
01:51:39 AM   1547652    515036     24.97     29664    239032    736208     28.48    402936     72028       548
01:51:40 AM   1547660    515028     24.97     29664    239060    736208     28.48    402864     72032       516
01:51:41 AM   1547536    515152     24.97     29672    239068    736208     28.48    402888     72028       532
01:51:42 AM   1547660    515028     24.97     29672    239088    736208     28.48    402912     72028       568
01:51:43 AM   1547692    514996     24.97     29672    239108    736208     28.48    402932     72028       588
01:51:44 AM   1547568    515120     24.97     29672    239128    736208     28.48    402956     72024       612
01:51:45 AM   1547504    515184     24.98     29672    239152    736208     28.48    402972     72032        80
01:51:46 AM   1547692    514996     24.97     29672    239164    736208     28.48    403048     72024       112
01:51:47 AM   1547552    515136     24.97     29680    239184    736208     28.48    403056     72024       144
01:51:48 AM   1547640    515048     24.97     29680    239200    736208     28.48    403064     72024       160
01:51:49 AM   1547536    515152     24.97     29680    239224    736208     28.48    403100     72028       184
01:51:50 AM   1547552    515136     24.97     29680    239236    736208     28.48    403028     72024       196
01:51:51 AM   1547412    515276     24.98     29680    239264    736208     28.48    403100     72024       224
01:51:52 AM   1547288    515400     24.99     29688    239280    736208     28.48    403124     72024       240
01:51:53 AM   1547320    515368     24.99     29688    239304    736208     28.48    403136     72028       264
01:51:54 AM   1547568    515120     24.97     29688    239328    736208     28.48    403164     72028       288
01:51:55 AM   1547412    515276     24.98     29688    239352    736208     28.48    403192     72024       312
01:51:56 AM   1547432    515256     24.98     29688    239392    736208     28.48    403220     72040       352
01:51:57 AM   1547288    515400     24.99     29696    239416    736208     28.48    403260     72024       376
01:51:58 AM   1547320    515368     24.99     29696    239444    736208     28.48    403292     72028       404
01:51:59 AM   1547320    515368     24.99     29696    239464    736208     28.48    403324     72020       424
01:52:00 AM   1547288    515400     24.99     29696    239492    736208     28.48    403356     72024       452
01:52:01 AM   1547244    515444     24.99     29696    239516    736208     28.48    403388     72020       476
01:52:02 AM   1547320    515368     24.99     29704    239540    736208     28.48    403420     72020       500
01:52:03 AM   1547288    515400     24.99     29704    239560    736208     28.48    403444     72020       520
01:52:04 AM   1547040    515648     25.00     29704    239584    736208     28.48    403464     72020       544
01:52:05 AM   1547072    515616     25.00     29704    239612    736208     28.48    403492     72024       572
01:52:06 AM   1547072    515616     25.00     29704    239644    736208     28.48    403520     72032       604
01:52:07 AM   1547196    515492     24.99     29712    239664    736208     28.48    403560     72024       624
01:52:08 AM   1547196    515492     24.99     29712    239692    736208     28.48    403584     72024       652
01:52:09 AM   1547164    515524     24.99     29712    239716    736208     28.48    403608     72024       676
01:52:10 AM   1547040    515648     25.00     29712    239748    736208     28.48    403640     72024       480
01:52:11 AM   1546916    515772     25.00     29712    239768    736208     28.48    403660     72024       504
01:52:12 AM   1547040    515648     25.00     29720    239812    736208     28.48    403708     72032       552
01:52:13 AM   1547040    515648     25.00     29720    239832    736208     28.48    403732     72024       572
01:52:14 AM   1547072    515616     25.00     29720    239856    736208     28.48    403760     72024       596
01:52:15 AM   1546916    515772     25.00     29720    239880    736208     28.48    403792     72024       560
01:52:16 AM   1546948    515740     25.00     29720    239908    736208     28.48    403816     72024       588
01:52:17 AM   1546948    515740     25.00     29728    239928    736208     28.48    403840     72024       636
01:52:18 AM   1546948    515740     25.00     29728    239952    736208     28.48    403868     72024       660
01:52:19 AM   1546948    515740     25.00     29728    239984    736208     28.48    403896     72024       696
01:52:20 AM   1546668    516020     25.02     29728    240012    736208     28.48    403932     72028       164
01:52:21 AM   1546700    515988     25.02     29728    240028    736208     28.48    403948     72024       200
01:52:22 AM   1546668    516020     25.02     29736    240052    736208     28.48    403984     72024       236
01:52:23 AM   1546700    515988     25.02     29736    240072    736208     28.48    403996     72024       256
01:52:24 AM   1546700    515988     25.02     29736    240096    736208     28.48    404032     72024       280
01:52:25 AM   1546544    516144     25.02     29736    240112    736208     28.48    404072     72024       296
01:52:26 AM   1546560    516128     25.02     29736    240152    736208     28.48    404120     72028       336
01:52:27 AM   1546560    516128     25.02     29744    240172    736208     28.48    404144     72024       356
01:52:28 AM   1546512    516176     25.02     29744    240204    736208     28.48    404264     72028       388
01:52:29 AM   1546576    516112     25.02     29744    240236    736208     28.48    404168     72028       420
01:52:30 AM   1546296    516392     25.03     29744    240256    736208     28.48    404196     72024       440
01:52:31 AM   1546296    516392     25.03     29744    240272    736208     28.48    404232     72024       456
01:52:32 AM   1546556    516132     25.02     29752    240292    736208     28.48    404228     72024       484
01:52:33 AM   1546328    516360     25.03     29752    240324    736208     28.48    404268     72024       508
01:52:34 AM   1546288    516400     25.04     29752    240348    736208     28.48    404392     72020       532
01:52:35 AM   1546172    516516     25.04     29752    240372    736208     28.48    404320     72020       556
01:52:36 AM   1546328    516360     25.03     29752    240400    736208     28.48    404348     72024       584
01:52:37 AM   1546316    516372     25.03     29760    240416    736208     28.48    404372     72020       608
01:52:38 AM   1546204    516484     25.04     29760    240448    736208     28.48    404404     72020       632
01:52:39 AM   1546172    516516     25.04     29760    240460    736208     28.48    404428     72020       644
01:52:40 AM   1546048    516640     25.05     29760    240504    736208     28.48    404472     72024       688
01:52:41 AM   1546080    516608     25.05     29760    240524    736208     28.48    404500     72024       708
01:52:42 AM   1546024    516664     25.05     29768    240540    736208     28.48    404520     72024       732
01:52:43 AM   1545800    516888     25.06     29768    240580    736208     28.48    404560     72028       764
01:52:44 AM   1545800    516888     25.06     29768    240616    736208     28.48    404596     72032       800
01:52:45 AM   1545956    516732     25.05     29768    240640    736208     28.48    404620     72024       492
01:52:46 AM   1545924    516764     25.05     29768    240668    736208     28.48    404648     72024       524
01:52:47 AM   1545924    516764     25.05     29776    240676    736208     28.48    404668     72024       540
01:52:48 AM   1545832    516856     25.06     29776    240716    736208     28.48    404708     72024       576
01:52:49 AM   1545832    516856     25.06     29776    240728    736208     28.48    404724     72024       588
01:52:50 AM   1545924    516764     25.05     29776    240768    736208     28.48    404760     72024       564
01:52:51 AM   1545832    516856     25.06     29776    240788    736208     28.48    404780     72024       584
01:52:52 AM   1545832    516856     25.06     29784    240804    736208     28.48    404804     72024       608
01:52:53 AM   1545676    517012     25.06     29784    240836    736208     28.48    404840     72024       656
01:52:54 AM   1545676    517012     25.06     29784    240864    736208     28.48    404868     72024       688
01:52:55 AM   1545516    517172     25.07     29784    240888    736208     28.48    404804     72028       132
01:52:56 AM   1545804    516884     25.06     29784    240904    736208     28.48    404724     72024       192
Average:      1547494    515194     24.98     29677    239273    736208     28.48    403126     72025       480
