Linux 4.4.0-31-generic (dpi-suricata) 	12/10/2017 	_i686_	(1 CPU)

03:11:11 AM  CPU    %usr   %nice    %sys %iowait    %irq   %soft  %steal  %guest  %gnice   %idle
03:11:12 AM  all    0.00    0.00    8.16    0.00    0.00    0.00    1.02    0.00    0.00   90.82
03:11:13 AM  all    2.00    0.00    3.00    0.00    0.00    0.00    0.00    0.00    0.00   95.00
03:11:14 AM  all    1.01    0.00    4.04    0.00    0.00    0.00    0.00    0.00    0.00   94.95
03:11:15 AM  all    2.97    0.00    2.97    0.00    0.00    0.00    0.99    0.00    0.00   93.07
03:11:16 AM  all    2.02    0.00    2.02    4.04    0.00    0.00    0.00    0.00    0.00   91.92
03:11:17 AM  all   59.60    0.00    2.02    0.00    0.00   35.35    1.01    0.00    0.00    2.02
03:11:18 AM  all   64.36    0.00    0.00    0.00    0.00   34.65    0.99    0.00    0.00    0.00
03:11:19 AM  all   62.38    0.00    1.98    0.00    0.00   35.64    0.00    0.00    0.00    0.00
03:11:20 AM  all   50.00    0.00    2.00    0.00    0.00   46.00    2.00    0.00    0.00    0.00
03:11:21 AM  all   57.58    0.00    1.01    0.00    0.00   40.40    1.01    0.00    0.00    0.00
03:11:22 AM  all   53.00    0.00    3.00    0.00    0.00   43.00    1.00    0.00    0.00    0.00
03:11:23 AM  all   62.38    0.00    1.98    0.00    0.00   35.64    0.00    0.00    0.00    0.00
03:11:24 AM  all   64.00    0.00    0.00    0.00    0.00   35.00    1.00    0.00    0.00    0.00
03:11:25 AM  all   54.55    0.00    1.01    0.00    0.00   44.44    0.00    0.00    0.00    0.00
03:11:26 AM  all   61.39    0.00    1.98    0.00    0.00   35.64    0.99    0.00    0.00    0.00
03:11:27 AM  all   41.18    0.00    0.98    0.00    0.00   55.88    1.96    0.00    0.00    0.00
03:11:28 AM  all   40.59    0.00    0.00    0.00    0.00   58.42    0.99    0.00    0.00    0.00
03:11:29 AM  all   37.00    0.00    1.00    0.00    0.00   60.00    2.00    0.00    0.00    0.00
03:11:30 AM  all   47.52    0.00    0.99    0.00    0.00   51.49    0.00    0.00    0.00    0.00
03:11:31 AM  all   45.00    0.00    1.00    0.00    0.00   52.00    2.00    0.00    0.00    0.00
03:11:32 AM  all   43.00    0.00    1.00    0.00    0.00   54.00    2.00    0.00    0.00    0.00
03:11:33 AM  all   48.00    0.00    1.00    0.00    0.00   49.00    2.00    0.00    0.00    0.00
03:11:34 AM  all   39.60    0.00    0.99    0.00    0.00   55.45    3.96    0.00    0.00    0.00
03:11:35 AM  all   33.33    0.00    1.01    0.00    0.00   62.63    3.03    0.00    0.00    0.00
03:11:36 AM  all   63.27    0.00    2.04    0.00    0.00   30.61    1.02    0.00    0.00    3.06
03:11:37 AM  all   47.00    0.00    2.00    0.00    0.00   50.00    1.00    0.00    0.00    0.00
03:11:38 AM  all   40.00    0.00    1.00    0.00    0.00   58.00    1.00    0.00    0.00    0.00
03:11:39 AM  all   50.98    0.00    1.96    0.00    0.00   46.08    0.98    0.00    0.00    0.00
03:11:40 AM  all   42.00    0.00    1.00    0.00    0.00   56.00    1.00    0.00    0.00    0.00
03:11:41 AM  all   49.50    0.00    2.97    0.00    0.00   45.54    1.98    0.00    0.00    0.00
03:11:42 AM  all   36.00    0.00    0.00    0.00    0.00   62.00    2.00    0.00    0.00    0.00
03:11:43 AM  all   38.61    0.00    0.99    0.00    0.00   59.41    0.99    0.00    0.00    0.00
03:11:44 AM  all   45.45    0.00    2.02    0.00    0.00   51.52    1.01    0.00    0.00    0.00
03:11:45 AM  all   32.04    0.00    1.94    0.00    0.00   63.11    2.91    0.00    0.00    0.00
03:11:46 AM  all   45.92    0.00    1.02    0.00    0.00   51.02    2.04    0.00    0.00    0.00
03:11:47 AM  all   42.00    0.00    1.00    0.00    0.00   56.00    1.00    0.00    0.00    0.00
03:11:48 AM  all   31.68    0.00    1.98    0.00    0.00   63.37    2.97    0.00    0.00    0.00
03:11:49 AM  all   46.46    0.00    1.01    0.00    0.00   49.49    3.03    0.00    0.00    0.00
03:11:50 AM  all   43.00    0.00    2.00    0.00    0.00   52.00    3.00    0.00    0.00    0.00
03:11:51 AM  all   39.60    0.00    1.98    0.00    0.00   55.45    2.97    0.00    0.00    0.00
03:11:52 AM  all   40.00    0.00    1.00    0.00    0.00   57.00    2.00    0.00    0.00    0.00
03:11:53 AM  all   47.47    0.00    1.01    0.00    0.00   50.51    1.01    0.00    0.00    0.00
03:11:54 AM  all   39.60    0.00    1.98    0.00    0.00   56.44    1.98    0.00    0.00    0.00
03:11:55 AM  all   40.00    0.00    1.00    0.00    0.00   55.00    4.00    0.00    0.00    0.00
03:11:56 AM  all   50.00    0.00    1.00    0.00    0.00   49.00    0.00    0.00    0.00    0.00
03:11:57 AM  all   49.50    0.00    1.98    0.00    0.00   46.53    1.98    0.00    0.00    0.00
03:11:58 AM  all   48.00    0.00    1.00    0.00    0.00   48.00    3.00    0.00    0.00    0.00
03:11:59 AM  all   44.00    0.00    1.00    0.00    0.00   54.00    1.00    0.00    0.00    0.00
03:12:00 AM  all   41.00    0.00    1.00    0.00    0.00   54.00    4.00    0.00    0.00    0.00
03:12:01 AM  all   30.69    0.00    1.98    0.00    0.00   65.35    1.98    0.00    0.00    0.00
03:12:02 AM  all   50.00    0.00    1.00    0.00    0.00   48.00    1.00    0.00    0.00    0.00
03:12:03 AM  all   47.52    0.00    0.99    0.00    0.00   49.50    1.98    0.00    0.00    0.00
03:12:04 AM  all   46.00    0.00    0.00    0.00    0.00   52.00    2.00    0.00    0.00    0.00
03:12:05 AM  all   48.00    0.00    1.00    0.00    0.00   50.00    1.00    0.00    0.00    0.00
03:12:06 AM  all   48.00    0.00    1.00    0.00    0.00   49.00    2.00    0.00    0.00    0.00
03:12:07 AM  all   44.00    0.00    1.00    0.00    0.00   53.00    2.00    0.00    0.00    0.00
03:12:08 AM  all   47.52    0.00    1.98    0.00    0.00   49.50    0.99    0.00    0.00    0.00
03:12:09 AM  all   35.64    0.00    0.99    0.00    0.00   61.39    1.98    0.00    0.00    0.00
03:12:10 AM  all   51.49    0.00    0.99    0.00    0.00   45.54    1.98    0.00    0.00    0.00
03:12:11 AM  all   44.44    0.00    1.01    0.00    0.00   53.54    1.01    0.00    0.00    0.00
03:12:12 AM  all   33.66    0.00    0.99    0.00    0.00   64.36    0.99    0.00    0.00    0.00
03:12:13 AM  all   44.00    0.00    2.00    0.00    0.00   52.00    2.00    0.00    0.00    0.00
03:12:14 AM  all   41.41    0.00    1.01    0.00    0.00   56.57    1.01    0.00    0.00    0.00
03:12:15 AM  all   43.56    0.00    0.99    0.00    0.00   54.46    0.99    0.00    0.00    0.00
03:12:16 AM  all   52.48    0.00    1.98    0.00    0.00   43.56    1.98    0.00    0.00    0.00
03:12:17 AM  all   39.60    0.00    0.99    0.00    0.00   56.44    2.97    0.00    0.00    0.00
03:12:18 AM  all   42.00    0.00    1.00    0.00    0.00   56.00    1.00    0.00    0.00    0.00
03:12:19 AM  all   41.00    0.00    2.00    0.00    0.00   56.00    1.00    0.00    0.00    0.00
03:12:20 AM  all   27.55    0.00    0.00    0.00    0.00   71.43    1.02    0.00    0.00    0.00
03:12:21 AM  all   42.72    0.00    1.94    0.00    0.00   53.40    1.94    0.00    0.00    0.00
03:12:22 AM  all   35.64    0.00    1.98    0.00    0.00   60.40    1.98    0.00    0.00    0.00
03:12:23 AM  all   36.73    0.00    1.02    0.00    0.00   60.20    2.04    0.00    0.00    0.00
03:12:24 AM  all   51.00    0.00    1.00    0.00    0.00   46.00    2.00    0.00    0.00    0.00
03:12:25 AM  all   50.00    0.00    0.98    0.00    0.00   47.06    1.96    0.00    0.00    0.00
03:12:26 AM  all   46.46    0.00    1.01    0.00    0.00   51.52    1.01    0.00    0.00    0.00
03:12:27 AM  all   43.00    0.00    2.00    0.00    0.00   54.00    1.00    0.00    0.00    0.00
03:12:28 AM  all   31.00    0.00    0.00    0.00    0.00   68.00    1.00    0.00    0.00    0.00
03:12:29 AM  all   45.54    0.00    1.98    0.00    0.00   50.50    1.98    0.00    0.00    0.00
03:12:30 AM  all   41.00    0.00    1.00    0.00    0.00   55.00    3.00    0.00    0.00    0.00
03:12:31 AM  all   44.00    0.00    2.00    0.00    0.00   53.00    1.00    0.00    0.00    0.00
03:12:32 AM  all   33.00    0.00    1.00    0.00    0.00   63.00    3.00    0.00    0.00    0.00
03:12:33 AM  all   50.00    0.00    0.00    0.00    0.00   48.00    2.00    0.00    0.00    0.00
03:12:34 AM  all   45.54    0.00    1.98    0.00    0.00   50.50    1.98    0.00    0.00    0.00
03:12:35 AM  all   36.00    0.00    1.00    0.00    0.00   60.00    3.00    0.00    0.00    0.00
03:12:36 AM  all   33.00    0.00    1.00    0.00    0.00   65.00    1.00    0.00    0.00    0.00
03:12:37 AM  all   45.00    0.00    2.00    0.00    0.00   51.00    2.00    0.00    0.00    0.00
03:12:38 AM  all   43.56    0.00    1.98    0.00    0.00   52.48    1.98    0.00    0.00    0.00
03:12:39 AM  all   48.00    0.00    2.00    0.00    0.00   49.00    1.00    0.00    0.00    0.00
03:12:40 AM  all   38.00    0.00    1.00    0.00    0.00   59.00    2.00    0.00    0.00    0.00
03:12:41 AM  all   44.00    0.00    1.00    0.00    0.00   54.00    1.00    0.00    0.00    0.00
03:12:42 AM  all   40.00    0.00    1.00    0.00    0.00   57.00    2.00    0.00    0.00    0.00
03:12:43 AM  all   47.52    0.00    1.98    0.00    0.00   49.50    0.99    0.00    0.00    0.00
03:12:44 AM  all   45.54    0.00    0.99    0.00    0.00   52.48    0.99    0.00    0.00    0.00
03:12:45 AM  all   44.44    0.00    1.01    0.00    0.00   52.53    2.02    0.00    0.00    0.00
03:12:46 AM  all   38.61    0.00    0.99    0.00    0.00   59.41    0.99    0.00    0.00    0.00
03:12:47 AM  all   43.00    0.00    2.00    0.00    0.00   54.00    1.00    0.00    0.00    0.00
03:12:48 AM  all   43.56    0.00    0.99    0.00    0.00   52.48    2.97    0.00    0.00    0.00
03:12:49 AM  all   41.58    0.00    0.99    0.00    0.00   53.47    3.96    0.00    0.00    0.00
03:12:50 AM  all   37.62    0.00    0.99    0.00    0.00   59.41    1.98    0.00    0.00    0.00
03:12:51 AM  all   34.00    0.00    1.00    0.00    0.00   62.00    3.00    0.00    0.00    0.00
03:12:52 AM  all   44.55    0.00    0.00    0.00    0.00   53.47    1.98    0.00    0.00    0.00
03:12:53 AM  all   43.00    0.00    1.00    0.00    0.00   56.00    0.00    0.00    0.00    0.00
03:12:54 AM  all   48.51    0.00    1.98    0.00    0.00   45.54    3.96    0.00    0.00    0.00
03:12:55 AM  all   56.12    0.00    1.02    0.00    0.00   41.84    1.02    0.00    0.00    0.00
03:12:56 AM  all   44.55    0.00    2.97    0.00    0.00   49.50    2.97    0.00    0.00    0.00
03:12:57 AM  all   34.34    0.00    1.01    0.00    0.00   62.63    2.02    0.00    0.00    0.00
03:12:58 AM  all   37.62    0.00    2.97    0.00    0.00   57.43    1.98    0.00    0.00    0.00
03:12:59 AM  all   49.50    0.00    0.99    0.00    0.00   48.51    0.99    0.00    0.00    0.00
03:13:00 AM  all   40.59    0.00    1.98    0.00    0.00   55.45    1.98    0.00    0.00    0.00
03:13:01 AM  all   48.48    0.00    1.01    0.00    0.00   49.49    1.01    0.00    0.00    0.00
03:13:02 AM  all   37.25    0.00    2.94    0.00    0.00   54.90    4.90    0.00    0.00    0.00
03:13:03 AM  all   35.35    0.00    1.01    0.00    0.00   63.64    0.00    0.00    0.00    0.00
03:13:04 AM  all   37.37    0.00    0.00    0.00    0.00   61.62    1.01    0.00    0.00    0.00
03:13:05 AM  all   41.58    0.00    0.00    0.00    0.00   56.44    1.98    0.00    0.00    0.00
03:13:06 AM  all   40.40    0.00    1.01    0.00    0.00   56.57    2.02    0.00    0.00    0.00
03:13:07 AM  all   48.00    0.00    1.00    0.00    0.00   50.00    1.00    0.00    0.00    0.00
03:13:08 AM  all   43.00    0.00    1.00    0.00    0.00   55.00    1.00    0.00    0.00    0.00
03:13:09 AM  all   44.55    0.00    0.99    0.00    0.00   51.49    2.97    0.00    0.00    0.00
03:13:10 AM  all   42.42    0.00    1.01    0.00    0.00   54.55    2.02    0.00    0.00    0.00
03:13:11 AM  all   37.25    0.00    1.96    0.00    0.00   58.82    1.96    0.00    0.00    0.00
03:13:12 AM  all   48.00    0.00    2.00    0.00    0.00   48.00    2.00    0.00    0.00    0.00
03:13:13 AM  all   42.42    0.00    0.00    0.00    0.00   55.56    2.02    0.00    0.00    0.00
03:13:14 AM  all   36.63    0.00    0.99    0.00    0.00   60.40    1.98    0.00    0.00    0.00
03:13:15 AM  all   52.48    0.00    2.97    0.00    0.00   43.56    0.99    0.00    0.00    0.00
03:13:16 AM  all   47.00    0.00    2.00    0.00    0.00   41.00    0.00    0.00    0.00   10.00
03:13:17 AM  all    2.04    0.00    1.02   16.33    0.00    0.00    0.00    0.00    0.00   80.61
03:13:18 AM  all    1.01    0.00    1.01    0.00    0.00    0.00    1.01    0.00    0.00   96.97
03:13:19 AM  all    2.00    0.00    3.00    0.00    0.00    0.00    0.00    0.00    0.00   95.00
03:13:20 AM  all    1.01    0.00    2.02    0.00    0.00    0.00    1.01    0.00    0.00   95.96
03:13:21 AM  all    0.00    0.00    3.09    0.00    0.00    0.00    0.00    0.00    0.00   96.91
03:13:22 AM  all    3.00    0.00    2.00    1.00    0.00    0.00    0.00    0.00    0.00   94.00
03:13:23 AM  all    2.04    0.00    1.02    0.00    0.00    1.02    0.00    0.00    0.00   95.92
03:13:24 AM  all    2.00    0.00    2.00    0.00    0.00    0.00    1.00    0.00    0.00   95.00
03:13:25 AM  all    1.01    0.00    3.03    0.00    0.00    0.00    0.00    0.00    0.00   95.96
03:13:26 AM  all    1.01    0.00    2.02    0.00    0.00    0.00    1.01    0.00    0.00   95.96
03:13:27 AM  all    3.00    0.00    2.00    2.00    0.00    0.00    0.00    0.00    0.00   93.00
03:13:28 AM  all    1.03    0.00    2.06    0.00    0.00    0.00    0.00    0.00    0.00   96.91
03:13:29 AM  all    2.00    0.00    3.00    0.00    0.00    0.00    0.00    0.00    0.00   95.00
03:13:30 AM  all    2.00    0.00    2.00    0.00    0.00    0.00    1.00    0.00    0.00   95.00
03:13:31 AM  all    2.04    0.00    2.04    0.00    0.00    0.00    0.00    0.00    0.00   95.92
Average:     all   38.13    0.00    1.48    0.16    0.00   45.28    1.53    0.00    0.00   13.43
