Linux 4.4.0-31-generic (dpi-suricata) 	12/10/2017 	_i686_	(1 CPU)

02:33:25 AM kbmemfree kbmemused  %memused kbbuffers  kbcached  kbcommit   %commit  kbactive   kbinact   kbdirty
02:33:26 AM    394880   1667808     80.86     85824    705344    984572     38.09    783204    817288       572
02:33:27 AM    394848   1667840     80.86     85824    705368    984572     38.09    783260    817272       596
02:33:28 AM    394880   1667808     80.86     85824    705384    984572     38.09    783280    817268       612
02:33:29 AM    394724   1667964     80.86     85824    705404    984572     38.09    783300    817268       632
02:33:30 AM    394228   1668460     80.89     85824    705444    984572     38.09    783380    817268       724
02:33:31 AM    392912   1669776     80.95     85824    705512    984572     38.09    785164    817260       792
02:33:32 AM    390764   1671924     81.06     85824    705520    984572     38.09    787308    817260       800
02:33:33 AM    388812   1673876     81.15     85832    705552    984572     38.09    789268    817260        16
02:33:34 AM    387416   1675272     81.22     85832    705600    984572     38.09    791116    817260        68
02:33:35 AM    384560   1678128     81.36     85832    705632    984572     38.09    793716    817260       100
02:33:36 AM    382936   1679752     81.44     85832    705672    984572     38.09    795200    817260       188
02:33:37 AM    380596   1682092     81.55     85832    705708    984572     38.09    797632    817260       228
02:33:38 AM    378380   1684308     81.66     85832    705752    984572     38.09    800036    817260       272
02:33:39 AM    376520   1686168     81.75     85832    705788    984572     38.09    801940    817264       308
02:33:40 AM    373284   1689404     81.90     85832    705828    984572     38.09    804652    817264       348
02:33:41 AM    372720   1689968     81.93     85832    705856    984572     38.09    804996    817256       380
02:33:42 AM    372172   1690516     81.96     85832    705900    984572     38.09    805924    817268       424
02:33:43 AM    370776   1691912     82.02     85832    705928    984572     38.09    807432    817256       452
02:33:44 AM    370164   1692524     82.05     85832    705956    984572     38.09    807696    817252       480
02:33:45 AM    369132   1693556     82.10     85832    705984    984572     38.09    808632    817252       508
02:33:46 AM    368380   1694308     82.14     85832    706016    984572     38.09    809380    817248       540
02:33:47 AM    367700   1694988     82.17     85832    706040    984572     38.09    810148    817248       564
02:33:48 AM    366432   1696256     82.24     85832    706068    984572     38.09    811432    817248       592
02:33:49 AM    365352   1697336     82.29     85832    706100    984572     38.09    812536    817248       624
02:33:50 AM    363832   1698856     82.36     85836    706128    984572     38.09    814236    817248       656
02:33:51 AM    361800   1700888     82.46     85836    706160    984572     38.09    816040    817248       684
02:33:52 AM    361492   1701196     82.47     85836    706200    984572     38.09    816560    817244       724
02:33:53 AM    361092   1701596     82.49     85836    706220    984572     38.09    817040    817248       744
02:33:54 AM    359352   1703336     82.58     85836    706252    984572     38.09    818636    817248       776
02:33:55 AM    358244   1704444     82.63     85836    706284    984572     38.09    819776    817248       808
02:33:56 AM    356584   1706104     82.71     85836    706320    984572     38.09    821412    817248       844
02:33:57 AM    354276   1708412     82.82     85836    706348    984572     38.09    823580    817244       872
02:33:58 AM    352764   1709924     82.90     85836    706384    984572     38.09    825128    817248       908
02:33:59 AM    352028   1710660     82.93     85836    706424    984572     38.09    825924    817244       948
02:34:00 AM    351928   1710760     82.94     85840    706452    984572     38.09    826020    817244       980
02:34:01 AM    349508   1713180     83.06     85840    706480    984572     38.09    828364    817240      1004
02:34:02 AM    348484   1714204     83.11     85840    706524    984572     38.09    829464    817240      1048
02:34:03 AM    347620   1715068     83.15     85840    706540    984572     38.09    830120    817236       628
02:34:04 AM    347528   1715160     83.15     85840    706560    984572     38.09    830204    817236       652
02:34:05 AM    346756   1715932     83.19     85848    706572    984572     38.09    831008    817236       672
02:34:06 AM    345884   1716804     83.23     85848    706604    984572     38.09    832008    817236       696
02:34:07 AM    344780   1717908     83.28     85848    706636    984572     38.09    833028    817248       728
02:34:08 AM    343808   1718880     83.33     85848    706656    984572     38.09    834056    817236        92
02:34:09 AM    342780   1719908     83.38     85848    706684    984572     38.09    835272    817240       120
02:34:10 AM    341384   1721304     83.45     85848    706708    984572     38.09    836688    817240       164
02:34:11 AM    339804   1722884     83.53     85848    706728    984572     38.09    837900    817240       220
02:34:12 AM    338312   1724376     83.60     85848    706748    984572     38.09    839448    817240       240
02:34:13 AM    337368   1725320     83.64     85848    706772    984572     38.09    840076    817240       264
02:34:14 AM    336864   1725824     83.67     85848    706796    984572     38.09    840980    817236       292
02:34:15 AM    335632   1727056     83.73     85852    706820    984572     38.09    842292    817236       320
02:34:16 AM    333392   1729296     83.84     85852    706852    984572     38.09    844584    817240       352
02:34:17 AM    332128   1730560     83.90     85852    706884    984572     38.09    845776    817240       384
02:34:18 AM    331012   1731676     83.95     85852    706908    984572     38.09    846912    817236       408
02:34:19 AM    330268   1732420     83.99     85852    706932    984572     38.09    847612    817236       432
02:34:20 AM    329372   1733316     84.03     85856    706948    984572     38.09    848536    817236       452
02:34:21 AM    328596   1734092     84.07     85856    706984    984572     38.09    849116    817232       484
02:34:22 AM    328044   1734644     84.10     85856    707000    984572     38.09    850000    817232       500
02:34:23 AM    326772   1735916     84.16     85856    707024    984572     38.09    851296    817236       524
02:34:24 AM    325656   1737032     84.21     85856    707044    984572     38.09    852264    817236       544
02:34:25 AM    324880   1737808     84.25     85856    707072    984572     38.09    852988    817236       572
02:34:26 AM    322456   1740232     84.37     85856    707100    984572     38.09    855444    817240       600
02:34:27 AM    321804   1740884     84.40     85856    707128    984572     38.09    856216    817240       628
02:34:28 AM    320540   1742148     84.46     85856    707156    984572     38.09    857196    817236       656
02:34:29 AM    319456   1743232     84.51     85856    707180    984572     38.09    858332    817236       680
02:34:30 AM    318792   1743896     84.54     85864    707192    984572     38.09    859332    817232       700
02:34:31 AM    318288   1744400     84.57     85864    707224    984572     38.09    859816    817232       724
02:34:32 AM    317984   1744704     84.58     85864    707264    984572     38.09    860040    817240       764
02:34:33 AM    318048   1744640     84.58     85864    707304    984572     38.09    860052    817236       380
02:34:34 AM    316988   1745700     84.63     85864    707324    984572     38.09    860936    817236       388
02:34:35 AM    316404   1746284     84.66     85864    707360    984572     38.09    861588    817232       424
02:34:36 AM    315164   1747524     84.72     85864    707384    984572     38.09    862764    817232       448
02:34:37 AM    313956   1748732     84.78     85864    707416    984572     38.09    863932    817236       480
02:34:38 AM    313212   1749476     84.82     85864    707436    984572     38.09    864756    817232       500
02:34:39 AM    312096   1750592     84.87     85864    707468    984572     38.09    865752    817228       532
02:34:40 AM    311972   1750716     84.88     85868    707492    984572     38.09    865796    817228       560
02:34:41 AM    311784   1750904     84.88     85868    707552    984572     38.09    865932    817240       616
02:34:42 AM    310568   1752120     84.94     85868    707628    984572     38.09    866996    817244       692
02:34:43 AM    308836   1753852     85.03     85868    707636    984572     38.09    868828    817244       204
02:34:44 AM    307684   1755004     85.08     85868    707728    984572     38.09    869800    817244       244
02:34:45 AM    306480   1756208     85.14     85872    707796    984572     38.09    871060    817244       340
02:34:46 AM    305548   1757140     85.19     85872    707844    984572     38.09    872348    817248       420
02:34:47 AM    304916   1757772     85.22     85872    707848    984572     38.09    872892    817252       424
02:34:48 AM    303968   1758720     85.26     85872    707896    984572     38.09    873856    817252       472
02:34:49 AM    302264   1760424     85.35     85872    707948    984572     38.09    875612    817252       524
02:34:50 AM    301520   1761168     85.38     85880    708036    984572     38.09    876312    817252       620
02:34:51 AM    301236   1761452     85.40     85880    708024    984572     38.09    876576    817244       604
02:34:52 AM    300000   1762688     85.46     85880    708120    984572     38.09    878016    817244       700
02:34:53 AM    298680   1764008     85.52     85880    708188    984572     38.09    878668    817244       768
02:34:54 AM    298416   1764272     85.53     85880    708180    984572     38.09    879144    817248       760
02:34:55 AM    297548   1765140     85.57     85888    708272    984572     38.09    880180    817248       860
02:34:56 AM    296676   1766012     85.62     85888    708276    984572     38.09    881140    817248       860
02:34:57 AM    295688   1767000     85.66     85888    708380    984572     38.09    882160    817244       964
02:34:58 AM    294572   1768116     85.72     85888    708364    984572     38.09    883336    817244       948
02:34:59 AM    293704   1768984     85.76     85888    708396    984572     38.09    884192    817244       980
02:35:00 AM    292488   1770200     85.82     85892    708480    984572     38.09    885748    817244      1068
02:35:01 AM    291372   1771316     85.87     85892    708556    984572     38.09    886780    817248      1140
02:35:02 AM    290628   1772060     85.91     85892    708540    984572     38.09    887424    817248      1132
02:35:03 AM    289760   1772928     85.95     85892    708580    984572     38.09    888280    817244      1172
02:35:04 AM    288824   1773864     86.00     85892    708632    984572     38.09    888764    817248      1212
02:35:05 AM    287460   1775228     86.06     85900    708724    984572     38.09    890272    817244      1312
02:35:06 AM    286344   1776344     86.12     85900    708712    984572     38.09    891364    817248      1320
02:35:07 AM    285724   1776964     86.15     85900    708808    984572     38.09    891876    817244      1416
02:35:08 AM    284220   1778468     86.22     85900    708796    984572     38.09    893612    817244       980
02:35:09 AM    283576   1779112     86.25     85900    708908    984572     38.09    894256    817248      1020
02:35:10 AM    283212   1779476     86.27     85900    708972    984572     38.09    894648    817248      1084
02:35:11 AM    281972   1780716     86.33     85900    708968    984572     38.09    895672    817240      1080
02:35:12 AM    281384   1781304     86.36     85900    709016    984572     38.09    896600    817240      1128
02:35:13 AM    279740   1782948     86.44     85900    709108    984572     38.09    897948    817240      1220
02:35:14 AM    279148   1783540     86.47     85900    709108    984572     38.09    898300    817240      1220
02:35:15 AM    277536   1785152     86.54     85908    709184    984572     38.09    900224    817244      1304
02:35:16 AM    276288   1786400     86.61     85908    709192    984572     38.09    901156    817240      1304
02:35:17 AM    275468   1787220     86.65     85908    709224    984572     38.09    901996    817244      1336
02:35:18 AM    274700   1787988     86.68     85908    709264    984572     38.09    902752    817240       232
02:35:19 AM    273576   1789112     86.74     85908    709372    984572     38.09    904180    817240       256
02:35:20 AM    273120   1789568     86.76     85908    709356    984572     38.09    904696    817240       264
02:35:21 AM    271864   1790824     86.82     85916    709408    984572     38.09    905628    817240       352
02:35:22 AM    270892   1791796     86.87     85916    709460    984572     38.09    906580    817240       404
02:35:23 AM    270508   1792180     86.89     85916    709504    984572     38.09    907164    817244       448
02:35:24 AM    269436   1793252     86.94     85916    709552    984572     38.09    908236    817244       496
02:35:25 AM    267596   1795092     87.03     85920    709600    984572     38.09    910092    817248       552
02:35:26 AM    267144   1795544     87.05     85920    709660    984572     38.09    910560    817244       612
02:35:27 AM    266396   1796292     87.09     85920    709684    984572     38.09    911220    817244       636
02:35:28 AM    266180   1796508     87.10     85920    709800    984572     38.09    911540    817240       752
02:35:29 AM    264720   1797968     87.17     85920    709780    984572     38.09    912612    817240       732
02:35:30 AM    263160   1799528     87.24     85920    709824    984572     38.09    914748    817244       776
02:35:31 AM    262136   1800552     87.29     85924    709872    984572     38.09    915356    817248       824
02:35:32 AM    262240   1800448     87.29     85924    709912    984572     38.09    915332    817240       864
02:35:33 AM    262252   1800436     87.29     85928    709964    984572     38.09    915364    817248       920
02:35:34 AM    261788   1800900     87.31     85928    710020    984572     38.09    915404    817244       956
02:35:35 AM    261864   1800824     87.30     85928    710048    984572     38.09    915416    817244       984
02:35:36 AM    261872   1800816     87.30     85928    710076    984572     38.09    915408    817244      1012
02:35:37 AM    261864   1800824     87.30     85928    710124    984572     38.09    915532    817244      1068
02:35:38 AM    261820   1800868     87.31     85928    710160    984572     38.09    915560    817240      1104
02:35:39 AM    261840   1800848     87.31     85928    710240    984572     38.09    915608    817236      1180
02:35:40 AM    261756   1800932     87.31     85928    710292    984572     38.09    915660    817240      1232
02:35:41 AM    261708   1800980     87.31     85936    710352    984572     38.09    915724    817236      1248
02:35:42 AM    261592   1801096     87.32     85936    710348    984572     38.09    915740    817236      1288
02:35:43 AM    261624   1801064     87.32     85936    710432    984572     38.09    915804    817236       896
02:35:44 AM    248952   1813736     87.93     85936    710428    984572     38.09    928320    817236       868
02:35:45 AM    249124   1813564     87.92     85936    710460    984572     38.09    928220    817240       904
Average:       317976   1744712     84.58     85871    707672    984572     38.09    859838    817245       681
