Linux 4.4.0-31-generic (fw-suricata) 	12/10/2017 	_i686_	(1 CPU)

12:22:32 AM kbmemfree kbmemused  %memused kbbuffers  kbcached  kbcommit   %commit  kbactive   kbinact   kbdirty
12:22:33 AM   1673512    389176     18.87     20756    125776    736208     28.48    279908     71908       524
12:22:34 AM   1673232    389456     18.88     20756    125812    736208     28.48    279972     71896       564
12:22:35 AM   1673264    389424     18.88     20756    125836    736208     28.48    279996     71892       588
12:22:36 AM   1673108    389580     18.89     20764    125844    736208     28.48    280016     71892       192
12:22:37 AM   1673016    389672     18.89     20772    125880    736208     28.48    280056     71892       176
12:22:38 AM   1673016    389672     18.89     20772    125912    736208     28.48    280092     71892       296
12:22:39 AM   1672984    389704     18.89     20772    125936    736208     28.48    280136     71892       320
12:22:40 AM   1673264    389424     18.88     20772    125960    736208     28.48    280176     71896       344
12:22:41 AM   1673108    389580     18.89     20772    125980    736208     28.48    280172     71892       364
12:22:42 AM   1673140    389548     18.89     20780    125992    736208     28.48    280168     71892       384
12:22:43 AM   1673140    389548     18.89     20780    126032    736208     28.48    280208     71896       424
12:22:44 AM   1672860    389828     18.90     20780    126048    736208     28.48    280216     71892       440
12:22:45 AM   1672812    389876     18.90     20780    126080    736208     28.48    280264     71892       472
12:22:46 AM   1672824    389864     18.90     20780    126100    736208     28.48    280288     71892       492
12:22:47 AM   1672768    389920     18.90     20780    126128    736208     28.48    280316     71892       520
12:22:48 AM   1672760    389928     18.90     20788    126148    736208     28.48    280360     71892       540
12:22:49 AM   1672760    389928     18.90     20788    126188    736208     28.48    280404     71900       580
12:22:50 AM   1672568    390120     18.91     20788    126216    736208     28.48    280440     71892       608
12:22:51 AM   1672604    390084     18.91     20788    126236    736208     28.48    280440     71892       628
12:22:52 AM   1672636    390052     18.91     20788    126260    736208     28.48    280460     71892       652
12:22:53 AM   1672760    389928     18.90     20796    126280    736208     28.48    280476     71892       672
12:22:54 AM   1672636    390052     18.91     20796    126300    736208     28.48    280520     71892       692
12:22:55 AM   1672604    390084     18.91     20796    126320    736208     28.48    280532     71892       712
12:22:56 AM   1672568    390120     18.91     20796    126340    736208     28.48    280592     71892        36
12:22:57 AM   1672356    390332     18.92     20796    126372    736208     28.48    280596     71892        36
12:22:58 AM   1672388    390300     18.92     20804    126396    736208     28.48    280648     71892       140
12:22:59 AM   1672512    390176     18.92     20804    126420    736208     28.48    280652     71892       160
12:23:00 AM   1672512    390176     18.92     20804    126432    736208     28.48    280680     71892       172
12:23:01 AM   1672512    390176     18.92     20804    126476    736208     28.48    280716     71892       216
12:23:02 AM   1672388    390300     18.92     20804    126496    736208     28.48    280740     71892       236
12:23:03 AM   1672352    390336     18.92     20812    126528    736208     28.48    280788     71896       268
12:23:04 AM   1672232    390456     18.93     20812    126560    736208     28.48    280852     71892       304
12:23:05 AM   1672108    390580     18.94     20812    126596    736208     28.48    280824     71888       340
12:23:06 AM   1672108    390580     18.94     20812    126616    736208     28.48    280876     71888       360
12:23:07 AM   1672140    390548     18.93     20812    126644    736208     28.48    280908     71888       388
12:23:08 AM   1672108    390580     18.94     20820    126672    736208     28.48    280960     71896       416
12:23:09 AM   1672264    390424     18.93     20820    126688    736208     28.48    280992     71888       432
12:23:10 AM   1672264    390424     18.93     20820    126700    736208     28.48    280992     71888       444
12:23:11 AM   1672116    390572     18.94     20820    126724    736208     28.48    281012     71892       468
12:23:12 AM   1672084    390604     18.94     20820    126736    736208     28.48    281024     71892       480
12:23:13 AM   1671944    390744     18.94     20828    126752    736208     28.48    281048     71892       496
12:23:14 AM   1672112    390576     18.94     20828    126772    736208     28.48    281068     71900       516
12:23:15 AM   1671992    390696     18.94     20828    126788    736208     28.48    281088     71896       532
12:23:16 AM   1672016    390672     18.94     20828    126800    736208     28.48    281096     71896       544
12:23:17 AM   1672096    390592     18.94     20828    126816    736208     28.48    281128     71896       560
12:23:18 AM   1672124    390564     18.93     20836    126832    736208     28.48    281180     71892       576
12:23:19 AM   1672008    390680     18.94     20836    126848    736208     28.48    281180     71892       592
12:23:20 AM   1671992    390696     18.94     20836    126876    736208     28.48    281196     71900       620
12:23:21 AM   1672000    390688     18.94     20836    126892    736208     28.48    281356     71892       636
12:23:22 AM   1671768    390920     18.95     20836    126904    736208     28.48    281288     71892       648
12:23:23 AM   1671728    390960     18.95     20844    126920    736208     28.48    281288     71892       664
12:23:24 AM   1671752    390936     18.95     20844    126932    736208     28.48    281304     71892       676
12:23:25 AM   1671732    390956     18.95     20844    126956    736208     28.48    281292     71896       700
12:23:26 AM   1671732    390956     18.95     20844    126968    736208     28.48    281308     71896       712
12:23:27 AM   1671856    390832     18.95     20844    126984    736208     28.48    281328     71892       260
12:23:28 AM   1671732    390956     18.95     20852    126996    736208     28.48    281336     71892       288
12:23:29 AM   1671732    390956     18.95     20852    127012    736208     28.48    281376     71892       304
12:23:30 AM   1671732    390956     18.95     20852    127024    736208     28.48    281396     71892       316
12:23:31 AM   1671860    390828     18.95     20852    127040    736208     28.48    281424     71892       332
12:23:32 AM   1671732    390956     18.95     20852    127060    736208     28.48    281400     71896       112
12:23:33 AM   1671764    390924     18.95     20860    127072    736208     28.48    281424     71896       156
12:23:34 AM   1671640    391048     18.96     20860    127092    736208     28.48    281468     71892       192
12:23:35 AM   1671608    391080     18.96     20860    127108    736208     28.48    281496     71892       208
12:23:36 AM   1671640    391048     18.96     20860    127128    736208     28.48    281528     71896       228
12:23:37 AM   1671720    390968     18.95     20860    127152    736208     28.48    281564     71892       232
12:23:38 AM   1671484    391204     18.97     20868    127156    736208     28.48    281560     71892       244
12:23:39 AM   1671516    391172     18.96     20868    127180    736208     28.48    281584     71888       272
12:23:40 AM   1671516    391172     18.96     20868    127196    736208     28.48    281572     71888       288
12:23:41 AM   1671484    391204     18.97     20868    127216    736208     28.48    281680     71888       308
12:23:42 AM   1671324    391364     18.97     20868    127236    736208     28.48    281664     71896       328
12:23:43 AM   1671292    391396     18.98     20876    127244    736208     28.48    281700     71888       344
12:23:44 AM   1671360    391328     18.97     20876    127268    736208     28.48    281708     71888       364
12:23:45 AM   1671600    391088     18.96     20876    127292    736208     28.48    281700     71892       388
12:23:46 AM   1671516    391172     18.96     20876    127312    736208     28.48    281740     71892       408
12:23:47 AM   1671392    391296     18.97     20876    127332    736208     28.48    281768     71892       428
12:23:48 AM   1671392    391296     18.97     20884    127336    736208     28.48    281776     71892       440
12:23:49 AM   1671268    391420     18.98     20884    127364    736208     28.48    281812     71892       460
12:23:50 AM   1671364    391324     18.97     20884    127384    736208     28.48    281840     71896       480
12:23:51 AM   1671160    391528     18.98     20884    127404    736208     28.48    281876     71896       500
12:23:52 AM   1671380    391308     18.97     20884    127436    736208     28.48    281876     71904         0
12:23:53 AM   1671256    391432     18.98     20892    127452    736208     28.48    281908     71892       128
12:23:54 AM   1671240    391448     18.98     20892    127480    736208     28.48    281944     71892       136
12:23:55 AM   1671312    391376     18.97     20892    127496    736208     28.48    281988     71892       152
12:23:56 AM   1671132    391556     18.98     20892    127524    736208     28.48    281988     71896       180
12:23:57 AM   1671040    391648     18.99     20892    127540    736208     28.48    282020     71892       196
12:23:58 AM   1671116    391572     18.98     20900    127552    736208     28.48    282020     71892       216
12:23:59 AM   1671116    391572     18.98     20900    127576    736208     28.48    282048     71892       232
12:24:00 AM   1671132    391556     18.98     20900    127604    736208     28.48    282076     71896       260
12:24:01 AM   1671120    391568     18.98     20900    127620    736208     28.48    282132     71892       276
12:24:02 AM   1671224    391464     18.98     20900    127640    736208     28.48    282144     71892       296
12:24:03 AM   1671108    391580     18.98     20908    127652    736208     28.48    282108     71896       316
12:24:04 AM   1671132    391556     18.98     20908    127680    736208     28.48    282176     71892       340
12:24:05 AM   1670888    391800     18.99     20908    127696    736208     28.48    282216     71892       356
12:24:06 AM   1670996    391692     18.99     20908    127716    736208     28.48    282216     71892       376
12:24:07 AM   1671004    391684     18.99     20908    127744    736208     28.48    282272     71892       404
12:24:08 AM   1670984    391704     18.99     20916    127768    736208     28.48    282308     71896       436
12:24:09 AM   1670860    391828     19.00     20916    127792    736208     28.48    282396     71892       452
12:24:10 AM   1670796    391892     19.00     20916    127812    736208     28.48    282596     71892       472
12:24:11 AM   1670836    391852     19.00     20916    127828    736208     28.48    282388     71892       488
12:24:12 AM   1670728    391960     19.00     20916    127848    736208     28.48    282364     71892       508
12:24:13 AM   1670884    391804     18.99     20924    127856    736208     28.48    282372     71892       524
12:24:14 AM   1670728    391960     19.00     20924    127892    736208     28.48    282416     71892       552
12:24:15 AM   1670724    391964     19.00     20924    127908    736208     28.48    282428     71892       568
12:24:16 AM   1670748    391940     19.00     20924    127928    736208     28.48    282448     71892       588
12:24:17 AM   1670756    391932     19.00     20924    127944    736208     28.48    282512     71892       604
12:24:18 AM   1670756    391932     19.00     20924    127968    736208     28.48    282512     71892       628
12:24:19 AM   1670756    391932     19.00     20932    127984    736208     28.48    282532     71892       644
12:24:20 AM   1670632    392056     19.01     20932    128004    736208     28.48    282568     71892       664
12:24:21 AM   1670688    392000     19.00     20932    128024    736208     28.48    282556     71892       684
12:24:22 AM   1670508    392180     19.01     20932    128048    736208     28.48    282596     71892       592
12:24:23 AM   1670476    392212     19.01     20932    128068    736208     28.48    282620     71892       552
12:24:24 AM   1670476    392212     19.01     20940    128096    736208     28.48    282616     71892       584
12:24:25 AM   1670508    392180     19.01     20940    128116    736208     28.48    282720     71888       604
12:24:26 AM   1670508    392180     19.01     20940    128136    736208     28.48    282712     71888       624
12:24:27 AM   1670508    392180     19.01     20940    128156    736208     28.48    282728     71888        64
12:24:28 AM   1670508    392180     19.01     20940    128184    736208     28.48    282752     71896        76
12:24:29 AM   1670384    392304     19.02     20948    128196    736208     28.48    282820     71892       140
12:24:30 AM   1670508    392180     19.01     20948    128216    736208     28.48    282820     71896       160
12:24:31 AM   1670508    392180     19.01     20948    128236    736208     28.48    282848     71896       180
12:24:32 AM   1670476    392212     19.01     20948    128256    736208     28.48    282832     71892       200
12:24:33 AM   1670384    392304     19.02     20948    128276    736208     28.48    282848     71896       220
12:24:34 AM   1670492    392196     19.01     20956    128296    736208     28.48    282900     71892       240
12:24:35 AM   1670360    392328     19.02     20956    128320    736208     28.48    282928     71896       264
12:24:36 AM   1670260    392428     19.03     20956    128340    736208     28.48    282932     71892       284
12:24:37 AM   1670196    392492     19.03     20956    128356    736208     28.48    282948     71892       300
12:24:38 AM   1670068    392620     19.03     20956    128376    736208     28.48    283028     71892       320
12:24:39 AM   1670012    392676     19.04     20964    128400    736208     28.48    283032     71892       344
12:24:40 AM   1670212    392476     19.03     20964    128428    736208     28.48    283048     71896       372
12:24:41 AM   1670104    392584     19.03     20964    128452    736208     28.48    283092     71896       396
12:24:42 AM   1670096    392592     19.03     20964    128472    736208     28.48    283084     71892       416
12:24:43 AM   1670104    392584     19.03     20964    128496    736208     28.48    283140     71896       440
12:24:44 AM   1669944    392744     19.04     20972    128516    736208     28.48    283156     71892       460
12:24:45 AM   1669920    392768     19.04     20972    128532    736208     28.48    283180     71892       476
12:24:46 AM   1669972    392716     19.04     20972    128552    736208     28.48    283196     71892       496
12:24:47 AM   1669980    392708     19.04     20984    128560    736208     28.48    283188     71896        28
12:24:48 AM   1669972    392716     19.04     20984    128592    736208     28.48    283264     71892        60
12:24:49 AM   1669888    392800     19.04     20992    128608    736208     28.48    283300     71892       136
12:24:50 AM   1669820    392868     19.05     20992    128632    736208     28.48    283288     71892       160
12:24:51 AM   1670004    392684     19.04     20992    128660    736208     28.48    283224     71900       188
12:24:52 AM   1669996    392692     19.04     20992    128676    736208     28.48    283176     71892       204
Average:      1671488    391200     18.97     20872    127268    736208     28.48    281683     71893       383
Linux 4.4.0-31-generic (fw-suricata) 	12/10/2017 	_i686_	(1 CPU)

04:13:03 AM kbmemfree kbmemused  %memused kbbuffers  kbcached  kbcommit   %commit  kbactive   kbinact   kbdirty
04:13:04 AM   1350792    711896     34.51     43768    418348    736396     28.49    595900     72504       348
04:13:05 AM   1350760    711928     34.51     43768    418376    736396     28.49    595948     72504       380
04:13:06 AM   1350512    712176     34.53     43776    418384    736396     28.49    595964     72504       396
04:13:07 AM   1350544    712144     34.53     43776    418428    736396     28.49    596000     72508       436
04:13:08 AM   1350512    712176     34.53     43776    418460    736396     28.49    596036     72504       468
04:13:09 AM   1350512    712176     34.53     43776    418480    736396     28.49    596056     72508       488
04:13:10 AM   1350420    712268     34.53     43776    418512    736396     28.49    596092     72504       520
04:13:11 AM   1350388    712300     34.53     43784    418528    736396     28.49    596108     72508       544
04:13:12 AM   1350388    712300     34.53     43784    418560    736396     28.49    596140     72504       568
04:13:13 AM   1350388    712300     34.53     43784    418584    736396     28.49    596172     72504       592
04:13:14 AM   1350412    712276     34.53     43784    418616    736396     28.49    596284     72512       624
04:13:15 AM   1350164    712524     34.54     43784    418636    736396     28.49    596316     72508       644
04:13:16 AM   1349992    712696     34.55     43792    418652    736396     28.49    596348     72500       668
04:13:17 AM   1349992    712696     34.55     43792    418688    736396     28.49    596384     72504       696
04:13:18 AM   1350272    712416     34.54     43792    418708    736396     28.49    596396     72504       716
04:13:19 AM   1349900    712788     34.56     43792    418740    736396     28.49    596440     72508       748
04:13:20 AM   1349900    712788     34.56     43792    418764    736396     28.49    596472     72500       772
04:13:21 AM   1349900    712788     34.56     43800    418784    736396     28.49    596512     72500       800
04:13:22 AM   1349992    712696     34.55     43800    418812    736396     28.49    596524     72504       812
04:13:23 AM   1349992    712696     34.55     43800    418848    736396     28.49    596556     72504       848
04:13:24 AM   1349844    712844     34.56     43800    418868    736396     28.49    596488     72504       868
04:13:25 AM   1349908    712780     34.56     43800    418892    736396     28.49    596500     72504       892
04:13:26 AM   1350012    712676     34.55     43808    418908    736396     28.49    596548     72504       440
04:13:27 AM   1350016    712672     34.55     43808    418944    736396     28.49    596584     72504       468
04:13:28 AM   1349876    712812     34.56     43808    418964    736396     28.49    596584     72504       488
04:13:29 AM   1349892    712796     34.56     43808    418992    736396     28.49    596656     72508       516
04:13:30 AM   1349924    712764     34.56     43808    419020    736396     28.49    596656     72504       548
04:13:31 AM   1349908    712780     34.56     43816    419032    736396     28.49    596668     72504       568
04:13:32 AM   1349892    712796     34.56     43816    419060    736396     28.49    596700     72504       580
04:13:33 AM   1349924    712764     34.56     43816    419084    736396     28.49    596716     72504       604
04:13:34 AM   1349776    712912     34.56     43816    419108    736396     28.49    596744     72508       628
04:13:35 AM   1349768    712920     34.56     43816    419140    736396     28.49    596788     72512       660
04:13:36 AM   1349800    712888     34.56     43836    419144    736396     28.49    596804     72504       184
04:13:37 AM   1349660    713028     34.57     43836    419192    736396     28.49    596864     72504       244
04:13:38 AM   1349676    713012     34.57     43836    419208    736396     28.49    596868     72504       260
04:13:39 AM   1349740    712948     34.56     43836    419228    736396     28.49    596928     72504       280
04:13:40 AM   1349652    713036     34.57     43836    419240    736396     28.49    596916     72504       292
04:13:41 AM   1349644    713044     34.57     43844    419252    736396     28.49    596932     72508       312
04:13:42 AM   1349552    713136     34.57     43844    419272    736396     28.49    596964     72504       328
04:13:43 AM   1349552    713136     34.57     43844    419292    736396     28.49    596988     72508       348
04:13:44 AM   1349660    713028     34.57     43844    419312    736396     28.49    597000     72508       368
04:13:45 AM   1349552    713136     34.57     43844    419328    736396     28.49    597012     72508       384
04:13:46 AM   1349528    713160     34.57     43852    419332    736396     28.49    597024     72508       396
04:13:47 AM   1349204    713484     34.59     43852    419356    736396     28.49    597436     72508       412
04:13:48 AM   1349420    713268     34.58     43852    419368    736396     28.49    597092     72504       424
04:13:49 AM   1349520    713168     34.57     43852    419388    736396     28.49    597072     72508       444
04:13:50 AM   1349304    713384     34.59     43852    419400    736396     28.49    597100     72504       456
04:13:51 AM   1349272    713416     34.59     43860    419420    736396     28.49    597116     72508       484
04:13:52 AM   1349272    713416     34.59     43860    419440    736396     28.49    597144     72504       496
04:13:53 AM   1349396    713292     34.58     43860    419456    736396     28.49    597168     72504       512
04:13:54 AM   1349272    713416     34.59     43860    419468    736396     28.49    597164     72504       524
04:13:55 AM   1349304    713384     34.59     43860    419488    736396     28.49    597184     72504       544
04:13:56 AM   1349304    713384     34.59     43868    419492    736396     28.49    597208     72500       556
04:13:57 AM   1349272    713416     34.59     43868    419516    736396     28.49    597228     72500       572
04:13:58 AM   1349272    713416     34.59     43868    419532    736396     28.49    597256     72504       588
04:13:59 AM   1349304    713384     34.59     43868    419548    736396     28.49    597264     72504       604
04:14:00 AM   1349304    713384     34.59     43868    419564    736396     28.49    597280     72508       620
04:14:01 AM   1349304    713384     34.59     43876    419572    736396     28.49    597300     72504       456
04:14:02 AM   1349056    713632     34.60     43876    419592    736396     28.49    597324     72504       472
04:14:03 AM   1349056    713632     34.60     43876    419608    736396     28.49    597340     72504       488
04:14:04 AM   1349024    713664     34.60     43876    419620    736396     28.49    597344     72504       500
04:14:05 AM   1349032    713656     34.60     43876    419648    736396     28.49    597464     72512       532
04:14:06 AM   1349016    713672     34.60     43888    419656    736396     28.49    597484     72512       552
04:14:07 AM   1349048    713640     34.60     43888    419688    736396     28.49    597512     72512       576
04:14:08 AM   1349032    713656     34.60     43888    419700    736396     28.49    597532     72508       588
04:14:09 AM   1349016    713672     34.60     43888    419716    736396     28.49    597560     72504       604
04:14:10 AM   1348908    713780     34.60     43888    419736    736396     28.49    597556     72512       624
04:14:11 AM   1349124    713564     34.59     43896    419752    736396     28.49    597604     72512       108
04:14:12 AM   1348908    713780     34.60     43896    419780    736396     28.49    597632     72504       136
04:14:13 AM   1348924    713764     34.60     43896    419800    736396     28.49    597656     72504       172
04:14:14 AM   1348924    713764     34.60     43896    419816    736396     28.49    597636     72504       188
04:14:15 AM   1348988    713700     34.60     43896    419832    736396     28.49    597616     72504       204
04:14:16 AM   1349148    713540     34.59     43904    419840    736396     28.49    597592     72504       220
04:14:17 AM   1349048    713640     34.60     43904    419868    736396     28.49    597644     72504       240
04:14:18 AM   1349032    713656     34.60     43904    419884    736396     28.49    597660     72508       256
04:14:19 AM   1349056    713632     34.60     43904    419908    736396     28.49    597644     72504       280
04:14:20 AM   1348900    713788     34.60     43904    419928    736396     28.49    597700     72508       300
04:14:21 AM   1348908    713780     34.60     43912    419940    736396     28.49    597716     72504       320
04:14:22 AM   1348908    713780     34.60     43912    419968    736396     28.49    597756     72504       340
04:14:23 AM   1348908    713780     34.60     43912    419996    736396     28.49    597776     72512       368
04:14:24 AM   1348776    713912     34.61     43912    420016    736396     28.49    597804     72504       388
04:14:25 AM   1348784    713904     34.61     43912    420036    736396     28.49    597824     72504       408
04:14:26 AM   1348792    713896     34.61     43912    420056    736396     28.49    597856     72500       428
04:14:27 AM   1348784    713904     34.61     43920    420080    736396     28.49    597884     72504       452
04:14:28 AM   1348644    714044     34.62     43920    420096    736396     28.49    597916     72504       468
04:14:29 AM   1348652    714036     34.62     43920    420116    736396     28.49    597948     72500       488
04:14:30 AM   1348684    714004     34.62     43920    420128    736396     28.49    597896     72500       500
04:14:31 AM   1348500    714188     34.62     43920    420156    736396     28.49    597960     72500       528
04:14:32 AM   1348404    714284     34.63     43928    420172    736396     28.49    597980     72500       544
04:14:33 AM   1348500    714188     34.62     43928    420196    736396     28.49    597992     72504       568
04:14:34 AM   1348544    714144     34.62     43928    420212    736396     28.49    598056     72504       584
04:14:35 AM   1348528    714160     34.62     43928    420236    736396     28.49    598004     72508       608
04:14:36 AM   1348380    714308     34.63     43928    420256    736396     28.49    598076     72512       448
04:14:37 AM   1348364    714324     34.63     43936    420276    736396     28.49    598300     72508       472
04:14:38 AM   1348528    714160     34.62     43936    420300    736396     28.49    598128     72508       496
04:14:39 AM   1348528    714160     34.62     43936    420320    736396     28.49    598136     72508       516
04:14:40 AM   1348560    714128     34.62     43936    420352    736396     28.49    598176     72508       552
04:14:41 AM   1348404    714284     34.63     43944    420360    736396     28.49    598188     72504       568
04:14:42 AM   1348404    714284     34.63     43944    420388    736396     28.49    598220     72504       588
04:14:43 AM   1348404    714284     34.63     43944    420408    736396     28.49    598252     72504       608
04:14:44 AM   1348404    714284     34.63     43944    420428    736396     28.49    598264     72504       628
04:14:45 AM   1348404    714284     34.63     43944    420444    736396     28.49    598276     72504       644
04:14:46 AM   1348404    714284     34.63     43952    420460    736396     28.49    598300     72508       168
04:14:47 AM   1348312    714376     34.63     43952    420488    736396     28.49    598332     72504       184
04:14:48 AM   1348156    714532     34.64     43952    420508    736396     28.49    598360     72504       204
04:14:49 AM   1348124    714564     34.64     43952    420524    736396     28.49    598368     72504       220
04:14:50 AM   1348172    714516     34.64     43952    420544    736396     28.49    598392     72504       240
04:14:51 AM   1348188    714500     34.64     43952    420560    736396     28.49    598412     72504       256
04:14:52 AM   1348032    714656     34.65     43960    420584    736396     28.49    598440     72508       280
04:14:53 AM   1347940    714748     34.65     43960    420604    736396     28.49    598464     72504       300
04:14:54 AM   1347940    714748     34.65     43960    420636    736396     28.49    598500     72508       332
04:14:55 AM   1347908    714780     34.65     43960    420656    736396     28.49    598512     72504       352
04:14:56 AM   1347908    714780     34.65     43960    420680    736396     28.49    598536     72508       376
04:14:57 AM   1347924    714764     34.65     43968    420696    736396     28.49    598564     72504       392
04:14:58 AM   1347860    714828     34.66     43968    420716    736396     28.49    598572     72504       412
04:14:59 AM   1347892    714796     34.65     43968    420740    736396     28.49    598616     72508       436
04:15:00 AM   1347740    714948     34.66     43968    420760    736396     28.49    598628     72504       456
04:15:01 AM   1347916    714772     34.65     43968    420784    736396     28.49    598708     72508       480
04:15:02 AM   1347668    715020     34.66     43976    420804    736396     28.49    598744     72504       500
04:15:03 AM   1347724    714964     34.66     43976    420820    736396     28.49    598712     72504       524
04:15:04 AM   1347748    714940     34.66     43976    420840    736396     28.49    598752     72504       544
04:15:05 AM   1347816    714872     34.66     43976    420856    736396     28.49    598732     72504       560
04:15:06 AM   1347784    714904     34.66     43976    420876    736396     28.49    598768     72504       452
04:15:07 AM   1347808    714880     34.66     43984    420896    736396     28.49    598800     72504       476
04:15:08 AM   1347768    714920     34.66     43984    420916    736396     28.49    598836     72500       500
04:15:09 AM   1347500    715188     34.67     43984    420936    736396     28.49    598820     72500       520
04:15:10 AM   1347544    715144     34.67     43984    420968    736396     28.49    598872     72508       552
04:15:11 AM   1347644    715044     34.67     43984    420988    736396     28.49    598924     72504       520
04:15:12 AM   1347552    715136     34.67     43992    421008    736396     28.49    598924     72500       508
04:15:13 AM   1347512    715176     34.67     43992    421024    736396     28.49    598940     72500       524
04:15:14 AM   1347512    715176     34.67     43992    421044    736396     28.49    598964     72500       544
04:15:15 AM   1347484    715204     34.67     43992    421072    736396     28.49    598972     72504       576
04:15:16 AM   1347620    715068     34.67     43992    421092    736396     28.49    598984     72508       596
04:15:17 AM   1347420    715268     34.68     44000    421112    736396     28.49    599040     72504       612
04:15:18 AM   1347388    715300     34.68     44000    421136    736396     28.49    599024     72504       644
04:15:19 AM   1347420    715268     34.68     44000    421148    736396     28.49    599072     72504       656
04:15:20 AM   1347388    715300     34.68     44000    421168    736396     28.49    599112     72504       676
04:15:21 AM   1347260    715428     34.68     44004    421184    736396     28.49    599132     72504       144
04:15:22 AM   1347548    715140     34.67     44012    421212    736396     28.49    599016     72508       208
04:15:23 AM   1347580    715108     34.67     44012    421228    736396     28.49    599000     72504       236
Average:      1348938    713750     34.60     43892    419831    736396     28.49    597602     72505       472
