       eth0       
 KB/s in  KB/s out
    1.59      0.48
    1.26      0.48
    1.51      0.48
    1.79      0.72
    0.56      0.48
 7467.71   7541.29
 8021.14   8100.84
 8159.73   8241.83
 8016.73   8095.54
 8101.09   8182.54
 8220.41   8303.99
 8161.26   8242.97
 8153.51   8234.96
 8155.84   8237.48
 8158.35   8239.97
 8544.21   8631.62
 8661.49   8750.43
 8524.12   8612.75
 8502.45   8581.75
 8458.30   8553.46
 8575.84   8664.22
 8602.72   8688.20
       eth0       
 KB/s in  KB/s out
 8521.07   8612.37
 8480.04   8567.96
 8506.76   8596.20
 8603.02   8691.92
 8551.58   8640.78
 8574.80   8662.75
 8501.78   8588.19
 8521.58   8609.55
 8483.12   8571.28
 8458.50   8546.62
 8524.92   8612.24
 8437.26   8525.73
 8467.58   8556.13
 8571.28   8659.64
 8545.20   8633.78
 8597.58   8686.62
 8537.38   8625.50
 8466.13   8554.17
 8488.28   8576.51
 8526.46   8614.83
 8567.57   8655.15
 8555.55   8644.21
       eth0       
 KB/s in  KB/s out
 8601.21   8690.16
 8511.40   8599.90
 8639.75   8716.13
 8453.49   8553.54
 8426.28   8512.16
 8543.30   8631.16
 8533.01   8620.21
 8513.10   8601.70
 8475.55   8563.42
 8413.96   8502.74
 8577.15   8666.42
 8519.65   8607.94
 8538.88   8627.27
 8560.31   8648.38
 8532.81   8619.84
 8582.17   8653.97
 8567.16   8671.07
 8479.81   8568.86
 8552.65   8640.31
 8573.10   8661.72
 8477.70   8566.05
 8556.29   8644.63
       eth0       
 KB/s in  KB/s out
 8485.92   8574.37
 8614.92   8703.85
 8544.93   8616.29
 8498.39   8602.68
 8466.35   8554.74
 8628.44   8717.85
 8513.65   8601.31
 8456.73   8545.40
 8477.99   8566.10
 8579.59   8668.61
 8519.12   8607.09
 8440.25   8529.43
 8612.77   8697.54
 8464.85   8554.45
 8477.07   8564.25
 8620.81   8709.92
 8432.58   8521.07
 8472.22   8559.69
 8513.00   8601.07
 8552.89   8640.75
 8574.47   8663.32
 8539.69   8627.63
       eth0       
 KB/s in  KB/s out
 8512.25   8598.74
 8535.62   8621.92
 8641.99   8729.37
 8451.58   8540.16
 8603.12   8690.97
 8434.27   8522.05
 8590.16   8678.78
 8462.74   8550.69
 8586.43   8675.72
 8539.48   8617.83
 8520.12   8618.41
 8588.66   8676.41
 8596.44   8684.83
 8405.10   8492.82
 8561.54   8609.64
 8446.02   8574.42
 8519.26   8577.86
 8402.37   8519.11
 8504.19   8593.34
 8592.87   8656.37
 8451.79   8552.40
 8444.65   8541.93
       eth0       
 KB/s in  KB/s out
 8534.14   8621.18
 8492.23   8581.02
 8697.21   8786.40
 8382.74   8471.82
 8589.11   8677.64
 8457.71   8545.94
 8578.36   8665.26
 8544.11   8633.84
 8532.52   8618.36
 8502.31   8590.62
 8509.95   8597.24
 8553.96   8642.30
 8536.14   8623.38
 8458.40   8544.19
 8033.18   8124.01
  157.46    160.41
   12.73     12.29
    3.39      3.44
    1.83      0.82
    1.15      0.53
    0.99      0.49
    0.56      0.49
       eth0       
 KB/s in  KB/s out
    1.23      0.45
    0.39      0.39
    0.82      0.39
    0.48      0.39
    1.05      0.39
    0.34      0.39
    3.04      0.39
    0.60      0.39
       eth0       
 KB/s in  KB/s out
    1.09      0.82
    0.87      0.48
    1.11      0.82
    0.42      0.48
  744.08    749.36
 7594.63   7670.47
 7990.93   8068.81
 8319.05   8401.23
 8167.64   8248.45
 8058.68   8139.44
 8245.06   8326.33
 8195.10   8279.38
 8146.34   8226.35
 8183.75   8265.47
 8135.88   8217.21
 8598.19   8687.02
 8383.12   8470.88
 8541.28   8628.74
 8546.22   8634.70
 8517.71   8606.38
 8532.32   8620.27
 8459.59   8548.45
       eth0       
 KB/s in  KB/s out
 8654.04   8742.49
 8599.88   8688.28
 8495.98   8580.09
 8507.93   8601.31
 8568.96   8656.67
 8474.43   8563.01
 8507.03   8594.69
 8493.57   8582.43
 8503.62   8592.14
 8538.81   8628.02
 8597.24   8684.95
 8591.36   8659.15
 8439.92   8548.66
 8425.53   8513.59
 8562.04   8633.31
 8519.89   8624.15
 8628.21   8707.99
 8426.14   8521.20
 8560.03   8648.22
 8520.31   8609.80
 8562.19   8649.06
 8492.36   8580.44
       eth0       
 KB/s in  KB/s out
 8476.91   8565.02
 8537.97   8626.64
 8505.69   8594.19
 8597.47   8684.88
 8513.00   8601.61
 8596.39   8684.50
 8465.95   8554.19
 8547.20   8632.95
 8479.73   8569.08
 8498.10   8585.69
 8519.44   8608.43
 8450.04   8538.78
 8539.36   8627.60
 8466.57   8554.89
 8550.84   8638.58
 8556.26   8644.08
 8475.22   8563.69
 8460.36   8548.36
 8500.85   8589.54
 8582.74   8670.99
 8388.11   8475.59
 8478.46   8566.23
       eth0       
 KB/s in  KB/s out
 8585.26   8674.21
 8523.70   8610.76
 8365.86   8452.59
 8522.15   8611.03
 8540.14   8628.13
 8517.06   8605.70
 8522.94   8610.67
 8523.86   8612.06
 8456.19   8544.25
 8537.98   8626.63
 8602.53   8691.27
 8539.88   8627.87
 8560.04   8649.03
 8536.59   8625.13
 8342.61   8430.46
 8564.19   8653.02
 8563.76   8652.48
 8564.71   8653.61
 8535.19   8622.30
 8508.83   8597.71
 8416.10   8503.39
 8518.34   8606.79
       eth0       
 KB/s in  KB/s out
 8405.48   8493.83
 8523.04   8610.45
 8395.67   8483.96
 8472.20   8561.03
 8438.20   8527.24
 8522.15   8610.90
 8549.19   8636.67
 8417.66   8504.52
 8614.14   8702.94
 8468.42   8555.55
 8500.21   8586.79
 8593.14   8680.85
 8517.29   8605.35
 8468.51   8557.91
 8570.96   8641.56
 8563.03   8668.46
 8504.18   8591.64
 8457.11   8544.79
 8471.61   8560.07
 8488.79   8576.08
 8475.88   8563.95
 8527.15   8614.97
       eth0       
 KB/s in  KB/s out
 8491.04   8560.30
 8548.22   8655.81
 8563.25   8623.96
 8349.56   8464.85
 8577.28   8665.93
 8530.26   8617.55
 8522.98   8612.40
 8573.28   8661.11
 8503.88   8592.61
 8569.50   8657.65
 8496.68   8585.35
 8593.60   8681.67
 8479.52   8568.31
 8576.76   8665.62
 7106.97   7184.84
   21.06     21.15
   12.53     12.34
    5.17      3.44
    2.49      0.49
    0.99      0.49
    1.38      0.53
    0.99      0.49
       eth0       
 KB/s in  KB/s out
    2.28      0.73
    1.05      0.39
    0.68      0.39
    1.34      0.39
    0.39      0.73
    1.90      0.39
    0.39      0.39
    1.28      0.39
