Linux 4.4.0-31-generic (ids-suricata) 	12/10/2017 	_i686_	(1 CPU)

03:31:09 AM kbmemfree kbmemused  %memused kbbuffers  kbcached  kbcommit   %commit  kbactive   kbinact   kbdirty
03:31:10 AM    164040   1898648     92.05     83664    915960    739708     28.62   1030812    803544       568
03:31:11 AM    163808   1898880     92.06     83664    915996    739708     28.62   1030864    803532       656
03:31:12 AM    163916   1898772     92.05     83664    916016    739708     28.62   1030916    803520       676
03:31:13 AM    163808   1898880     92.06     83676    916044    739708     28.62   1030964    803524       248
03:31:14 AM    163544   1899144     92.07     83676    916076    739708     28.62   1031452    803520       280
03:31:15 AM    158448   1904240     92.32     83680    916132    759616     29.39   1034348    803436       344
03:31:16 AM    158232   1904456     92.33     83680    916148    759616     29.39   1034368    803436       428
03:31:17 AM    158076   1904612     92.34     83680    916180    759616     29.39   1034412    803428       460
03:31:18 AM    158108   1904580     92.33     83680    916200    759616     29.39   1034460    803428       456
03:31:19 AM    157984   1904704     92.34     83680    916224    759616     29.39   1034456    803428       480
03:31:20 AM    157984   1904704     92.34     83680    916248    759616     29.39   1034484    803428       504
03:31:21 AM    157952   1904736     92.34     83684    916272    759616     29.39   1034508    803428       536
03:31:22 AM    157984   1904704     92.34     83684    916300    759616     29.39   1034556    803424       568
03:31:23 AM    157984   1904704     92.34     83684    916320    759616     29.39   1034576    803424       588
03:31:24 AM    157952   1904736     92.34     83684    916352    759616     29.39   1034604    803424       620
03:31:25 AM    157860   1904828     92.35     83684    916408    759616     29.39   1034640    803432       676
03:31:26 AM    157672   1905016     92.36     83684    916452    759616     29.39   1034708    803424       720
03:31:27 AM    157736   1904952     92.35     83684    916496    759616     29.39   1034760    803424       764
03:31:28 AM    157736   1904952     92.35     83684    916540    759616     29.39   1034820    803424       808
03:31:29 AM    157672   1905016     92.36     83684    916584    759616     29.39   1034872    803424       852
03:31:30 AM    157516   1905172     92.36     83684    916632    759616     29.39   1034928    803428       900
03:31:31 AM    157456   1905232     92.37     83684    916676    759616     29.39   1034976    803424       944
03:31:32 AM    157456   1905232     92.37     83684    916732    759616     29.39   1035040    803420      1000
03:31:33 AM    157424   1905264     92.37     83684    916780    759616     29.39   1035108    803416      1048
03:31:34 AM    157456   1905232     92.37     83684    916824    759616     29.39   1035172    803416      1092
03:31:35 AM    157112   1905576     92.38     83684    916880    759616     29.39   1035256    803416      1148
03:31:36 AM    156768   1905920     92.40     83692    916932    759616     29.39   1035324    803416      1200
03:31:37 AM    156892   1905796     92.39     83692    916980    759616     29.39   1035404    803416      1248
03:31:38 AM    156800   1905888     92.40     83692    917028    759616     29.39   1035452    803420       564
03:31:39 AM    156892   1905796     92.39     83692    917092    759616     29.39   1035512    803416       632
03:31:40 AM    156676   1906012     92.40     83692    917132    759616     29.39   1035564    803432       672
03:31:41 AM    156552   1906136     92.41     83700    917188    759616     29.39   1035644    803424       732
03:31:42 AM    156504   1906184     92.41     83700    917232    759616     29.39   1035712    803424       776
03:31:43 AM    156460   1906228     92.41     83700    917276    759616     29.39   1035772    803424       304
03:31:44 AM    156256   1906432     92.42     83700    917328    759616     29.39   1035840    803428       376
03:31:45 AM    156360   1906328     92.42     83700    917376    759616     29.39   1035992    803432       424
03:31:46 AM    156172   1906516     92.43     83704    917424    759616     29.39   1036056    803424       472
03:31:47 AM    156032   1906656     92.44     83704    917464    759616     29.39   1036124    803424       512
03:31:48 AM    156188   1906500     92.43     83704    917504    759616     29.39   1036256    803424       456
03:31:49 AM    156132   1906556     92.43     83704    917544    759616     29.39   1036264    803424       496
03:31:50 AM    156140   1906548     92.43     83704    917600    759616     29.39   1036224    803424       552
03:31:51 AM    156016   1906672     92.44     83704    917652    759616     29.39   1036296    803436       624
03:31:52 AM    156112   1906576     92.43     83704    917696    759616     29.39   1036368    803412       668
03:31:53 AM    155860   1906828     92.44     83704    917736    759616     29.39   1036460    803412       680
03:31:54 AM    155928   1906760     92.44     83704    917780    759616     29.39   1036484    803416       724
03:31:55 AM    155808   1906880     92.45     83704    917836    759616     29.39   1036480    803412       780
03:31:56 AM    155776   1906912     92.45     83708    917868    759616     29.39   1036508    803412       820
03:31:57 AM    155652   1907036     92.45     83708    917920    759616     29.39   1036568    803416       872
03:31:58 AM    155680   1907008     92.45     83708    917960    759616     29.39   1036648    803408       916
03:31:59 AM    155748   1906940     92.45     83708    918000    759616     29.39   1036692    803408       956
03:32:00 AM    155496   1907192     92.46     83708    918044    759616     29.39   1036740    803412      1000
03:32:01 AM    155372   1907316     92.47     83708    918084    759616     29.39   1036800    803400      1040
03:32:02 AM    155280   1907408     92.47     83708    918116    759616     29.39   1036844    803400      1072
03:32:03 AM    155404   1907284     92.47     83708    918152    759616     29.39   1036892    803400      1108
03:32:04 AM    155280   1907408     92.47     83708    918200    759616     29.39   1036936    803400      1156
03:32:05 AM    155280   1907408     92.47     83708    918244    759616     29.39   1036988    803400      1200
03:32:06 AM    155376   1907312     92.47     83712    918272    759616     29.39   1037020    803400      1228
03:32:07 AM    155184   1907504     92.48     83712    918300    759616     29.39   1037056    803404      1256
03:32:08 AM    155156   1907532     92.48     83712    918324    759616     29.39   1037084    803400      1280
03:32:09 AM    155188   1907500     92.48     83712    918352    759616     29.39   1037116    803400      1308
03:32:10 AM    155220   1907468     92.47     83712    918376    759616     29.39   1037136    803404      1332
03:32:11 AM    155064   1907624     92.48     83712    918400    759616     29.39   1037164    803400      1356
03:32:12 AM    155096   1907592     92.48     83712    918436    759616     29.39   1037208    803404      1392
03:32:13 AM    155096   1907592     92.48     83712    918472    759616     29.39   1037248    803400       536
03:32:14 AM    155064   1907624     92.48     83712    918496    759616     29.39   1037284    803400       564
03:32:15 AM    154940   1907748     92.49     83712    918560    759616     29.39   1037316    803432       628
03:32:16 AM    154816   1907872     92.49     83712    918584    759616     29.39   1037544    803428       660
03:32:17 AM    154848   1907840     92.49     83712    918608    759616     29.39   1037364    803428       684
03:32:18 AM    154992   1907696     92.49     83712    918652    759616     29.39   1037408    803432       200
03:32:19 AM    154972   1907716     92.49     83712    918688    759616     29.39   1037444    803428       256
03:32:20 AM    154972   1907716     92.49     83712    918716    759616     29.39   1037484    803428       284
03:32:21 AM    154816   1907872     92.49     83716    918752    759616     29.39   1037520    803428       324
03:32:22 AM    154752   1907936     92.50     83716    918796    759616     29.39   1037564    803436       368
03:32:23 AM    154720   1907968     92.50     83716    918828    759616     29.39   1037616    803428       360
03:32:24 AM    154832   1907856     92.49     83716    918848    759616     29.39   1037712    803428       380
03:32:25 AM    154848   1907840     92.49     83716    918884    759616     29.39   1037648    803428       416
03:32:26 AM    154784   1907904     92.50     83716    918916    759616     29.39   1037676    803428       452
03:32:27 AM    154724   1907964     92.50     83716    918952    759616     29.39   1037744    803424       488
03:32:28 AM    154696   1907992     92.50     83716    918996    759616     29.39   1037776    803428       508
03:32:29 AM    154632   1908056     92.50     83716    919044    759616     29.39   1037824    803432       556
03:32:30 AM    154476   1908212     92.51     83716    919060    759616     29.39   1037856    803424       572
03:32:31 AM    154540   1908148     92.51     83720    919096    759616     29.39   1037888    803424       624
03:32:32 AM    154352   1908336     92.52     83720    919136    759616     29.39   1037940    803424       664
03:32:33 AM    154508   1908180     92.51     83720    919180    759616     29.39   1037972    803424       708
03:32:34 AM    154352   1908336     92.52     83720    919236    759616     29.39   1038036    803424       768
03:32:35 AM    154416   1908272     92.51     83720    919280    759616     29.39   1038084    803420       812
03:32:36 AM    154196   1908492     92.52     83720    919320    759616     29.39   1038128    803416       852
03:32:37 AM    154196   1908492     92.52     83720    919352    759616     29.39   1038164    803412       884
03:32:38 AM    154324   1908364     92.52     83720    919400    759616     29.39   1038208    803412       932
03:32:39 AM    154072   1908616     92.53     83720    919444    759616     29.39   1038256    803412       976
03:32:40 AM    154136   1908552     92.53     83720    919500    759616     29.39   1038308    803420      1032
03:32:41 AM    153980   1908708     92.53     83728    919540    759616     29.39   1038364    803420      1072
03:32:42 AM    154012   1908676     92.53     83728    919600    759616     29.39   1038428    803420      1132
03:32:43 AM    153860   1908828     92.54     83728    919648    759616     29.39   1038488    803420      1180
03:32:44 AM    153664   1909024     92.55     83728    919704    759616     29.39   1038692    803420      1236
03:32:45 AM    153800   1908888     92.54     83728    919744    759616     29.39   1038580    803420      1276
03:32:46 AM    153644   1909044     92.55     83732    919792    759616     29.39   1038620    803424      1324
03:32:47 AM    153580   1909108     92.55     83732    919836    759616     29.39   1038676    803420      1368
03:32:48 AM    153740   1908948     92.55     83732    919896    759616     29.39   1038740    803420       500
03:32:49 AM    153740   1908948     92.55     83732    919940    759616     29.39   1038792    803420       568
03:32:50 AM    153708   1908980     92.55     83732    919992    759616     29.39   1038828    803420       620
03:32:51 AM    153552   1909136     92.56     83732    920036    759616     29.39   1038880    803420       680
03:32:52 AM    153520   1909168     92.56     83732    920076    759616     29.39   1038920    803420       720
03:32:53 AM    153584   1909104     92.55     83732    920120    759616     29.39   1038964    803420       236
03:32:54 AM    153496   1909192     92.56     83732    920172    759616     29.39   1039020    803420       308
03:32:55 AM    153528   1909160     92.56     83732    920224    759616     29.39   1039068    803420       360
03:32:56 AM    153340   1909348     92.57     83736    920268    759616     29.39   1039124    803420       404
03:32:57 AM    153248   1909440     92.57     83736    920316    759616     29.39   1039156    803416       452
03:32:58 AM    153216   1909472     92.57     83736    920352    759616     29.39   1039264    803416       452
03:32:59 AM    153312   1909376     92.57     83736    920396    759616     29.39   1039260    803420       496
03:33:00 AM    153124   1909564     92.58     83736    920440    759616     29.39   1039312    803416       540
03:33:01 AM    153060   1909628     92.58     83740    920484    759616     29.39   1039356    803420       584
03:33:02 AM    153092   1909596     92.58     83740    920524    759616     29.39   1039408    803412       628
03:33:03 AM    153064   1909624     92.58     83740    920568    759616     29.39   1039456    803416       672
03:33:04 AM    153000   1909688     92.58     83740    920624    759616     29.39   1039508    803412       728
03:33:05 AM    152780   1909908     92.59     83740    920660    759616     29.39   1039560    803416       764
03:33:06 AM    152812   1909876     92.59     83740    920704    759616     29.39   1039604    803412       808
03:33:07 AM    153004   1909684     92.58     83740    920736    759616     29.39   1039660    803404       844
03:33:08 AM    152752   1909936     92.59     83740    920776    759616     29.39   1039696    803404       860
03:33:09 AM    152656   1910032     92.60     83740    920812    759616     29.39   1039732    803404       896
03:33:10 AM    152720   1909968     92.60     83740    920860    759616     29.39   1039784    803404       944
03:33:11 AM    152532   1910156     92.61     83740    920892    759616     29.39   1039828    803396       980
03:33:12 AM    152676   1910012     92.60     83740    920932    759616     29.39   1039928    803400      1036
03:33:13 AM    152716   1909972     92.60     83740    920972    759616     29.39   1040016    803396      1076
03:33:14 AM    152504   1910184     92.61     83740    921032    759616     29.39   1039940    803412      1136
03:33:15 AM    152504   1910184     92.61     83740    921084    759616     29.39   1039988    803420      1188
03:33:16 AM    152380   1910308     92.61     83740    921124    759616     29.39   1040036    803416      1228
03:33:17 AM    152284   1910404     92.62     83740    921164    759616     29.39   1040088    803408      1268
03:33:18 AM    152344   1910344     92.61     83740    921208    759616     29.39   1040124    803416      1312
03:33:19 AM    152288   1910400     92.62     83740    921240    759616     29.39   1040172    803408      1344
03:33:20 AM    152288   1910400     92.62     83740    921288    759616     29.39   1040212    803412      1392
03:33:21 AM    152228   1910460     92.62     83740    921328    759616     29.39   1040252    803412      1432
03:33:22 AM    152224   1910464     92.62     83740    921348    759616     29.39   1040296    803404      1452
03:33:23 AM    152256   1910432     92.62     83740    921388    759616     29.39   1040344    803400       500
03:33:24 AM    152156   1910532     92.62     83740    921416    759616     29.39   1040456    803400       548
03:33:25 AM    152020   1910668     92.63     83740    921444    759616     29.39   1040484    803400       580
03:33:26 AM    152004   1910684     92.63     83744    921460    759616     29.39   1040500    803400       600
03:33:27 AM    152112   1910576     92.63     83744    921496    759616     29.39   1040544    803396       644
03:33:28 AM    152144   1910544     92.62     83744    921528    759616     29.39   1040492    803400       148
03:33:29 AM    152136   1910552     92.62     83744    921556    759616     29.39   1040464    803400       196
Average:       155180   1907508     92.48     83714    918742    758905     29.36   1037320    803421       762
