Linux 4.4.0-31-generic (ids-suricata) 	12/10/2017 	_i686_	(1 CPU)

01:37:51 AM  CPU    %usr   %nice    %sys %iowait    %irq   %soft  %steal  %guest  %gnice   %idle
01:37:52 AM  all    1.98    0.00    7.92    1.98    0.00    0.00    0.99    0.00    0.00   87.13
01:37:53 AM  all    1.98    0.00    2.97    0.00    0.00    0.00    0.00    0.00    0.00   95.05
01:37:54 AM  all    2.02    0.00    1.01    0.00    0.00    0.00    0.00    0.00    0.00   96.97
01:37:55 AM  all    0.00    0.00    3.06    0.00    0.00    0.00    0.00    0.00    0.00   96.94
01:37:56 AM  all    1.98    0.00    1.98    0.00    0.00    0.99    0.99    0.00    0.00   94.06
01:37:57 AM  all    3.03    0.00    2.02    2.02    0.00    0.00    0.00    0.00    0.00   92.93
01:37:58 AM  all    7.00    0.00    4.00    0.00    0.00    0.00    0.00    0.00    0.00   89.00
01:37:59 AM  all    0.00    0.00    1.01    0.00    0.00    0.00    0.00    0.00    0.00   98.99
01:38:00 AM  all    0.99    0.00    1.98    0.00    0.00    0.00    0.00    0.00    0.00   97.03
01:38:01 AM  all    1.00    0.00    1.00    0.00    0.00    0.00    1.00    0.00    0.00   97.00
01:38:02 AM  all    2.02    0.00    2.02    7.07    0.00    0.00    0.00    0.00    0.00   88.89
01:38:03 AM  all    1.01    0.00    2.02    0.00    0.00    0.00    0.00    0.00    0.00   96.97
01:38:04 AM  all    1.01    0.00    2.02    0.00    0.00    1.01    0.00    0.00    0.00   95.96
01:38:05 AM  all    1.01    0.00    2.02    0.00    0.00    0.00    1.01    0.00    0.00   95.96
01:38:06 AM  all    2.00    0.00    3.00    0.00    0.00    0.00    0.00    0.00    0.00   95.00
01:38:07 AM  all    0.00    0.00    2.02    3.03    0.00    0.00    0.00    0.00    0.00   94.95
01:38:08 AM  all   36.67    0.00    2.22    0.00    0.00   22.22    2.22    0.00    0.00   36.67
01:38:09 AM  all   44.33    0.00    1.03    0.00    0.00   44.33    1.03    0.00    0.00    9.28
01:38:10 AM  all   46.00    0.00    2.00    0.00    0.00   51.00    1.00    0.00    0.00    0.00
01:38:11 AM  all   44.00    0.00    1.00    0.00    0.00   54.00    1.00    0.00    0.00    0.00
01:38:12 AM  all   51.52    0.00    2.02    0.00    0.00   45.45    1.01    0.00    0.00    0.00
01:38:13 AM  all   47.00    0.00    3.00    0.00    0.00   45.00    2.00    0.00    0.00    3.00
01:38:14 AM  all   56.00    0.00    1.00    0.00    0.00   42.00    1.00    0.00    0.00    0.00
01:38:15 AM  all   48.48    0.00    2.02    0.00    0.00   48.48    1.01    0.00    0.00    0.00
01:38:16 AM  all   44.00    0.00    1.00    0.00    0.00   55.00    0.00    0.00    0.00    0.00
01:38:17 AM  all   53.47    0.00    0.99    0.00    0.00   44.55    0.99    0.00    0.00    0.00
01:38:18 AM  all   42.42    0.00    1.01    0.00    0.00   56.57    0.00    0.00    0.00    0.00
01:38:19 AM  all   38.61    0.00    1.98    0.00    0.00   57.43    1.98    0.00    0.00    0.00
01:38:20 AM  all   38.38    0.00    2.02    0.00    0.00   58.59    1.01    0.00    0.00    0.00
01:38:21 AM  all   48.00    0.00    2.00    0.00    0.00   49.00    1.00    0.00    0.00    0.00
01:38:22 AM  all   47.52    0.00    0.99    0.00    0.00   50.50    0.99    0.00    0.00    0.00
01:38:23 AM  all   45.54    0.00    2.97    0.00    0.00   49.50    1.98    0.00    0.00    0.00
01:38:24 AM  all   40.82    0.00    4.08    0.00    0.00   53.06    2.04    0.00    0.00    0.00
01:38:25 AM  all   43.56    0.00    1.98    0.00    0.00   53.47    0.99    0.00    0.00    0.00
01:38:26 AM  all   39.00    0.00    3.00    0.00    0.00   56.00    2.00    0.00    0.00    0.00
01:38:27 AM  all   43.00    0.00    2.00    0.00    0.00   54.00    1.00    0.00    0.00    0.00
01:38:28 AM  all   41.00    0.00    3.00    0.00    0.00   55.00    1.00    0.00    0.00    0.00
01:38:29 AM  all   38.38    0.00    1.01    0.00    0.00   59.60    1.01    0.00    0.00    0.00
01:38:30 AM  all   37.62    0.00    1.98    0.00    0.00   59.41    0.99    0.00    0.00    0.00
01:38:31 AM  all   33.33    0.00    3.03    0.00    0.00   61.62    2.02    0.00    0.00    0.00
01:38:32 AM  all   31.68    0.00    2.97    0.00    0.00   64.36    0.99    0.00    0.00    0.00
01:38:33 AM  all   37.37    0.00    2.02    0.00    0.00   57.58    3.03    0.00    0.00    0.00
01:38:34 AM  all   43.56    0.00    3.96    0.00    0.00   51.49    0.99    0.00    0.00    0.00
01:38:35 AM  all   44.00    0.00    2.00    0.00    0.00   53.00    1.00    0.00    0.00    0.00
01:38:36 AM  all   41.00    0.00    1.00    0.00    0.00   57.00    1.00    0.00    0.00    0.00
01:38:37 AM  all   38.61    0.00    0.99    0.00    0.00   58.42    1.98    0.00    0.00    0.00
01:38:38 AM  all   44.44    0.00    2.02    0.00    0.00   52.53    1.01    0.00    0.00    0.00
01:38:39 AM  all   41.58    0.00    1.98    0.00    0.00   53.47    2.97    0.00    0.00    0.00
01:38:40 AM  all   31.68    0.00    2.97    0.00    0.00   62.38    2.97    0.00    0.00    0.00
01:38:41 AM  all   39.00    0.00    2.00    0.00    0.00   59.00    0.00    0.00    0.00    0.00
01:38:42 AM  all   35.00    0.00    2.00    0.00    0.00   62.00    1.00    0.00    0.00    0.00
01:38:43 AM  all   39.00    0.00    3.00    0.00    0.00   58.00    0.00    0.00    0.00    0.00
01:38:44 AM  all   42.00    0.00    3.00    0.00    0.00   53.00    2.00    0.00    0.00    0.00
01:38:45 AM  all   40.82    0.00    2.04    0.00    0.00   56.12    1.02    0.00    0.00    0.00
01:38:46 AM  all   44.12    0.00    2.94    0.00    0.00   50.98    1.96    0.00    0.00    0.00
01:38:47 AM  all   44.00    0.00    2.00    0.00    0.00   54.00    0.00    0.00    0.00    0.00
01:38:48 AM  all   38.00    0.00    5.00    0.00    0.00   56.00    1.00    0.00    0.00    0.00
01:38:49 AM  all   38.00    0.00    3.00    0.00    0.00   57.00    2.00    0.00    0.00    0.00
01:38:50 AM  all   43.00    0.00    1.00    0.00    0.00   53.00    3.00    0.00    0.00    0.00
01:38:51 AM  all   41.58    0.00    2.97    0.00    0.00   53.47    1.98    0.00    0.00    0.00
01:38:52 AM  all   44.44    0.00    0.00    0.00    0.00   54.55    1.01    0.00    0.00    0.00
01:38:53 AM  all   44.55    0.00    1.98    0.00    0.00   53.47    0.00    0.00    0.00    0.00
01:38:54 AM  all   42.42    0.00    2.02    0.00    0.00   53.54    2.02    0.00    0.00    0.00
01:38:55 AM  all   43.00    0.00    3.00    0.00    0.00   53.00    1.00    0.00    0.00    0.00
01:38:56 AM  all   47.00    0.00    2.00    0.00    0.00   51.00    0.00    0.00    0.00    0.00
01:38:57 AM  all   42.57    0.00    0.99    0.00    0.00   54.46    1.98    0.00    0.00    0.00
01:38:58 AM  all   42.00    0.00    2.00    0.00    0.00   55.00    1.00    0.00    0.00    0.00
01:38:59 AM  all   41.41    0.00    1.01    0.00    0.00   55.56    2.02    0.00    0.00    0.00
01:39:00 AM  all   40.59    0.00    0.99    0.00    0.00   56.44    1.98    0.00    0.00    0.00
01:39:01 AM  all   42.00    0.00    2.00    0.00    0.00   56.00    0.00    0.00    0.00    0.00
01:39:02 AM  all   43.43    0.00    0.00    0.00    0.00   55.56    1.01    0.00    0.00    0.00
01:39:03 AM  all   39.00    0.00    2.00    0.00    0.00   56.00    3.00    0.00    0.00    0.00
01:39:04 AM  all   39.00    0.00    4.00    0.00    0.00   56.00    1.00    0.00    0.00    0.00
01:39:05 AM  all   39.60    0.00    0.99    0.00    0.00   57.43    1.98    0.00    0.00    0.00
01:39:06 AM  all   33.00    0.00    4.00    0.00    0.00   61.00    2.00    0.00    0.00    0.00
01:39:07 AM  all   43.56    0.00    0.99    0.00    0.00   54.46    0.99    0.00    0.00    0.00
01:39:08 AM  all   41.41    0.00    1.01    0.00    0.00   56.57    1.01    0.00    0.00    0.00
01:39:09 AM  all   44.55    0.00    1.98    0.00    0.00   52.48    0.99    0.00    0.00    0.00
01:39:10 AM  all   46.46    0.00    1.01    0.00    0.00   51.52    1.01    0.00    0.00    0.00
01:39:11 AM  all   43.00    0.00    1.00    0.00    0.00   56.00    0.00    0.00    0.00    0.00
01:39:12 AM  all   36.00    0.00    2.00    0.00    0.00   60.00    2.00    0.00    0.00    0.00
01:39:13 AM  all   43.00    0.00    2.00    0.00    0.00   54.00    1.00    0.00    0.00    0.00
01:39:14 AM  all   42.00    0.00    2.00    0.00    0.00   54.00    2.00    0.00    0.00    0.00
01:39:15 AM  all   44.00    0.00    2.00    0.00    0.00   52.00    2.00    0.00    0.00    0.00
01:39:16 AM  all   42.00    0.00    1.00    0.00    0.00   56.00    1.00    0.00    0.00    0.00
01:39:17 AM  all   39.60    0.00    2.97    0.00    0.00   53.47    3.96    0.00    0.00    0.00
01:39:18 AM  all   42.00    0.00    3.00    0.00    0.00   53.00    2.00    0.00    0.00    0.00
01:39:19 AM  all   42.42    0.00    0.00    0.00    0.00   55.56    2.02    0.00    0.00    0.00
01:39:20 AM  all   43.56    0.00    2.97    0.00    0.00   52.48    0.99    0.00    0.00    0.00
01:39:21 AM  all   44.00    0.00    2.00    0.00    0.00   53.00    1.00    0.00    0.00    0.00
01:39:22 AM  all   37.00    0.00    1.00    0.00    0.00   60.00    2.00    0.00    0.00    0.00
01:39:23 AM  all   35.35    0.00    2.02    0.00    0.00   60.61    2.02    0.00    0.00    0.00
01:39:24 AM  all   38.61    0.00    1.98    0.00    0.00   59.41    0.00    0.00    0.00    0.00
01:39:25 AM  all   41.41    0.00    2.02    0.00    0.00   56.57    0.00    0.00    0.00    0.00
01:39:26 AM  all   40.20    0.00    3.92    0.00    0.00   53.92    1.96    0.00    0.00    0.00
01:39:27 AM  all   43.88    0.00    3.06    0.00    0.00   53.06    0.00    0.00    0.00    0.00
01:39:28 AM  all   40.00    0.00    1.00    0.00    0.00   57.00    2.00    0.00    0.00    0.00
01:39:29 AM  all   40.59    0.00    2.97    0.00    0.00   54.46    1.98    0.00    0.00    0.00
01:39:30 AM  all   41.00    0.00    1.00    0.00    0.00   56.00    2.00    0.00    0.00    0.00
01:39:31 AM  all   39.00    0.00    4.00    0.00    0.00   55.00    2.00    0.00    0.00    0.00
01:39:32 AM  all   42.00    0.00    2.00    0.00    0.00   55.00    1.00    0.00    0.00    0.00
01:39:33 AM  all   41.00    0.00    2.00    0.00    0.00   56.00    1.00    0.00    0.00    0.00
01:39:34 AM  all   40.59    0.00    0.99    0.00    0.00   56.44    1.98    0.00    0.00    0.00
01:39:35 AM  all   39.80    0.00    2.04    0.00    0.00   58.16    0.00    0.00    0.00    0.00
01:39:36 AM  all   42.16    0.00    2.94    0.00    0.00   50.98    3.92    0.00    0.00    0.00
01:39:37 AM  all   40.82    0.00    1.02    0.00    0.00   58.16    0.00    0.00    0.00    0.00
01:39:38 AM  all   43.00    0.00    1.00    0.00    0.00   54.00    2.00    0.00    0.00    0.00
01:39:39 AM  all   42.57    0.00    1.98    0.00    0.00   51.49    3.96    0.00    0.00    0.00
01:39:40 AM  all   41.58    0.00    3.96    0.00    0.00   52.48    1.98    0.00    0.00    0.00
01:39:41 AM  all   47.47    0.00    3.03    0.00    0.00   47.47    2.02    0.00    0.00    0.00
01:39:42 AM  all   41.58    0.00    1.98    0.00    0.00   53.47    2.97    0.00    0.00    0.00
01:39:43 AM  all   39.00    0.00    4.00    0.00    0.00   56.00    1.00    0.00    0.00    0.00
01:39:44 AM  all   41.41    0.00    2.02    0.00    0.00   55.56    1.01    0.00    0.00    0.00
01:39:45 AM  all   44.55    0.00    0.99    0.00    0.00   52.48    1.98    0.00    0.00    0.00
01:39:46 AM  all   35.35    0.00    2.02    0.00    0.00   59.60    3.03    0.00    0.00    0.00
01:39:47 AM  all   36.63    0.00    2.97    0.00    0.00   58.42    1.98    0.00    0.00    0.00
01:39:48 AM  all   45.45    0.00    2.02    0.00    0.00   52.53    0.00    0.00    0.00    0.00
01:39:49 AM  all   43.56    0.00    1.98    0.00    0.00   51.49    2.97    0.00    0.00    0.00
01:39:50 AM  all   41.41    0.00    1.01    0.00    0.00   56.57    1.01    0.00    0.00    0.00
01:39:51 AM  all   41.58    0.00    1.98    0.00    0.00   55.45    0.99    0.00    0.00    0.00
01:39:52 AM  all   42.42    0.00    2.02    0.00    0.00   53.54    2.02    0.00    0.00    0.00
01:39:53 AM  all   47.00    0.00    3.00    0.00    0.00   49.00    1.00    0.00    0.00    0.00
01:39:54 AM  all   38.00    0.00    3.00    0.00    0.00   56.00    3.00    0.00    0.00    0.00
01:39:55 AM  all   41.58    0.00    1.98    0.00    0.00   53.47    2.97    0.00    0.00    0.00
01:39:56 AM  all   41.41    0.00    1.01    0.00    0.00   55.56    2.02    0.00    0.00    0.00
01:39:57 AM  all   38.61    0.00    2.97    0.00    0.00   57.43    0.99    0.00    0.00    0.00
01:39:58 AM  all   36.00    0.00    2.00    0.00    0.00   60.00    2.00    0.00    0.00    0.00
01:39:59 AM  all   42.00    0.00    3.00    0.00    0.00   53.00    2.00    0.00    0.00    0.00
01:40:00 AM  all   45.54    0.00    0.99    0.00    0.00   51.49    1.98    0.00    0.00    0.00
01:40:01 AM  all   33.33    0.00    2.02    0.00    0.00   62.63    2.02    0.00    0.00    0.00
01:40:02 AM  all   40.00    0.00    1.00    0.00    0.00   58.00    1.00    0.00    0.00    0.00
01:40:03 AM  all   41.00    0.00    1.00    0.00    0.00   58.00    0.00    0.00    0.00    0.00
01:40:04 AM  all   34.00    0.00    2.00    0.00    0.00   62.00    2.00    0.00    0.00    0.00
01:40:05 AM  all   44.55    0.00    1.98    0.00    0.00   53.47    0.00    0.00    0.00    0.00
01:40:06 AM  all   42.86    0.00    2.04    0.00    0.00   55.10    0.00    0.00    0.00    0.00
01:40:07 AM  all   36.63    0.00    1.98    0.00    0.00   60.40    0.99    0.00    0.00    0.00
01:40:08 AM  all   15.31    0.00    4.08    0.00    0.00   21.43    1.02    0.00    0.00   58.16
01:40:09 AM  all    2.02    0.00    3.03    0.00    0.00    0.00    0.00    0.00    0.00   94.95
01:40:10 AM  all    2.02    0.00    2.02    0.00    0.00    0.00    1.01    0.00    0.00   94.95
01:40:11 AM  all    2.00    0.00    4.00    0.00    0.00    0.00    0.00    0.00    0.00   94.00
Average:     all   35.96    0.00    2.14    0.10    0.00   46.99    1.29    0.00    0.00   13.53
Linux 4.4.0-31-generic (ids-suricata) 	12/10/2017 	_i686_	(1 CPU)

05:28:25 AM  CPU    %usr   %nice    %sys %iowait    %irq   %soft  %steal  %guest  %gnice   %idle
05:28:26 AM  all    1.00    0.00    8.00    0.00    0.00    0.00    1.00    0.00    0.00   90.00
05:28:27 AM  all    2.00    0.00    3.00    0.00    0.00    0.00    0.00    0.00    0.00   95.00
05:28:28 AM  all    1.00    0.00    4.00    0.00    0.00    0.00    0.00    0.00    0.00   95.00
05:28:29 AM  all    1.00    0.00    3.00    0.00    0.00    0.00    1.00    0.00    0.00   95.00
05:28:30 AM  all    2.02    0.00    3.03    1.01    0.00    0.00    0.00    0.00    0.00   93.94
05:28:31 AM  all    3.00    0.00    3.00    0.00    0.00    0.00    0.00    0.00    0.00   94.00
05:28:32 AM  all   11.11    0.00    4.04    0.00    0.00    0.00    0.00    0.00    0.00   84.85
05:28:33 AM  all    1.01    0.00    0.00    0.00    0.00    0.00    0.00    0.00    0.00   98.99
05:28:34 AM  all    1.00    0.00    1.00    0.00    0.00    0.00    0.00    0.00    0.00   98.00
05:28:35 AM  all    0.00    0.00    1.01    2.02    0.00    0.00    1.01    0.00    0.00   95.96
05:28:36 AM  all    1.00    0.00    4.00    0.00    0.00    0.00    0.00    0.00    0.00   95.00
05:28:37 AM  all    2.00    0.00    1.00    0.00    0.00    1.00    0.00    0.00    0.00   96.00
05:28:38 AM  all    0.00    0.00    4.04    0.00    0.00    0.00    1.01    0.00    0.00   94.95
05:28:39 AM  all    2.00    0.00    3.00    0.00    0.00    0.00    0.00    0.00    0.00   95.00
05:28:40 AM  all    2.00    0.00    2.00    0.00    0.00    0.00    0.00    0.00    0.00   96.00
05:28:41 AM  all    0.99    0.00    3.96    2.97    0.00    0.00    0.00    0.00    0.00   92.08
05:28:42 AM  all   20.43    0.00    3.23    0.00    0.00   13.98    3.23    0.00    0.00   59.14
05:28:43 AM  all   44.09    0.00    3.23    0.00    0.00   43.01    1.08    0.00    0.00    8.60
05:28:44 AM  all   45.54    0.00    1.98    0.00    0.00   47.52    4.95    0.00    0.00    0.00
05:28:45 AM  all   44.44    0.00    1.01    0.00    0.00   53.54    1.01    0.00    0.00    0.00
05:28:46 AM  all   48.04    0.00    2.94    0.00    0.00   45.10    3.92    0.00    0.00    0.00
05:28:47 AM  all   46.94    0.00    1.02    0.00    0.00   52.04    0.00    0.00    0.00    0.00
05:28:48 AM  all   43.56    0.00    1.98    0.00    0.00   52.48    1.98    0.00    0.00    0.00
05:28:49 AM  all   48.00    0.00    2.00    0.00    0.00   49.00    1.00    0.00    0.00    0.00
05:28:50 AM  all   43.56    0.00    2.97    0.00    0.00   52.48    0.99    0.00    0.00    0.00
05:28:51 AM  all   45.92    0.00    0.00    0.00    0.00   52.04    2.04    0.00    0.00    0.00
05:28:52 AM  all   44.55    0.00    1.98    0.00    0.00   51.49    1.98    0.00    0.00    0.00
05:28:53 AM  all   47.52    0.00    1.98    0.00    0.00   48.51    1.98    0.00    0.00    0.00
05:28:54 AM  all   52.53    0.00    1.01    0.00    0.00   45.45    1.01    0.00    0.00    0.00
05:28:55 AM  all   41.00    0.00    3.00    0.00    0.00   55.00    1.00    0.00    0.00    0.00
05:28:56 AM  all   40.00    0.00    1.00    0.00    0.00   57.00    2.00    0.00    0.00    0.00
05:28:57 AM  all   45.00    0.00    2.00    0.00    0.00   50.00    3.00    0.00    0.00    0.00
05:28:58 AM  all   38.61    0.00    2.97    0.00    0.00   57.43    0.99    0.00    0.00    0.00
05:28:59 AM  all   34.34    0.00    1.01    0.00    0.00   63.64    1.01    0.00    0.00    0.00
05:29:00 AM  all   39.39    0.00    3.03    0.00    0.00   56.57    1.01    0.00    0.00    0.00
05:29:01 AM  all   42.00    0.00    1.00    0.00    0.00   56.00    1.00    0.00    0.00    0.00
05:29:02 AM  all   39.60    0.00    2.97    0.00    0.00   56.44    0.99    0.00    0.00    0.00
05:29:03 AM  all   45.00    0.00    2.00    0.00    0.00   53.00    0.00    0.00    0.00    0.00
05:29:04 AM  all   39.60    0.00    1.98    0.00    0.00   56.44    1.98    0.00    0.00    0.00
05:29:05 AM  all   39.00    0.00    0.00    0.00    0.00   59.00    2.00    0.00    0.00    0.00
05:29:06 AM  all   43.00    0.00    1.00    0.00    0.00   55.00    1.00    0.00    0.00    0.00
05:29:07 AM  all   45.00    0.00    2.00    0.00    0.00   51.00    2.00    0.00    0.00    0.00
05:29:08 AM  all   40.40    0.00    1.01    0.00    0.00   57.58    1.01    0.00    0.00    0.00
05:29:09 AM  all   43.00    0.00    2.00    0.00    0.00   54.00    1.00    0.00    0.00    0.00
05:29:10 AM  all   39.60    0.00    1.98    0.00    0.00   56.44    1.98    0.00    0.00    0.00
05:29:11 AM  all   38.00    0.00    3.00    0.00    0.00   57.00    2.00    0.00    0.00    0.00
05:29:12 AM  all   41.41    0.00    2.02    0.00    0.00   56.57    0.00    0.00    0.00    0.00
05:29:13 AM  all   45.00    0.00    3.00    0.00    0.00   51.00    1.00    0.00    0.00    0.00
05:29:14 AM  all   47.52    0.00    2.97    0.00    0.00   47.52    1.98    0.00    0.00    0.00
05:29:15 AM  all   43.43    0.00    2.02    0.00    0.00   53.54    1.01    0.00    0.00    0.00
05:29:16 AM  all   41.58    0.00    0.99    0.00    0.00   56.44    0.99    0.00    0.00    0.00
05:29:17 AM  all   44.55    0.00    1.98    0.00    0.00   52.48    0.99    0.00    0.00    0.00
05:29:18 AM  all   43.43    0.00    2.02    0.00    0.00   53.54    1.01    0.00    0.00    0.00
05:29:19 AM  all   43.00    0.00    2.00    0.00    0.00   54.00    1.00    0.00    0.00    0.00
05:29:20 AM  all   48.00    0.00    2.00    0.00    0.00   49.00    1.00    0.00    0.00    0.00
05:29:21 AM  all   46.46    0.00    1.01    0.00    0.00   52.53    0.00    0.00    0.00    0.00
05:29:22 AM  all   49.00    0.00    1.00    0.00    0.00   48.00    2.00    0.00    0.00    0.00
05:29:23 AM  all   44.00    0.00    1.00    0.00    0.00   54.00    1.00    0.00    0.00    0.00
05:29:24 AM  all   50.50    0.00    0.99    0.00    0.00   46.53    1.98    0.00    0.00    0.00
05:29:25 AM  all   40.00    0.00    2.00    0.00    0.00   56.00    2.00    0.00    0.00    0.00
05:29:26 AM  all   41.41    0.00    2.02    0.00    0.00   54.55    2.02    0.00    0.00    0.00
05:29:27 AM  all   38.00    0.00    1.00    0.00    0.00   60.00    1.00    0.00    0.00    0.00
05:29:28 AM  all   39.60    0.00    0.99    0.00    0.00   58.42    0.99    0.00    0.00    0.00
05:29:29 AM  all   44.00    0.00    2.00    0.00    0.00   53.00    1.00    0.00    0.00    0.00
05:29:30 AM  all   42.42    0.00    1.01    0.00    0.00   54.55    2.02    0.00    0.00    0.00
05:29:31 AM  all   43.56    0.00    2.97    0.00    0.00   51.49    1.98    0.00    0.00    0.00
05:29:32 AM  all   42.42    0.00    2.02    0.00    0.00   53.54    2.02    0.00    0.00    0.00
05:29:33 AM  all   40.40    0.00    4.04    0.00    0.00   52.53    3.03    0.00    0.00    0.00
05:29:34 AM  all   33.33    0.00    3.92    0.00    0.00   60.78    1.96    0.00    0.00    0.00
05:29:35 AM  all   43.43    0.00    1.01    0.00    0.00   54.55    1.01    0.00    0.00    0.00
05:29:36 AM  all   42.00    0.00    2.00    0.00    0.00   55.00    1.00    0.00    0.00    0.00
05:29:37 AM  all   41.58    0.00    1.98    0.00    0.00   55.45    0.99    0.00    0.00    0.00
05:29:38 AM  all   50.51    0.00    1.01    0.00    0.00   46.46    2.02    0.00    0.00    0.00
05:29:39 AM  all   45.00    0.00    3.00    0.00    0.00   51.00    1.00    0.00    0.00    0.00
05:29:40 AM  all   44.00    0.00    2.00    0.00    0.00   54.00    0.00    0.00    0.00    0.00
05:29:41 AM  all   43.56    0.00    2.97    0.00    0.00   52.48    0.99    0.00    0.00    0.00
05:29:42 AM  all   44.00    0.00    1.00    0.00    0.00   54.00    1.00    0.00    0.00    0.00
05:29:43 AM  all   46.00    0.00    1.00    0.00    0.00   52.00    1.00    0.00    0.00    0.00
05:29:44 AM  all   40.59    0.00    2.97    0.00    0.00   55.45    0.99    0.00    0.00    0.00
05:29:45 AM  all   38.00    0.00    3.00    0.00    0.00   58.00    1.00    0.00    0.00    0.00
05:29:46 AM  all   34.34    0.00    1.01    0.00    0.00   64.65    0.00    0.00    0.00    0.00
05:29:47 AM  all   34.65    0.00    0.99    0.00    0.00   62.38    1.98    0.00    0.00    0.00
05:29:48 AM  all   40.40    0.00    2.02    0.00    0.00   57.58    0.00    0.00    0.00    0.00
05:29:49 AM  all   40.40    0.00    2.02    0.00    0.00   57.58    0.00    0.00    0.00    0.00
05:29:50 AM  all   45.54    0.00    0.00    0.00    0.00   52.48    1.98    0.00    0.00    0.00
05:29:51 AM  all   40.00    0.00    3.00    0.00    0.00   56.00    1.00    0.00    0.00    0.00
05:29:52 AM  all   39.60    0.00    1.98    0.00    0.00   57.43    0.99    0.00    0.00    0.00
05:29:53 AM  all   45.45    0.00    2.02    0.00    0.00   52.53    0.00    0.00    0.00    0.00
05:29:54 AM  all   38.00    0.00    1.00    0.00    0.00   58.00    3.00    0.00    0.00    0.00
05:29:55 AM  all   37.00    0.00    3.00    0.00    0.00   59.00    1.00    0.00    0.00    0.00
05:29:56 AM  all   41.00    0.00    2.00    0.00    0.00   56.00    1.00    0.00    0.00    0.00
05:29:57 AM  all   44.00    0.00    3.00    0.00    0.00   50.00    3.00    0.00    0.00    0.00
05:29:58 AM  all   46.53    0.00    0.00    0.00    0.00   51.49    1.98    0.00    0.00    0.00
05:29:59 AM  all   32.32    0.00    2.02    0.00    0.00   63.64    2.02    0.00    0.00    0.00
05:30:00 AM  all   45.00    0.00    2.00    0.00    0.00   52.00    1.00    0.00    0.00    0.00
05:30:01 AM  all   40.59    0.00    3.96    0.00    0.00   52.48    2.97    0.00    0.00    0.00
05:30:02 AM  all   42.42    0.00    1.01    0.00    0.00   55.56    1.01    0.00    0.00    0.00
05:30:03 AM  all   43.00    0.00    3.00    0.00    0.00   53.00    1.00    0.00    0.00    0.00
05:30:04 AM  all   40.00    0.00    2.00    0.00    0.00   56.00    2.00    0.00    0.00    0.00
05:30:05 AM  all   41.58    0.00    1.98    0.00    0.00   54.46    1.98    0.00    0.00    0.00
05:30:06 AM  all   40.00    0.00    1.00    0.00    0.00   57.00    2.00    0.00    0.00    0.00
05:30:07 AM  all   44.44    0.00    0.00    0.00    0.00   53.54    2.02    0.00    0.00    0.00
05:30:08 AM  all   37.37    0.00    3.03    0.00    0.00   57.58    2.02    0.00    0.00    0.00
05:30:09 AM  all   39.22    0.00    2.94    0.00    0.00   55.88    1.96    0.00    0.00    0.00
05:30:10 AM  all   41.00    0.00    2.00    0.00    0.00   55.00    2.00    0.00    0.00    0.00
05:30:11 AM  all   43.43    0.00    2.02    0.00    0.00   53.54    1.01    0.00    0.00    0.00
05:30:12 AM  all   45.00    0.00    1.00    0.00    0.00   53.00    1.00    0.00    0.00    0.00
05:30:13 AM  all   38.61    0.00    2.97    0.00    0.00   54.46    3.96    0.00    0.00    0.00
05:30:14 AM  all   42.00    0.00    2.00    0.00    0.00   56.00    0.00    0.00    0.00    0.00
05:30:15 AM  all   42.00    0.00    1.00    0.00    0.00   56.00    1.00    0.00    0.00    0.00
05:30:16 AM  all   42.00    0.00    2.00    0.00    0.00   54.00    2.00    0.00    0.00    0.00
05:30:17 AM  all   39.00    0.00    3.00    0.00    0.00   55.00    3.00    0.00    0.00    0.00
05:30:18 AM  all   41.00    0.00    1.00    0.00    0.00   58.00    0.00    0.00    0.00    0.00
05:30:19 AM  all   42.42    0.00    0.00    0.00    0.00   55.56    2.02    0.00    0.00    0.00
05:30:20 AM  all   36.00    0.00    4.00    0.00    0.00   58.00    2.00    0.00    0.00    0.00
05:30:21 AM  all   40.59    0.00    2.97    0.00    0.00   53.47    2.97    0.00    0.00    0.00
05:30:22 AM  all   36.00    0.00    4.00    0.00    0.00   59.00    1.00    0.00    0.00    0.00
05:30:23 AM  all   39.00    0.00    3.00    0.00    0.00   57.00    1.00    0.00    0.00    0.00
05:30:24 AM  all   38.38    0.00    2.02    0.00    0.00   58.59    1.01    0.00    0.00    0.00
05:30:25 AM  all   37.62    0.00    0.99    0.00    0.00   59.41    1.98    0.00    0.00    0.00
05:30:26 AM  all   50.00    0.00    3.00    0.00    0.00   47.00    0.00    0.00    0.00    0.00
05:30:27 AM  all   37.00    0.00    2.00    0.00    0.00   59.00    2.00    0.00    0.00    0.00
05:30:28 AM  all   41.00    0.00    3.00    0.00    0.00   53.00    3.00    0.00    0.00    0.00
05:30:29 AM  all   38.00    0.00    3.00    0.00    0.00   58.00    1.00    0.00    0.00    0.00
05:30:30 AM  all   42.00    0.00    2.00    0.00    0.00   55.00    1.00    0.00    0.00    0.00
05:30:31 AM  all   43.56    0.00    1.98    0.00    0.00   51.49    2.97    0.00    0.00    0.00
05:30:32 AM  all   38.78    0.00    2.04    0.00    0.00   58.16    1.02    0.00    0.00    0.00
05:30:33 AM  all   34.65    0.00    1.98    0.00    0.00   61.39    1.98    0.00    0.00    0.00
05:30:34 AM  all   42.00    0.00    1.00    0.00    0.00   56.00    1.00    0.00    0.00    0.00
05:30:35 AM  all   39.00    0.00    2.00    0.00    0.00   58.00    1.00    0.00    0.00    0.00
05:30:36 AM  all   45.45    0.00    2.02    0.00    0.00   50.51    2.02    0.00    0.00    0.00
05:30:37 AM  all   39.00    0.00    2.00    0.00    0.00   58.00    1.00    0.00    0.00    0.00
05:30:38 AM  all   43.00    0.00    1.00    0.00    0.00   54.00    2.00    0.00    0.00    0.00
05:30:39 AM  all   42.57    0.00    2.97    0.00    0.00   51.49    2.97    0.00    0.00    0.00
05:30:40 AM  all   34.00    0.00    3.00    0.00    0.00   60.00    3.00    0.00    0.00    0.00
05:30:41 AM  all   38.38    0.00    2.02    0.00    0.00   58.59    1.01    0.00    0.00    0.00
05:30:42 AM  all   29.70    0.00    1.98    0.00    0.00   38.61    0.99    0.00    0.00   28.71
05:30:43 AM  all    0.99    0.00    3.96    0.00    0.00    0.00    0.00    0.00    0.00   95.05
05:30:44 AM  all    2.00    0.00    2.00    0.00    0.00    0.00    0.00    0.00    0.00   96.00
05:30:45 AM  all    2.02    0.00    2.02    0.00    0.00    0.00    0.00    0.00    0.00   95.96
Average:     all   36.23    0.00    2.12    0.04    0.00   46.80    1.33    0.00    0.00   13.48
