Linux 4.4.0-31-generic (ids-suricata) 	12/10/2017 	_i686_	(1 CPU)

02:50:51 AM kbmemfree kbmemused  %memused kbbuffers  kbcached  kbcommit   %commit  kbactive   kbinact   kbdirty
02:50:52 AM    171628   1891060     91.68     82904    905756    746764     28.89   1028880    798236       692
02:50:53 AM    171628   1891060     91.68     82904    905792    746764     28.89   1028944    798216       736
02:50:54 AM    171628   1891060     91.68     82904    905824    746764     28.89   1028984    798212       768
02:50:55 AM    171660   1891028     91.68     82904    905844    746764     28.89   1029000    798216       788
02:50:56 AM    171628   1891060     91.68     82904    905876    746764     28.89   1029032    798216       820
02:50:57 AM    166300   1896388     91.94     82908    905892    759484     29.38   1032580    797948       840
02:50:58 AM    165912   1896776     91.96     82908    905936    759484     29.38   1032588    797944       904
02:50:59 AM    165712   1896976     91.97     82908    905960    759484     29.38   1032620    797948       928
02:51:00 AM    165912   1896776     91.96     82908    905984    759484     29.38   1032644    797944       952
02:51:01 AM    165960   1896728     91.95     82908    906008    759484     29.38   1032672    797944       976
02:51:02 AM    165788   1896900     91.96     82912    906044    759484     29.38   1032712    797944       516
02:51:03 AM    165804   1896884     91.96     82912    906068    759484     29.38   1032756    797936       540
02:51:04 AM    165664   1897024     91.97     82912    906096    759484     29.38   1032788    797936       568
02:51:05 AM    165556   1897132     91.97     82912    906120    759484     29.38   1032812    797936       592
02:51:06 AM    165820   1896868     91.96     82912    906156    759484     29.38   1032832    797940       628
02:51:07 AM    165712   1896976     91.97     82916    906192    759484     29.38   1032872    797944       436
02:51:08 AM    165664   1897024     91.97     82916    906232    759484     29.38   1032948    797932       428
02:51:09 AM    165572   1897116     91.97     82916    906272    759484     29.38   1032996    797932       468
02:51:10 AM    165540   1897148     91.97     82916    906320    759484     29.38   1033048    797932       516
02:51:11 AM    165440   1897248     91.98     82916    906360    759484     29.38   1033180    797932       556
02:51:12 AM    165192   1897496     91.99     82920    906400    759484     29.38   1033240    797932       600
02:51:13 AM    165208   1897480     91.99     82920    906444    759484     29.38   1033284    797928       628
02:51:14 AM    165160   1897528     91.99     82920    906480    759484     29.38   1033336    797928       664
02:51:15 AM    165084   1897604     92.00     82920    906524    759484     29.38   1033380    797928       708
02:51:16 AM    165068   1897620     92.00     82920    906580    759484     29.38   1033448    797928       768
02:51:17 AM    164928   1897760     92.00     82924    906632    759484     29.38   1033508    797928       824
02:51:18 AM    164888   1897800     92.01     82924    906680    759484     29.38   1033672    797932       864
02:51:19 AM    164640   1898048     92.02     82924    906772    759484     29.38   1033780    797928       956
02:51:20 AM    164376   1898312     92.03     82924    906780    759484     29.38   1033820    797928       964
02:51:21 AM    164488   1898200     92.03     82924    906828    759484     29.38   1033824    797932      1012
02:51:22 AM    164556   1898132     92.02     82924    906880    759484     29.38   1033928    797928       640
02:51:23 AM    164556   1898132     92.02     82928    906936    759484     29.38   1033980    797924       680
02:51:24 AM    164364   1898324     92.03     82928    907044    759484     29.38   1034080    797924       792
02:51:25 AM    164308   1898380     92.03     82928    907056    759484     29.38   1034148    797924       804
02:51:26 AM    164152   1898536     92.04     82928    907104    759484     29.38   1034212    797924       852
02:51:27 AM    164028   1898660     92.05     82932    907144    759484     29.38   1034260    797928       896
02:51:28 AM    164156   1898532     92.04     82932    907248    759484     29.38   1034344    797924       996
02:51:29 AM    164068   1898620     92.05     82932    907248    759484     29.38   1034400    797924       996
02:51:30 AM    164004   1898684     92.05     82932    907296    759484     29.38   1034444    797924      1044
02:51:31 AM    163920   1898768     92.05     82932    907348    759484     29.38   1034548    797924      1096
02:51:32 AM    163928   1898760     92.05     82932    907408    759484     29.38   1034624    797924      1156
02:51:33 AM    163904   1898784     92.05     82932    907452    759484     29.38   1034752    797924      1184
02:51:34 AM    163820   1898868     92.06     82932    907508    759484     29.38   1034712    797920      1240
02:51:35 AM    163696   1898992     92.06     82932    907620    759484     29.38   1034812    797920      1352
02:51:36 AM    163696   1898992     92.06     82932    907620    759484     29.38   1034864    797920      1352
02:51:37 AM    163540   1899148     92.07     82936    907720    759484     29.38   1034972    797920       328
02:51:38 AM    163324   1899364     92.08     82936    907736    759484     29.38   1035024    797916       392
02:51:39 AM    163260   1899428     92.09     82936    907784    759484     29.38   1035092    797928       440
02:51:40 AM    163324   1899364     92.08     82936    907824    759484     29.38   1035164    797916       480
02:51:41 AM    163168   1899520     92.09     82936    907864    759484     29.38   1035228    797916       520
02:51:42 AM    163192   1899496     92.09     82940    907900    759484     29.38   1035388    797916       508
02:51:43 AM    163036   1899652     92.10     82940    907936    759484     29.38   1035480    797916       560
02:51:44 AM    162876   1899812     92.10     82940    907980    759484     29.38   1035544    797916       604
02:51:45 AM    162812   1899876     92.11     82940    908020    759484     29.38   1035708    797916       644
02:51:46 AM    162624   1900064     92.12     82940    908056    759484     29.38   1035708    797916       680
02:51:47 AM    162676   1900012     92.11     82940    908092    759484     29.38   1035776    797916       716
02:51:48 AM    162688   1900000     92.11     82944    908116    759484     29.38   1035812    797920       732
02:51:49 AM    162652   1900036     92.11     82944    908152    759484     29.38   1035900    797920       768
02:51:50 AM    162564   1900124     92.12     82944    908184    759484     29.38   1035908    797920       800
02:51:51 AM    162440   1900248     92.12     82944    908220    759484     29.38   1035980    797916       836
02:51:52 AM    162448   1900240     92.12     82944    908252    759484     29.38   1035940    797916       872
02:51:53 AM    162416   1900272     92.13     82948    908288    759484     29.38   1035944    797916       892
02:51:54 AM    162420   1900268     92.13     82948    908308    759484     29.38   1036028    797912       912
02:51:55 AM    162424   1900264     92.13     82948    908332    759484     29.38   1035960    797912       936
02:51:56 AM    162580   1900108     92.12     82948    908364    759484     29.38   1035968    797920       968
02:51:57 AM    162448   1900240     92.12     82948    908384    759484     29.38   1035948    797912       448
02:51:58 AM    162416   1900272     92.13     82948    908408    759484     29.38   1035988    797904       504
02:51:59 AM    162428   1900260     92.13     82948    908432    759484     29.38   1036084    797904       528
02:52:00 AM    162484   1900204     92.12     82948    908460    759484     29.38   1036048    797904       556
02:52:01 AM    162460   1900228     92.12     82948    908484    759484     29.38   1036084    797908       580
02:52:02 AM    162336   1900352     92.13     82948    908504    759484     29.38   1036048    797904       600
02:52:03 AM    162304   1900384     92.13     82952    908532    759484     29.38   1036112    797904       632
02:52:04 AM    162304   1900384     92.13     82952    908564    759484     29.38   1036148    797908       664
02:52:05 AM    162304   1900384     92.13     82952    908588    759484     29.38   1036176    797904       688
02:52:06 AM    162336   1900352     92.13     82952    908616    759484     29.38   1036204    797904       716
02:52:07 AM    162088   1900600     92.14     82952    908644    759484     29.38   1036240    797904       744
02:52:08 AM    162304   1900384     92.13     82956    908672    759484     29.38   1036260    797904       772
02:52:09 AM    162304   1900384     92.13     82956    908708    759484     29.38   1036308    797904       808
02:52:10 AM    162336   1900352     92.13     82956    908748    759484     29.38   1036384    797908       848
02:52:11 AM    162304   1900384     92.13     82956    908776    759484     29.38   1036376    797904       876
02:52:12 AM    162176   1900512     92.14     82956    908832    759484     29.38   1036444    797912       392
02:52:13 AM    162024   1900664     92.15     82956    908916    759484     29.38   1036520    797904       428
02:52:14 AM    161964   1900724     92.15     82956    908920    759484     29.38   1036564    797896       436
02:52:15 AM    161964   1900724     92.15     82956    908964    759484     29.38   1036568    797900       480
02:52:16 AM    161964   1900724     92.15     82956    908996    759484     29.38   1036636    797896       512
02:52:17 AM    161964   1900724     92.15     82956    909032    759484     29.38   1036664    797900       496
02:52:18 AM    161840   1900848     92.15     82960    909076    759484     29.38   1036692    797896       548
02:52:19 AM    161716   1900972     92.16     82960    909136    759484     29.38   1036788    797900       620
02:52:20 AM    161592   1901096     92.17     82960    909188    759484     29.38   1036824    797896       672
02:52:21 AM    161716   1900972     92.16     82960    909304    759484     29.38   1036952    797896       788
02:52:22 AM    161580   1901108     92.17     82960    909300    759484     29.38   1036920    797896       784
02:52:23 AM    161592   1901096     92.17     82964    909328    759484     29.38   1037000    797896       792
02:52:24 AM    161468   1901220     92.17     82964    909376    759484     29.38   1037004    797896       852
02:52:25 AM    161432   1901256     92.17     82964    909492    759484     29.38   1037164    797896       968
02:52:26 AM    161204   1901484     92.18     82964    909500    759484     29.38   1037192    797900       976
02:52:27 AM    161196   1901492     92.19     82964    909548    759484     29.38   1037212    797896      1024
02:52:28 AM    161196   1901492     92.19     82964    909596    759484     29.38   1037492    797908      1048
02:52:29 AM    161148   1901540     92.19     82964    909656    759484     29.38   1037380    797892      1116
02:52:30 AM    161220   1901468     92.18     82964    909708    759484     29.38   1037336    797892      1168
02:52:31 AM    161064   1901624     92.19     82964    909760    759484     29.38   1037400    797892      1220
02:52:32 AM    161184   1901504     92.19     82964    909840    759484     29.38   1037476    797892       760
02:52:33 AM    161188   1901500     92.19     82964    909844    759484     29.38   1037456    797892       796
02:52:34 AM    161088   1901600     92.19     82964    909892    759484     29.38   1037628    797884       848
02:52:35 AM    160840   1901848     92.20     82964    909928    759484     29.38   1037676    797884       884
02:52:36 AM    160800   1901888     92.20     82964    909968    759484     29.38   1037932    797884       924
02:52:37 AM    160776   1901912     92.21     82964    910080    759484     29.38   1037860    797884      1036
02:52:38 AM    160528   1902160     92.22     82972    910076    759484     29.38   1037896    797884      1040
02:52:39 AM    160716   1901972     92.21     82972    910124    759484     29.38   1037916    797884      1080
02:52:40 AM    160716   1901972     92.21     82972    910220    759484     29.38   1037956    797884      1176
02:52:41 AM    160552   1902136     92.22     82972    910228    759484     29.38   1038104    797888      1184
02:52:42 AM    160460   1902228     92.22     82972    910336    759484     29.38   1038200    797888       276
02:52:43 AM    160336   1902352     92.23     82976    910380    759484     29.38   1038260    797884       364
02:52:44 AM    160184   1902504     92.23     82976    910392    759484     29.38   1038188    797884       376
02:52:45 AM    160220   1902468     92.23     82976    910428    759484     29.38   1038216    797884       412
02:52:46 AM    160220   1902468     92.23     82976    910476    759484     29.38   1038248    797888       460
02:52:47 AM    160344   1902344     92.23     82976    910516    759484     29.38   1038288    797884       500
02:52:48 AM    160196   1902492     92.23     82984    910560    759484     29.38   1038404    797892       552
02:52:49 AM    160208   1902480     92.23     82984    910620    759484     29.38   1038408    797884       604
02:52:50 AM    160060   1902628     92.24     82984    910636    759484     29.38   1038468    797884       620
02:52:51 AM    160040   1902648     92.24     82984    910668    759484     29.38   1038580    797880       652
02:52:52 AM    160024   1902664     92.24     82984    910732    759484     29.38   1038680    797880       664
02:52:53 AM    160056   1902632     92.24     82988    910816    759484     29.38   1038532    797880       760
02:52:54 AM    160056   1902632     92.24     82988    910824    759484     29.38   1038504    797880       776
02:52:55 AM    159972   1902716     92.24     82988    910852    759484     29.38   1038556    797884       804
02:52:56 AM    159908   1902780     92.25     82988    910908    759484     29.38   1038604    797880       860
02:52:57 AM    159940   1902748     92.25     82988    910952    759484     29.38   1038648    797884       904
02:52:58 AM    159908   1902780     92.25     82996    910984    759484     29.38   1038692    797880       944
02:52:59 AM    159848   1902840     92.25     82996    911048    759484     29.38   1038776    797880      1000
02:53:00 AM    159856   1902832     92.25     82996    911064    759484     29.38   1038748    797880      1016
02:53:01 AM    159724   1902964     92.26     82996    911120    759484     29.38   1038864    797888      1072
02:53:02 AM    159724   1902964     92.26     82996    911160    759484     29.38   1038876    797880      1048
02:53:03 AM    159684   1903004     92.26     83000    911180    759484     29.38   1039024    797880      1068
02:53:04 AM    159468   1903220     92.27     83000    911200    759484     29.38   1039056    797876      1104
02:53:05 AM    159432   1903256     92.27     83000    911248    759484     29.38   1039104    797880      1152
02:53:06 AM    159404   1903284     92.27     83000    911280    759484     29.38   1039128    797876      1184
02:53:07 AM    159344   1903344     92.27     83000    911304    759484     29.38   1039156    797876       672
02:53:08 AM    159304   1903384     92.28     83004    911324    759484     29.38   1039176    797876       728
02:53:09 AM    159164   1903524     92.28     83004    911348    759484     29.38   1039200    797880       752
02:53:10 AM    159300   1903388     92.28     83004    911372    759484     29.38   1039132    797876       776
02:53:11 AM    159468   1903220     92.27     83004    911408    759484     29.38   1039084    797880       812
Average:       162733   1899955     92.11     82951    908560    759030     29.36   1035862    797918       773
