Linux 4.4.0-31-generic (dpi-suricata) 	12/10/2017 	_i686_	(1 CPU)

01:25:28 AM kbmemfree kbmemused  %memused kbbuffers  kbcached  kbcommit   %commit  kbactive   kbinact   kbdirty
01:25:29 AM    310208   1752480     84.96     90208    783072    984980     38.10    865604    818388       748
01:25:30 AM    310108   1752580     84.97     90208    783096    984980     38.10    865628    818368       772
01:25:31 AM    310108   1752580     84.97     90208    783120    984980     38.10    865656    818364        64
01:25:32 AM    310208   1752480     84.96     90208    783140    984980     38.10    865588    818364        56
01:25:33 AM    309816   1752872     84.98     90216    783160    984980     38.10    865640    818364        92
01:25:34 AM    308984   1753704     85.02     90216    783180    984980     38.10    866984    818364       208
01:25:35 AM    307340   1755348     85.10     90216    783228    984980     38.10    868560    818364       256
01:25:36 AM    306132   1756556     85.16     90216    783264    984980     38.10    870332    818364       292
01:25:37 AM    304148   1758540     85.25     90216    783304    984980     38.10    872000    818368       332
01:25:38 AM    302788   1759900     85.32     90224    783328    984980     38.10    873348    818364       364
01:25:39 AM    301008   1761680     85.41     90224    783376    984980     38.10    875400    818364       404
01:25:40 AM    298816   1763872     85.51     90224    783400    984980     38.10    877684    818364       428
01:25:41 AM    297684   1765004     85.57     90224    783440    984980     38.10    878796    818368       468
01:25:42 AM    294780   1767908     85.71     90224    783472    984980     38.10    881096    818368       500
01:25:43 AM    293052   1769636     85.79     90224    783516    984980     38.10    882468    818364       544
01:25:44 AM    290012   1772676     85.94     90224    783544    984980     38.10    885936    818364       572
01:25:45 AM    289500   1773188     85.96     90224    783584    984980     38.10    886212    818372       612
01:25:46 AM    289020   1773668     85.99     90224    783616    984980     38.10    886844    818364       644
01:25:47 AM    287640   1775048     86.06     90224    783648    984980     38.10    888408    818364       676
01:25:48 AM    285764   1776924     86.15     90232    783676    984980     38.10    889900    818368       712
01:25:49 AM    284516   1778172     86.21     90232    783704    984980     38.10    891280    818364       732
01:25:50 AM    283152   1779536     86.27     90232    783744    984980     38.10    892780    818364       772
01:25:51 AM    283052   1779636     86.28     90232    783784    984980     38.10    892720    818364       812
01:25:52 AM    283036   1779652     86.28     90232    783808    984980     38.10    892752    818368       836
01:25:53 AM    281192   1781496     86.37     90236    783828    984980     38.10    894640    818364       860
01:25:54 AM    279144   1783544     86.47     90236    783848    984980     38.10    896280    818364       880
01:25:55 AM    278564   1784124     86.50     90236    783896    984980     38.10    897256    818364       928
01:25:56 AM    277408   1785280     86.55     90236    783920    984980     38.10    898432    818364       952
01:25:57 AM    276332   1786356     86.60     90236    783952    984980     38.10    899432    818368       984
01:25:58 AM    275680   1787008     86.63     90244    783964    984980     38.10    900380    818364      1004
01:25:59 AM    274472   1788216     86.69     90244    784052    984980     38.10    901440    818364      1084
01:26:00 AM    272984   1789704     86.77     90244    784052    984980     38.10    902980    818364      1084
01:26:01 AM    272488   1790200     86.79     90244    784112    984980     38.10    903232    818364       652
01:26:02 AM    271620   1791068     86.83     90244    784112    984980     38.10    904452    818364       716
01:26:03 AM    270348   1792340     86.89     90252    784184    984980     38.10    905560    818368       760
01:26:04 AM    266004   1796684     87.10     90252    784212    984980     38.10    907668    818372       788
01:26:05 AM    267180   1795508     87.05     90252    784284    984980     38.10    908692    818388       860
01:26:06 AM    265876   1796812     87.11     90252    784304    984980     38.10    909636    818388       116
01:26:07 AM    264048   1798640     87.20     90252    784332    984980     38.10    911884    818388       152
01:26:08 AM    263644   1799044     87.22     90260    784348    984980     38.10    912088    818388       168
01:26:09 AM    262576   1800112     87.27     90260    784376    984980     38.10    913244    818392       220
01:26:10 AM    260916   1801772     87.35     90260    784396    984980     38.10    914692    818388       244
01:26:11 AM    259700   1802988     87.41     90260    784420    984980     38.10    916088    818388       268
01:26:12 AM    258608   1804080     87.46     90260    784448    984980     38.10    917524    818388       296
01:26:13 AM    257476   1805212     87.52     90264    784476    984980     38.10    918424    818392       324
01:26:14 AM    256872   1805816     87.55     90264    784492    984980     38.10    918912    818384       348
01:26:15 AM    255864   1806824     87.60     90264    784516    984980     38.10    919880    818384       372
01:26:16 AM    254424   1808264     87.67     90264    784540    984980     38.10    921368    818384       396
01:26:17 AM    253120   1809568     87.73     90264    784576    984980     38.10    922504    818392       432
01:26:18 AM    252136   1810552     87.78     90268    784596    984980     38.10    923592    818392       452
01:26:19 AM    251344   1811344     87.81     90268    784628    984980     38.10    924504    818384       484
01:26:20 AM    250484   1812204     87.86     90268    784648    984980     38.10    925396    818388       504
01:26:21 AM    249740   1812948     87.89     90268    784668    984980     38.10    925964    818384       524
01:26:22 AM    248160   1814528     87.97     90268    784692    984980     38.10    927800    818384       548
01:26:23 AM    246640   1816048     88.04     90272    784708    984980     38.10    929164    818384       568
01:26:24 AM    245572   1817116     88.09     90272    784736    984980     38.10    930776    818388       592
01:26:25 AM    243664   1819024     88.19     90272    784768    984980     38.10    932608    818388       624
01:26:26 AM    242300   1820388     88.25     90272    784800    984980     38.10    933740    818388       656
01:26:27 AM    240164   1822524     88.36     90272    784816    984980     38.10    935412    818384       672
01:26:28 AM    238608   1824080     88.43     90276    784840    984980     38.10    937352    818392       700
01:26:29 AM    238004   1824684     88.46     90276    784864    984980     38.10    937888    818388       720
01:26:30 AM    237212   1825476     88.50     90276    784884    984980     38.10    938548    818384       740
01:26:31 AM    236516   1826172     88.53     90276    784908    984980     38.10    939468    818384       764
01:26:32 AM    235260   1827428     88.59     90276    784948    984980     38.10    940688    818388       800
01:26:33 AM    234456   1828232     88.63     90280    784968    984980     38.10    941232    818384       824
01:26:34 AM    233948   1828740     88.66     90280    785000    984980     38.10    941892    818384       856
01:26:35 AM    233244   1829444     88.69     90280    785032    984980     38.10    942700    818388       888
01:26:36 AM    232992   1829696     88.70     90280    785060    984980     38.10    942836    818384        56
01:26:37 AM    231912   1830776     88.76     90280    785080    984980     38.10    944004    818388        68
01:26:38 AM    230640   1832048     88.82     90280    785108    984980     38.10    945280    818384        96
01:26:39 AM    229432   1833256     88.88     90280    785140    984980     38.10    946520    818392       164
01:26:40 AM    228396   1834292     88.93     90280    785164    984980     38.10    947412    818384       192
01:26:41 AM    227572   1835116     88.97     90280    785200    984980     38.10    948412    818388       228
01:26:42 AM    226052   1836636     89.04     90280    785228    984980     38.10    950004    818384       256
01:26:43 AM    224340   1838348     89.12     90288    785236    984980     38.10    951364    818384       272
01:26:44 AM    223084   1839604     89.18     90288    785276    984980     38.10    952612    818384       308
01:26:45 AM    222596   1840092     89.21     90288    785304    984980     38.10    953184    818384       336
01:26:46 AM    221636   1841052     89.25     90288    785356    984980     38.10    954244    818384       388
01:26:47 AM    220124   1842564     89.33     90288    785412    984980     38.10    955592    818392       444
01:26:48 AM    216500   1846188     89.50     90292    785440    984980     38.10    959188    818384       476
01:26:49 AM    215912   1846776     89.53     90292    785500    984980     38.10    959760    818380       532
01:26:50 AM    214672   1848016     89.59     90292    785540    984980     38.10    961056    818384       572
01:26:51 AM    214052   1848636     89.62     90292    785592    984980     38.10    961448    818384       624
01:26:52 AM    214144   1848544     89.62     90292    785648    984980     38.10    961512    818384       680
01:26:53 AM    213028   1849660     89.67     90296    785684    984980     38.10    962756    818380       720
01:26:54 AM    212284   1850404     89.71     90296    785740    984980     38.10    963356    818384       772
01:26:55 AM    211540   1851148     89.74     90296    785776    984980     38.10    964348    818384       808
01:26:56 AM    210316   1852372     89.80     90296    785828    984980     38.10    965264    818380       860
01:26:57 AM    210176   1852512     89.81     90296    785880    984980     38.10    965408    818380       912
01:26:58 AM    208716   1853972     89.88     90304    785932    984980     38.10    967160    818388       972
01:26:59 AM    207568   1855120     89.94     90304    785968    984980     38.10    968216    818380      1000
01:27:00 AM    206840   1855848     89.97     90304    786020    984980     38.10    968804    818380      1052
01:27:01 AM    206236   1856452     90.00     90304    786060    984980     38.10    969464    818384      1092
01:27:02 AM    204996   1857692     90.06     90304    786096    984980     38.10    970808    818384      1128
01:27:03 AM    203772   1858916     90.12     90304    786140    984980     38.10    972064    818384      1172
01:27:04 AM    202628   1860060     90.18     90304    786188    984980     38.10    972960    818392      1220
01:27:05 AM    201772   1860916     90.22     90304    786252    984980     38.10    974032    818380      1284
01:27:06 AM    201152   1861536     90.25     90308    786292    984980     38.10    974544    818380       904
01:27:07 AM    200144   1862544     90.30     90308    786336    984980     38.10    975676    818384       932
01:27:08 AM    198636   1864052     90.37     90312    786384    984980     38.10    977152    818396       984
01:27:09 AM    197908   1864780     90.41     90312    786440    984980     38.10    977928    818384      1040
01:27:10 AM    196404   1866284     90.48     90312    786496    984980     38.10    979536    818388      1096
01:27:11 AM    195304   1867384     90.53     90312    786524    984980     38.10    981032    818384       120
01:27:12 AM    193800   1868888     90.60     90312    786580    984980     38.10    982508    818380       176
01:27:13 AM    193196   1869492     90.63     90312    786620    984980     38.10    983096    818380       216
01:27:14 AM    191476   1871212     90.72     90312    786652    984980     38.10    984460    818380       280
01:27:15 AM    190624   1872064     90.76     90312    786684    984980     38.10    984900    818384       312
01:27:16 AM    190452   1872236     90.77     90312    786776    984980     38.10    985000    818384       404
01:27:17 AM    188856   1873832     90.84     90312    786820    984980     38.10    986720    818384       448
01:27:18 AM    187476   1875212     90.91     90320    786868    984980     38.10    988236    818392       504
01:27:19 AM    185984   1876704     90.98     90320    786916    984980     38.10    989524    818384       548
01:27:20 AM    184620   1878068     91.05     90320    786984    984980     38.10    990988    818388       616
01:27:21 AM    183536   1879152     91.10     90320    787024    984980     38.10    992096    818380       656
01:27:22 AM    182776   1879912     91.14     90320    787056    984980     38.10    992812    818380       688
01:27:23 AM    181768   1880920     91.19     90324    787092    984980     38.10    993940    818380       728
01:27:24 AM    179832   1882856     91.28     90324    787140    984980     38.10    995760    818376       772
01:27:25 AM    178948   1883740     91.32     90324    787212    984980     38.10    996708    818384       844
01:27:26 AM    177928   1884760     91.37     90324    787252    984980     38.10    997744    818384       884
01:27:27 AM    177080   1885608     91.42     90324    787312    984980     38.10    998644    818388       944
01:27:28 AM    175948   1886740     91.47     90332    787344    984980     38.10    999492    818380       984
01:27:29 AM    174636   1888052     91.53     90332    787396    984980     38.10   1000800    818388      1032
01:27:30 AM    173948   1888740     91.57     90332    787432    984980     38.10   1001516    818380      1068
01:27:31 AM    173080   1889608     91.61     90332    787464    984980     38.10   1002828    818376      1100
01:27:32 AM    171732   1890956     91.67     90332    787516    984980     38.10   1004116    818380      1152
01:27:33 AM    170508   1892180     91.73     90336    787536    984980     38.10   1005540    818376      1176
01:27:34 AM    169376   1893312     91.79     90336    787612    984980     38.10   1006408    818380      1248
01:27:35 AM    169244   1893444     91.79     90336    787656    984980     38.10   1006480    818376      1292
01:27:36 AM    169276   1893412     91.79     90336    787700    984980     38.10   1006528    818376      1336
01:27:37 AM    169236   1893452     91.80     90336    787732    984980     38.10   1006556    818376      1356
01:27:38 AM    168424   1894264     91.83     90336    787768    984980     38.10   1006632    818376      1392
01:27:39 AM    168672   1894016     91.82     90336    787812    984980     38.10   1006612    818388      1440
01:27:40 AM    168672   1894016     91.82     90336    787848    984980     38.10   1006660    818380      1476
01:27:41 AM    168556   1894132     91.83     90336    787900    984980     38.10   1006728    818380      1052
01:27:42 AM    168580   1894108     91.83     90336    787952    984980     38.10   1006788    818376      1084
01:27:43 AM    168528   1894160     91.83     90340    787988    984980     38.10   1006800    818376      1124
01:27:44 AM    168456   1894232     91.83     90340    788016    984980     38.10   1006848    818376      1148
01:27:45 AM    168596   1894092     91.83     90340    788056    984980     38.10   1006892    818376      1188
01:27:46 AM    168456   1894232     91.83     90352    788088    984980     38.10   1006936    818376        88
01:27:47 AM    168584   1894104     91.83     90352    788132    984980     38.10   1006904    818380       152
01:27:48 AM    158188   1904500     92.33     90356    788168    984980     38.10   1017336    818376       192
Average:       231338   1831350     88.78     90281    785391    984980     38.10    944432    818379       668
Linux 4.4.0-31-generic (dpi-suricata) 	12/10/2017 	_i686_	(1 CPU)

05:16:02 AM kbmemfree kbmemused  %memused kbbuffers  kbcached  kbcommit   %commit  kbactive   kbinact   kbdirty
05:16:03 AM    342080   1720608     83.42     64032    780172    984704     38.09    787684    865972       576
05:16:04 AM    341728   1720960     83.43     64032    780192    984704     38.09    787736    865956       600
05:16:05 AM    341776   1720912     83.43     64032    780204    984704     38.09    787748    865956       612
05:16:06 AM    341640   1721048     83.44     64032    780252    984704     38.09    787792    865964       660
05:16:07 AM    341624   1721064     83.44     64036    780272    984704     38.09    787816    865960       684
05:16:08 AM    340120   1722568     83.51     64036    780304    984704     38.09    789400    865956       716
05:16:09 AM    338632   1724056     83.58     64036    780344    984704     38.09    791148    865952       756
05:16:10 AM    336276   1726412     83.70     64036    780392    984704     38.09    793420    865952       804
05:16:11 AM    334540   1728148     83.78     64036    780428    984704     38.09    795372    865952       840
05:16:12 AM    332548   1730140     83.88     64048    780504    984704     38.09    797180    865952         0
05:16:13 AM    330572   1732116     83.97     64048    780512    984704     38.09    799068    865944       148
05:16:14 AM    328612   1734076     84.07     64048    780544    984704     38.09    801064    865940       200
05:16:15 AM    326720   1735968     84.16     64048    780588    984704     38.09    803240    865944       244
05:16:16 AM    325016   1737672     84.24     64048    780632    984704     38.09    805100    865948       288
05:16:17 AM    322520   1740168     84.36     64056    780648    984704     38.09    807508    865944       312
05:16:18 AM    320060   1742628     84.48     64056    780692    984704     38.09    809808    865944       352
05:16:19 AM    318976   1743712     84.54     64056    780724    984704     38.09    810720    865948       384
05:16:20 AM    318108   1744580     84.58     64056    780764    984704     38.09    811532    865940       424
05:16:21 AM    317232   1745456     84.62     64056    780792    984704     38.09    812300    865940       452
05:16:22 AM    314876   1747812     84.73     64060    780824    984704     38.09    814724    865940       488
05:16:23 AM    313520   1749168     84.80     64060    780856    984704     38.09    816248    865936       520
05:16:24 AM    312528   1750160     84.85     64060    780888    984704     38.09    817256    865940       552
05:16:25 AM    311764   1750924     84.89     64060    780924    984704     38.09    817896    865936       588
05:16:26 AM    310504   1752184     84.95     64060    781004    984704     38.09    818860    865936       668
05:16:27 AM    309892   1752796     84.98     64068    780996    984704     38.09    819728    865948       668
05:16:28 AM    307816   1754872     85.08     64068    781040    984704     38.09    821780    865952       704
05:16:29 AM    306328   1756360     85.15     64068    781076    984704     38.09    823340    865944       740
05:16:30 AM    305832   1756856     85.17     64068    781108    984704     38.09    824088    865940       772
05:16:31 AM    305460   1757228     85.19     64068    781136    984704     38.09    824440    865944       800
05:16:32 AM    302980   1759708     85.31     64076    781156    984704     38.09    826776    865940        56
05:16:33 AM    301864   1760824     85.37     64076    781204    984704     38.09    827664    865940       140
05:16:34 AM    301492   1761196     85.38     64076    781232    984704     38.09    828204    865932       180
05:16:35 AM    300252   1762436     85.44     64076    781248    984704     38.09    829464    865932       196
05:16:36 AM    298144   1764544     85.55     64076    781288    984704     38.09    831460    865936       236
05:16:37 AM    296656   1766032     85.62     64080    781324    984704     38.09    832688    865936       276
05:16:38 AM    295416   1767272     85.68     64080    781360    984704     38.09    833964    865932       308
05:16:39 AM    294160   1768528     85.74     64080    781388    984704     38.09    835240    865936       336
05:16:40 AM    292664   1770024     85.81     64080    781408    984704     38.09    836808    865932       356
05:16:41 AM    291640   1771048     85.86     64080    781440    984704     38.09    838308    865932       388
05:16:42 AM    290668   1772020     85.91     64084    781468    984704     38.09    838616    865936       420
05:16:43 AM    289904   1772784     85.95     64084    781492    984704     38.09    839484    865924       444
05:16:44 AM    289732   1772956     85.95     64084    781516    984704     38.09    839812    865928       468
05:16:45 AM    288548   1774140     86.01     64084    781540    984704     38.09    841476    865928       492
05:16:46 AM    287316   1775372     86.07     64084    781564    984704     38.09    842524    865928       516
05:16:47 AM    286680   1776008     86.10     64084    781588    984704     38.09    842980    865928       540
05:16:48 AM    285440   1777248     86.16     64084    781604    984704     38.09    844276    865920       556
05:16:49 AM    284448   1778240     86.21     64084    781636    984704     38.09    845200    865916       588
05:16:50 AM    282712   1779976     86.29     64084    781664    984704     38.09    847180    865916       616
05:16:51 AM    281100   1781588     86.37     64084    781700    984704     38.09    848756    865920       652
05:16:52 AM    279104   1783584     86.47     64088    781716    984704     38.09    850356    865920       672
05:16:53 AM    277132   1785556     86.56     64088    781748    984704     38.09    852332    865920       700
05:16:54 AM    276552   1786136     86.59     64088    781776    984704     38.09    852892    865916       728
05:16:55 AM    276372   1786316     86.60     64088    781800    984704     38.09    853000    865920       752
05:16:56 AM    276000   1786688     86.62     64088    781820    984704     38.09    853416    865916       772
05:16:57 AM    274380   1788308     86.70     64088    781844    984704     38.09    855152    865912       796
05:16:58 AM    274096   1788592     86.71     64088    781872    984704     38.09    855348    865908       824
05:16:59 AM    273016   1789672     86.76     64088    781900    984704     38.09    856628    865908       852
05:17:00 AM    271188   1791500     86.85     64088    781920    984704     38.09    858336    865912       872
05:17:01 AM    270196   1792492     86.90     64088    781948    984704     38.09    859272    865908       900
05:17:02 AM    269080   1793608     86.95     64092    781960    984704     38.09    860716    865908       608
05:17:03 AM    268336   1794352     86.99     64092    781996    984704     38.09    861216    865904       644
05:17:04 AM    267064   1795624     87.05     64092    782016    984704     38.09    862428    865900       668
05:17:05 AM    264928   1797760     87.16     64092    782052    984704     38.09    864272    865904       704
05:17:06 AM    263792   1798896     87.21     64092    782080    984704     38.09    865532    865896       732
05:17:07 AM    263004   1799684     87.25     64100    782096    984704     38.09    866336    865896       152
05:17:08 AM    262128   1800560     87.29     64100    782128    984704     38.09    867208    865896       128
05:17:09 AM    261568   1801120     87.32     64100    782156    984704     38.09    867988    865896       192
05:17:10 AM    261616   1801072     87.32     64100    782200    984704     38.09    868044    865900       236
05:17:11 AM    261012   1801676     87.35     64100    782228    984704     38.09    868324    865896       264
05:17:12 AM    260856   1801832     87.35     64108    782244    984704     38.09    868520    865896       288
05:17:13 AM    260516   1802172     87.37     64108    782292    984704     38.09    869060    865900       340
05:17:14 AM    259120   1803568     87.44     64108    782316    984704     38.09    870544    865900       364
05:17:15 AM    256920   1805768     87.54     64108    782348    984704     38.09    872860    865900       396
05:17:16 AM    253576   1809112     87.71     64108    782376    984704     38.09    873952    865900       424
05:17:17 AM    253976   1808712     87.69     64108    782400    984704     38.09    875236    865900       448
05:17:18 AM    253512   1809176     87.71     64116    782424    984704     38.09    875892    865900       472
05:17:19 AM    253020   1809668     87.73     64116    782508    984704     38.09    876444    865904       556
05:17:20 AM    252004   1810684     87.78     64116    782504    984704     38.09    877500    865896       552
05:17:21 AM    250500   1812188     87.86     64116    782548    984704     38.09    878776    865896       596
05:17:22 AM    249608   1813080     87.90     64116    782588    984704     38.09    879764    865900       636
05:17:23 AM    249368   1813320     87.91     64120    782632    984704     38.09    880092    865896       680
05:17:24 AM    249276   1813412     87.91     64120    782660    984704     38.09    880232    865892       708
05:17:25 AM    247372   1815316     88.01     64120    782752    984704     38.09    882148    865892       800
05:17:26 AM    244408   1818280     88.15     64120    782812    984704     38.09    885176    865892       860
05:17:27 AM    243060   1819628     88.22     64120    782820    984704     38.09    886408    865900        20
05:17:28 AM    241572   1821116     88.29     64124    782872    984704     38.09    887908    865900       156
05:17:29 AM    240332   1822356     88.35     64124    782920    984704     38.09    889172    865896       172
05:17:30 AM    239292   1823396     88.40     64124    783008    984704     38.09    890444    865896       260
05:17:31 AM    238904   1823784     88.42     64124    783020    984704     38.09    890620    865900       272
05:17:32 AM    237416   1825272     88.49     64124    783060    984704     38.09    892292    865896       312
05:17:33 AM    235928   1826760     88.56     64132    783164    984704     38.09    893840    865900       416
05:17:34 AM    234796   1827892     88.62     64132    783224    984704     38.09    894952    865896       480
05:17:35 AM    232548   1830140     88.73     64132    783224    984704     38.09    896976    865896       480
05:17:36 AM    230952   1831736     88.80     64132    783324    984704     38.09    898516    865896       580
05:17:37 AM    229320   1833368     88.88     64132    783324    984704     38.09    899924    865896       580
05:17:38 AM    228748   1833940     88.91     64136    783372    984704     38.09    900568    865896       636
05:17:39 AM    228360   1834328     88.93     64136    783408    984704     38.09    901004    865892       672
05:17:40 AM    227104   1835584     88.99     64136    783448    984704     38.09    902212    865892       712
05:17:41 AM    226020   1836668     89.04     64136    783488    984704     38.09    903580    865892       752
05:17:42 AM    224848   1837840     89.10     64136    783544    984704     38.09    905048    865892       808
05:17:43 AM    224136   1838552     89.13     64136    783572    984704     38.09    905712    865884       836
05:17:44 AM    223268   1839420     89.18     64136    783628    984704     38.09    906416    865888       892
05:17:45 AM    222028   1840660     89.24     64136    783668    984704     38.09    907624    865888       932
05:17:46 AM    220384   1842304     89.32     64136    783712    984704     38.09    909120    865884       976
05:17:47 AM    219796   1842892     89.34     64136    783796    984704     38.09    909628    865884      1060
05:17:48 AM    218648   1844040     89.40     64140    783804    984704     38.09    910676    865884      1068
05:17:49 AM    217812   1844876     89.44     64140    783880    984704     38.09    911708    865880      1144
05:17:50 AM    217060   1845628     89.48     64140    783880    984704     38.09    912420    865884      1144
05:17:51 AM    216560   1846128     89.50     64140    783960    984704     38.09    912732    865880      1224
05:17:52 AM    216184   1846504     89.52     64140    783940    984704     38.09    913140    865884      1204
05:17:53 AM    215320   1847368     89.56     64144    783992    984704     38.09    913852    865880      1256
05:17:54 AM    214100   1848588     89.62     64144    784096    984704     38.09    915400    865876      1360
05:17:55 AM    212132   1850556     89.72     64144    784128    984704     38.09    917224    865888      1392
05:17:56 AM    211348   1851340     89.75     64144    784232    984704     38.09    918028    865880      1496
05:17:57 AM    208624   1854064     89.89     64144    784224    984704     38.09    920484    865876       564
05:17:58 AM    208004   1854684     89.92     64152    784280    984704     38.09    921572    865876       612
05:17:59 AM    206284   1856404     90.00     64152    784324    984704     38.09    923672    865876       660
05:18:00 AM    204192   1858496     90.10     64152    784408    984704     38.09    925432    865876       744
05:18:01 AM    202936   1859752     90.16     64152    784460    984704     38.09    926536    865884       796
05:18:02 AM    201712   1860976     90.22     64152    784464    984704     38.09    927704    865880       196
05:18:03 AM    200580   1862108     90.28     64156    784552    984704     38.09    928872    865884       308
05:18:04 AM    199356   1863332     90.34     64156    784620    984704     38.09    930160    865876       404
05:18:05 AM    198068   1864620     90.40     64156    784668    984704     38.09    931272    865876       452
05:18:06 AM    197620   1865068     90.42     64156    784660    984704     38.09    931780    865876       444
05:18:07 AM    196828   1865860     90.46     64156    784744    984704     38.09    932188    865876       528
05:18:08 AM    197104   1865584     90.44     64164    784752    984704     38.09    932216    865876       496
05:18:09 AM    196840   1865848     90.46     64164    784804    984704     38.09    932260    865872       560
05:18:10 AM    196856   1865832     90.46     64164    784836    984704     38.09    932308    865876       592
05:18:11 AM    196856   1865832     90.46     64164    784876    984704     38.09    932380    865880       632
05:18:12 AM    196780   1865908     90.46     64164    784904    984704     38.09    932384    865876       660
05:18:13 AM    196848   1865840     90.46     64172    784940    984704     38.09    932436    865880       704
05:18:14 AM    196700   1865988     90.46     64172    784976    984704     38.09    932496    865876       740
05:18:15 AM    196732   1865956     90.46     64172    785008    984704     38.09    932492    865876       772
05:18:16 AM    196668   1866020     90.47     64172    785048    984704     38.09    932528    865872       812
05:18:17 AM    196392   1866296     90.48     64172    785096    984704     38.09    932600    865872       860
05:18:18 AM    196616   1866072     90.47     64172    785128    984704     38.09    932624    865880       892
05:18:19 AM    196548   1866140     90.47     64172    785164    984704     38.09    932660    865868       928
05:18:20 AM    196476   1866212     90.47     64172    785208    984704     38.09    932704    865868       972
05:18:21 AM    196656   1866032     90.47     64172    785240    984704     38.09    932696    865872      1004
05:18:22 AM    196516   1866172     90.47     64172    785288    984704     38.09    932784    865868      1052
Average:       259903   1802785     87.40     64106    782532    984704     38.09    869602    865908       602
