Linux 4.4.0-31-generic (dpi-suricata) 	12/10/2017 	_i686_	(1 CPU)

02:38:27 AM kbmemfree kbmemused  %memused kbbuffers  kbcached  kbcommit   %commit  kbactive   kbinact   kbdirty
02:38:28 AM    412280   1650408     80.01     86132    691588    984572     38.09    762676    820304       664
02:38:29 AM    412140   1650548     80.02     86148    691596    984572     38.09    762736    820288       148
02:38:30 AM    412156   1650532     80.02     86148    691640    984572     38.09    762780    820284       184
02:38:31 AM    411924   1650764     80.03     86148    691664    984572     38.09    762800    820284       208
02:38:32 AM    411876   1650812     80.03     86152    691696    984572     38.09    762844    820284       352
02:38:33 AM    411504   1651184     80.05     86152    691740    984572     38.09    763460    820284       388
02:38:34 AM    410172   1652516     80.11     86152    691788    984572     38.09    764924    820280       436
02:38:35 AM    409148   1653540     80.16     86152    691836    984572     38.09    766244    820284       484
02:38:36 AM    407132   1655556     80.26     86152    691888    984572     38.09    768056    820280       536
02:38:37 AM    405444   1657244     80.34     86152    691928    984572     38.09    769688    820280       576
02:38:38 AM    403816   1658872     80.42     86152    692032    984572     38.09    771404    820280       680
02:38:39 AM    402624   1660064     80.48     86152    692092    984572     38.09    772776    820284       740
02:38:40 AM    401272   1661416     80.55     86152    692144    984572     38.09    773928    820280       792
02:38:41 AM    399584   1663104     80.63     86152    692132    984572     38.09    775628    820284       780
02:38:42 AM    398144   1664544     80.70     86156    692172    984572     38.09    777236    820284       824
02:38:43 AM    396608   1666080     80.77     86156    692280    984572     38.09    778660    820284       928
02:38:44 AM    396364   1666324     80.78     86156    692276    984572     38.09    778704    820292       924
02:38:45 AM    395608   1667080     80.82     86156    692316    984572     38.09    779160    820284       964
02:38:46 AM    394856   1667832     80.86     86156    692360    984572     38.09    779804    820280      1008
02:38:47 AM    394772   1667916     80.86     86164    692388    984572     38.09    780116    820280      1044
02:38:48 AM    394276   1668412     80.89     86164    692444    984572     38.09    780608    820284      1092
02:38:49 AM    394112   1668576     80.89     86164    692472    984572     38.09    780816    820284      1120
02:38:50 AM    393912   1668776     80.90     86164    692508    984572     38.09    781048    820284      1156
02:38:51 AM    393244   1669444     80.94     86164    692548    984572     38.09    781904    820284      1196
02:38:52 AM    392608   1670080     80.97     86172    692580    984572     38.09    782464    820284      1236
02:38:53 AM    392036   1670652     80.99     86172    692628    984572     38.09    783076    820280      1276
02:38:54 AM    391772   1670916     81.01     86172    692732    984572     38.09    783388    820280      1316
02:38:55 AM    391136   1671552     81.04     86172    692716    984572     38.09    783812    820284      1340
02:38:56 AM    391028   1671660     81.04     86172    692760    984572     38.09    784040    820284      1384
02:38:57 AM    390640   1672048     81.06     86180    692788    984572     38.09    784480    820284      1420
02:38:58 AM    390284   1672404     81.08     86180    692836    984572     38.09    784688    820288      1460
02:38:59 AM    389948   1672740     81.10     86184    692868    984572     38.09    785012    820284       200
02:39:00 AM    389532   1673156     81.12     86184    692988    984572     38.09    785392    820284       288
02:39:01 AM    389060   1673628     81.14     86184    693008    984572     38.09    785808    820308       308
02:39:02 AM    389044   1673644     81.14     86188    693048    984572     38.09    785940    820308       352
02:39:03 AM    388400   1674288     81.17     86188    693088    984572     38.09    786588    820308       396
02:39:04 AM    387944   1674744     81.19     86188    693120    984572     38.09    787040    820304       324
02:39:05 AM    387356   1675332     81.22     86188    693140    984572     38.09    787680    820308       304
02:39:06 AM    386456   1676232     81.26     86188    693168    984572     38.09    788300    820304       332
02:39:07 AM    386224   1676464     81.28     86192    693244    984572     38.09    788704    820304       360
02:39:08 AM    385960   1676728     81.29     86192    693228    984572     38.09    788992    820304       416
02:39:09 AM    385356   1677332     81.32     86192    693268    984572     38.09    789544    820316       456
02:39:10 AM    384340   1678348     81.37     86192    693296    984572     38.09    790616    820312       484
02:39:11 AM    383748   1678940     81.40     86192    693324    984572     38.09    791116    820312       512
02:39:12 AM    383316   1679372     81.42     86196    693340    984572     38.09    791600    820308       532
02:39:13 AM    382852   1679836     81.44     86196    693392    984572     38.09    791964    820316       580
02:39:14 AM    382356   1680332     81.46     86196    693416    984572     38.09    792328    820316       604
02:39:15 AM    381888   1680800     81.49     86196    693456    984572     38.09    792740    820316       644
02:39:16 AM    381332   1681356     81.51     86196    693488    984572     38.09    793496    820320       676
02:39:17 AM    380960   1681728     81.53     86200    693520    984572     38.09    793808    820320       712
02:39:18 AM    380308   1682380     81.56     86200    693552    984572     38.09    794412    820320       740
02:39:19 AM    379268   1683420     81.61     86200    693584    984572     38.09    795480    820316       772
02:39:20 AM    379232   1683456     81.61     86200    693608    984572     38.09    795604    820316       796
02:39:21 AM    379016   1683672     81.63     86200    693636    984572     38.09    795920    820316       824
02:39:22 AM    378580   1684108     81.65     86208    693660    984572     38.09    796372    820312       856
02:39:23 AM    378116   1684572     81.67     86208    693700    984572     38.09    797016    820316       888
02:39:24 AM    377684   1685004     81.69     86208    693732    984572     38.09    797328    820320       920
02:39:25 AM    377092   1685596     81.72     86208    693760    984572     38.09    797728    820316       948
02:39:26 AM    376884   1685804     81.73     86208    693784    984572     38.09    798036    820316       972
02:39:27 AM    376196   1686492     81.76     86216    693804    984572     38.09    798852    820316      1000
02:39:28 AM    375436   1687252     81.80     86216    693844    984572     38.09    799604    820320      1032
02:39:29 AM    374924   1687764     81.82     86216    693884    984572     38.09    800032    820316      1072
02:39:30 AM    374504   1688184     81.84     86216    693920    984572     38.09    800148    820316      1108
02:39:31 AM    373932   1688756     81.87     86216    693956    984572     38.09    800892    820320      1144
02:39:32 AM    373204   1689484     81.91     86220    693972    984572     38.09    801508    820316      1164
02:39:33 AM    372752   1689936     81.93     86220    694044    984572     38.09    801796    820348      1232
02:39:34 AM    372800   1689888     81.93     86220    694076    984572     38.09    801888    820348        96
02:39:35 AM    372692   1689996     81.93     86220    694112    984572     38.09    801948    820344       136
02:39:36 AM    372708   1689980     81.93     86220    694144    984572     38.09    801976    820340       172
02:39:37 AM    372564   1690124     81.94     86224    694184    984572     38.09    801976    820348       216
02:39:38 AM    372708   1689980     81.93     86224    694220    984572     38.09    802048    820344       264
02:39:39 AM    372476   1690212     81.94     86224    694256    984572     38.09    802372    820344       248
02:39:40 AM    372132   1690556     81.96     86224    694348    984572     38.09    802492    820344       312
02:39:41 AM    371916   1690772     81.97     86224    694348    984572     38.09    802736    820364       312
02:39:42 AM    371792   1690896     81.98     86232    694368    984572     38.09    802788    820368       340
02:39:43 AM    371636   1691052     81.98     86232    694412    984572     38.09    802852    820360       396
02:39:44 AM    371544   1691144     81.99     86232    694444    984572     38.09    802880    820360       428
02:39:45 AM    371480   1691208     81.99     86232    694484    984572     38.09    802944    820364       468
02:39:46 AM    371700   1690988     81.98     86232    694516    984572     38.09    803020    820360       500
02:39:47 AM    371396   1691292     81.99     86236    694552    984572     38.09    803208    820360       540
02:39:48 AM    371072   1691616     82.01     86236    694596    984572     38.09    803548    820356       584
02:39:49 AM    370944   1691744     82.02     86236    694640    984572     38.09    804032    820360       628
02:39:50 AM    370708   1691980     82.03     86236    694696    984572     38.09    804192    820368       684
02:39:51 AM    370228   1692460     82.05     86236    694744    984572     38.09    804580    820372       732
02:39:52 AM    369872   1692816     82.07     86240    694788    984572     38.09    805188    820360       780
02:39:53 AM    369420   1693268     82.09     86240    694832    984572     38.09    805380    820356       820
02:39:54 AM    369104   1693584     82.11     86240    694884    984572     38.09    805564    820360       872
02:39:55 AM    369320   1693368     82.10     86240    694928    984572     38.09    805564    820356       916
02:39:56 AM    369220   1693468     82.10     86240    694964    984572     38.09    805552    820356       952
02:39:57 AM    369080   1693608     82.11     86248    695008    984572     38.09    805596    820364      1004
02:39:58 AM    369064   1693624     82.11     86248    695052    984572     38.09    805920    820356      1040
02:39:59 AM    368724   1693964     82.12     86248    695096    984572     38.09    806184    820360        32
02:40:00 AM    368568   1694120     82.13     86248    695136    984572     38.09    806444    820360        80
02:40:01 AM    367840   1694848     82.17     86248    695172    984572     38.09    807312    820360       124
02:40:02 AM    367328   1695360     82.19     86252    695212    984572     38.09    807848    820360       168
02:40:03 AM    366912   1695776     82.21     86252    695256    984572     38.09    808136    820360       244
02:40:04 AM    366492   1696196     82.23     86252    695300    984572     38.09    808524    820356       292
02:40:05 AM    366244   1696444     82.24     86252    695332    984572     38.09    808620    820356       324
02:40:06 AM    366056   1696632     82.25     86252    695380    984572     38.09    808720    820360       372
02:40:07 AM    365704   1696984     82.27     86256    695416    984572     38.09    809236    820360       412
02:40:08 AM    365236   1697452     82.29     86256    695464    984572     38.09    809856    820356       456
02:40:09 AM    364724   1697964     82.32     86256    695500    984572     38.09    810168    820360       492
02:40:10 AM    364460   1698228     82.33     86256    695532    984572     38.09    810368    820356       524
02:40:11 AM    363564   1699124     82.37     86256    695572    984572     38.09    811308    820352       564
02:40:12 AM    362632   1700056     82.42     86264    695612    984572     38.09    812184    820352       612
02:40:13 AM    362220   1700468     82.44     86264    695652    984572     38.09    812944    820352       644
02:40:14 AM    361716   1700972     82.46     86264    695696    984572     38.09    813392    820356       688
02:40:15 AM    361376   1701312     82.48     86264    695732    984572     38.09    813468    820356       724
02:40:16 AM    361020   1701668     82.50     86264    695768    984572     38.09    814140    820356       760
02:40:17 AM    360788   1701900     82.51     86272    695796    984572     38.09    814412    820360       796
02:40:18 AM    360384   1702304     82.53     86272    695860    984572     38.09    814860    820352       852
02:40:19 AM    359732   1702956     82.56     86272    695900    984572     38.09    815372    820352       892
02:40:20 AM    359300   1703388     82.58     86272    696004    984572     38.09    815800    820352       996
02:40:21 AM    359084   1703604     82.59     86272    695996    984572     38.09    816152    820364       988
02:40:22 AM    358152   1704536     82.64     86280    696040    984572     38.09    817020    820364      1040
02:40:23 AM    357780   1704908     82.65     86280    696152    984572     38.09    817112    820364      1144
02:40:24 AM    357316   1705372     82.68     86280    696136    984572     38.09    817768    820372        64
02:40:25 AM    356572   1706116     82.71     86280    696228    984572     38.09    818520    820360       144
02:40:26 AM    355796   1706892     82.75     86280    696284    984572     38.09    818904    820372       200
02:40:27 AM    355424   1707264     82.77     86288    696340    984572     38.09    819396    820392       212
02:40:28 AM    354740   1707948     82.80     86288    696340    984572     38.09    819860    820392       292
02:40:29 AM    354640   1708048     82.81     86288    696376    984572     38.09    820244    820392       328
02:40:30 AM    354588   1708100     82.81     86288    696416    984572     38.09    820372    820392       368
02:40:31 AM    354012   1708676     82.84     86288    696456    984572     38.09    820884    820392       408
02:40:32 AM    353844   1708844     82.85     86296    696536    984572     38.09    821304    820388       444
02:40:33 AM    352744   1709944     82.90     86296    696528    984572     38.09    822032    820396       480
02:40:34 AM    352760   1709928     82.90     86296    696556    984572     38.09    822040    820388       508
02:40:35 AM    352776   1709912     82.90     86296    696588    984572     38.09    822108    820392       540
02:40:36 AM    352636   1710052     82.90     86296    696620    984572     38.09    822148    820392       572
02:40:37 AM    352604   1710084     82.91     86296    696644    984572     38.09    822124    820392       596
02:40:38 AM    352488   1710200     82.91     86296    696724    984572     38.09    822224    820396       676
02:40:39 AM    352492   1710196     82.91     86296    696720    984572     38.09    822236    820396       672
02:40:40 AM    352596   1710092     82.91     86296    696736    984572     38.09    822264    820388       688
02:40:41 AM    352496   1710192     82.91     86296    696776    984572     38.09    822272    820388       728
02:40:42 AM    352488   1710200     82.91     86300    696804    984572     38.09    822344    820388       760
02:40:43 AM    352464   1710224     82.91     86300    696836    984572     38.09    822428    820388       788
02:40:44 AM    352240   1710448     82.92     86300    696860    984572     38.09    822512    820388       812
02:40:45 AM    352100   1710588     82.93     86300    696892    984572     38.09    822512    820392       844
02:40:46 AM    352140   1710548     82.93     86300    696928    984572     38.09    822436    820388       880
02:40:47 AM    352476   1710212     82.91     86300    697016    984572     38.09    822148    820388       968
Average:       375741   1686947     81.78     86223    694299    984572     38.09    799159    820335       652
