Linux 4.4.0-31-generic (fw-suricata) 	12/10/2017 	_i686_	(1 CPU)

01:27:58 AM kbmemfree kbmemused  %memused kbbuffers  kbcached  kbcommit   %commit  kbactive   kbinact   kbdirty
01:27:59 AM   1581312    481376     23.34     27204    208756    736208     28.48    370004     72016       636
01:28:00 AM   1581188    481500     23.34     27204    208780    736208     28.48    370068     71996       660
01:28:01 AM   1581312    481376     23.34     27204    208804    736208     28.48    370100     71992       684
01:28:02 AM   1581280    481408     23.34     27212    208828    736208     28.48    370116     71992       752
01:28:03 AM   1581188    481500     23.34     27212    208852    736208     28.48    370148     71992       776
01:28:04 AM   1581188    481500     23.34     27212    208880    736208     28.48    370172     71992       804
01:28:05 AM   1581184    481504     23.34     27216    208896    736208     28.48    370212     71992       796
01:28:06 AM   1581060    481628     23.35     27216    208928    736208     28.48    370244     71992       828
01:28:07 AM   1580904    481784     23.36     27224    208952    736208     28.48    370276     71992       856
01:28:08 AM   1581048    481640     23.35     27224    208972    736208     28.48    370292     71992       876
01:28:09 AM   1580904    481784     23.36     27224    208992    736208     28.48    370312     71992       896
01:28:10 AM   1580904    481784     23.36     27224    209016    736208     28.48    370352     71992       216
01:28:11 AM   1580936    481752     23.36     27224    209044    736208     28.48    370376     71992       252
01:28:12 AM   1580904    481784     23.36     27232    209064    736208     28.48    370396     71992       304
01:28:13 AM   1580780    481908     23.36     27232    209092    736208     28.48    370432     71992       332
01:28:14 AM   1580688    482000     23.37     27232    209128    736208     28.48    370460     72000       368
01:28:15 AM   1580936    481752     23.36     27232    209152    736208     28.48    370496     71992       392
01:28:16 AM   1580688    482000     23.37     27232    209172    736208     28.48    370520     71992       412
01:28:17 AM   1580656    482032     23.37     27240    209200    736208     28.48    370552     71992       444
01:28:18 AM   1580656    482032     23.37     27240    209220    736208     28.48    370576     71988       464
01:28:19 AM   1580772    481916     23.36     27240    209244    736208     28.48    370604     71988       488
01:28:20 AM   1580656    482032     23.37     27240    209268    736208     28.48    370620     71988       512
01:28:21 AM   1580688    482000     23.37     27240    209296    736208     28.48    370652     71988       540
01:28:22 AM   1580656    482032     23.37     27248    209316    736208     28.48    370676     71988       560
01:28:23 AM   1580564    482124     23.37     27248    209344    736208     28.48    370712     71988       588
01:28:24 AM   1580564    482124     23.37     27248    209364    736208     28.48    370740     71988       608
01:28:25 AM   1580532    482156     23.38     27248    209396    736208     28.48    370768     71992       620
01:28:26 AM   1580564    482124     23.37     27248    209420    736208     28.48    370792     71992       644
01:28:27 AM   1580440    482248     23.38     27256    209444    736208     28.48    370824     71992       672
01:28:28 AM   1580440    482248     23.38     27256    209472    736208     28.48    370844     72000       700
01:28:29 AM   1580408    482280     23.38     27256    209500    736208     28.48    370880     71996       728
01:28:30 AM   1580440    482248     23.38     27256    209532    736208     28.48    370916     71992       280
01:28:31 AM   1580284    482404     23.39     27256    209556    736208     28.48    370928     71992       324
01:28:32 AM   1580316    482372     23.39     27264    209584    736208     28.48    370980     71992       352
01:28:33 AM   1580140    482548     23.39     27264    209612    736208     28.48    371008     71992       380
01:28:34 AM   1580316    482372     23.39     27264    209632    736208     28.48    371024     72000       400
01:28:35 AM   1580300    482388     23.39     27264    209648    736208     28.48    371044     71996       416
01:28:36 AM   1580192    482496     23.39     27264    209660    736208     28.48    371064     71996       428
01:28:37 AM   1580244    482444     23.39     27272    209676    736208     28.48    371060     71996       444
01:28:38 AM   1580192    482496     23.39     27272    209688    736208     28.48    371100     71996       460
01:28:39 AM   1580192    482496     23.39     27272    209708    736208     28.48    371084     71992       480
01:28:40 AM   1580184    482504     23.39     27272    209724    736208     28.48    371128     71996       496
01:28:41 AM   1580192    482496     23.39     27272    209740    736208     28.48    371148     71992       512
01:28:42 AM   1580076    482612     23.40     27280    209744    736208     28.48    371120     71992       524
01:28:43 AM   1580068    482620     23.40     27280    209768    736208     28.48    371196     71992       540
01:28:44 AM   1580068    482620     23.40     27280    209780    736208     28.48    371232     71992       552
01:28:45 AM   1579904    482784     23.41     27280    209796    736208     28.48    371252     71992       272
01:28:46 AM   1580036    482652     23.40     27280    209832    736208     28.48    371284     72004       316
01:28:47 AM   1580068    482620     23.40     27288    209840    736208     28.48    371312     71992       332
01:28:48 AM   1580044    482644     23.40     27288    209860    736208     28.48    371340     71992       372
01:28:49 AM   1580052    482636     23.40     27288    209876    736208     28.48    371400     71992       388
01:28:50 AM   1579944    482744     23.40     27288    209888    736208     28.48    371312     71992       400
01:28:51 AM   1579912    482776     23.41     27288    209904    736208     28.48    371332     71992       416
01:28:52 AM   1579912    482776     23.41     27296    209908    736208     28.48    371352     71992       428
01:28:53 AM   1579944    482744     23.40     27296    209932    736208     28.48    371376     71992       444
01:28:54 AM   1579788    482900     23.41     27296    209948    736208     28.48    371388     71992       460
01:28:55 AM   1579820    482868     23.41     27296    209964    736208     28.48    371404     71988       476
01:28:56 AM   1579696    482992     23.42     27296    209976    736208     28.48    371428     71988       488
01:28:57 AM   1579944    482744     23.40     27296    209992    736208     28.48    371444     71988       504
01:28:58 AM   1579820    482868     23.41     27304    210008    736208     28.48    371464     71992       524
01:28:59 AM   1579788    482900     23.41     27304    210024    736208     28.48    371476     71988       540
01:29:00 AM   1579788    482900     23.41     27304    210036    736208     28.48    371492     71988       552
01:29:01 AM   1579820    482868     23.41     27304    210064    736208     28.48    371512     71996       580
01:29:02 AM   1579788    482900     23.41     27304    210088    736208     28.48    371544     71996       604
01:29:03 AM   1579696    482992     23.42     27312    210104    736208     28.48    371564     71996       620
01:29:04 AM   1579664    483024     23.42     27312    210116    736208     28.48    371576     71996       632
01:29:05 AM   1579820    482868     23.41     27312    210132    736208     28.48    371604     71992        64
01:29:06 AM   1579540    483148     23.42     27312    210148    736208     28.48    371612     71992       120
01:29:07 AM   1579664    483024     23.42     27312    210172    736208     28.48    371632     71996       144
01:29:08 AM   1579664    483024     23.42     27320    210192    736208     28.48    371664     71992       172
01:29:09 AM   1579540    483148     23.42     27320    210212    736208     28.48    371684     71992       192
01:29:10 AM   1579572    483116     23.42     27320    210228    736208     28.48    371712     71992       208
01:29:11 AM   1579572    483116     23.42     27320    210248    736208     28.48    371720     71996       228
01:29:12 AM   1579668    483020     23.42     27320    210264    736208     28.48    371748     71992       244
01:29:13 AM   1579668    483020     23.42     27328    210284    736208     28.48    371772     71992       264
01:29:14 AM   1579532    483156     23.42     27328    210296    736208     28.48    371776     71992       276
01:29:15 AM   1579568    483120     23.42     27328    210328    736208     28.48    371828     71992       308
01:29:16 AM   1579416    483272     23.43     27328    210356    736208     28.48    371868     72000       336
01:29:17 AM   1579296    483392     23.44     27328    210384    736208     28.48    371876     72000       364
01:29:18 AM   1579260    483428     23.44     27336    210412    736208     28.48    371916     71996       392
01:29:19 AM   1579416    483272     23.43     27336    210436    736208     28.48    371936     71992       416
01:29:20 AM   1579328    483360     23.43     27336    210460    736208     28.48    371972     71996       280
01:29:21 AM   1579328    483360     23.43     27336    210476    736208     28.48    371996     71992       300
01:29:22 AM   1579328    483360     23.43     27336    210520    736208     28.48    371996     71996       348
01:29:23 AM   1579204    483484     23.44     27344    210540    736208     28.48    372096     71992       400
01:29:24 AM   1579328    483360     23.43     27344    210560    736208     28.48    372116     71992       420
01:29:25 AM   1579296    483392     23.44     27344    210584    736208     28.48    372096     71992       444
01:29:26 AM   1579328    483360     23.43     27344    210608    736208     28.48    372156     71996       468
01:29:27 AM   1579296    483392     23.44     27344    210632    736208     28.48    372184     71992       492
01:29:28 AM   1578940    483748     23.45     27352    210664    736208     28.48    372204     71996       524
01:29:29 AM   1578944    483744     23.45     27352    210680    736208     28.48    372252     71992       540
01:29:30 AM   1579008    483680     23.45     27352    210712    736208     28.48    372292     71988       572
01:29:31 AM   1579168    483520     23.44     27352    210732    736208     28.48    372308     71992       592
01:29:32 AM   1578932    483756     23.45     27352    210760    736208     28.48    372516     71992       620
01:29:33 AM   1579068    483620     23.45     27360    210788    736208     28.48    372336     71988       648
01:29:34 AM   1579068    483620     23.45     27360    210820    736208     28.48    372364     71996       680
01:29:35 AM   1579192    483496     23.44     27360    210832    736208     28.48    372388     71988       692
01:29:36 AM   1578940    483748     23.45     27360    210876    736208     28.48    372420     71992       736
01:29:37 AM   1578784    483904     23.46     27360    210900    736208     28.48    372444     71992       760
01:29:38 AM   1578860    483828     23.46     27368    210924    736208     28.48    372484     71992       784
01:29:39 AM   1578940    483748     23.45     27368    210944    736208     28.48    372488     71996       804
01:29:40 AM   1578784    483904     23.46     27368    210964    736208     28.48    372524     71992       240
01:29:41 AM   1578816    483872     23.46     27368    210980    736208     28.48    372536     71992       300
01:29:42 AM   1578816    483872     23.46     27368    211008    736208     28.48    372568     71992       328
01:29:43 AM   1578816    483872     23.46     27376    211032    736208     28.48    372600     71992       360
01:29:44 AM   1578940    483748     23.45     27376    211068    736208     28.48    372636     71996       396
01:29:45 AM   1578660    484028     23.47     27376    211088    736208     28.48    372652     71996       416
01:29:46 AM   1578692    483996     23.46     27376    211104    736208     28.48    372672     71992       432
01:29:47 AM   1578692    483996     23.46     27376    211124    736208     28.48    372696     71992       452
01:29:48 AM   1578692    483996     23.46     27384    211156    736208     28.48    372736     71996       484
01:29:49 AM   1578536    484152     23.47     27384    211180    736208     28.48    372764     71992       508
01:29:50 AM   1578536    484152     23.47     27384    211212    736208     28.48    372800     71992       540
01:29:51 AM   1578444    484244     23.48     27384    211252    736208     28.48    372836     71992       580
01:29:52 AM   1578284    484404     23.48     27384    211272    736208     28.48    372860     71992       600
01:29:53 AM   1578412    484276     23.48     27392    211296    736208     28.48    372900     71992       624
01:29:54 AM   1578444    484244     23.48     27392    211316    736208     28.48    372964     71992       644
01:29:55 AM   1578444    484244     23.48     27392    211340    736208     28.48    372972     71992       272
01:29:56 AM   1578420    484268     23.48     27392    211364    736208     28.48    373000     71992       300
01:29:57 AM   1578196    484492     23.49     27392    211384    736208     28.48    373024     71992       320
01:29:58 AM   1578196    484492     23.49     27400    211420    736208     28.48    373052     71996       384
01:29:59 AM   1578188    484500     23.49     27400    211444    736208     28.48    373080     71992       408
01:30:00 AM   1578140    484548     23.49     27400    211468    736208     28.48    373392     71992       432
01:30:01 AM   1578148    484540     23.49     27400    211488    736208     28.48    373152     71992       452
01:30:02 AM   1578164    484524     23.49     27400    211516    736208     28.48    373132     71992       480
01:30:03 AM   1578156    484532     23.49     27408    211536    736208     28.48    373164     71992       508
01:30:04 AM   1577900    484788     23.50     27408    211564    736208     28.48    373184     71996       536
01:30:05 AM   1578124    484564     23.49     27408    211596    736208     28.48    373164     71992       568
01:30:06 AM   1578064    484624     23.49     27408    211632    736208     28.48    373252     72000       604
01:30:07 AM   1578032    484656     23.50     27408    211656    736208     28.48    373284     71992       628
01:30:08 AM   1578032    484656     23.50     27416    211664    736208     28.48    373304     71992       644
01:30:09 AM   1577940    484748     23.50     27416    211692    736208     28.48    373332     71992       664
01:30:10 AM   1577784    484904     23.51     27416    211728    736208     28.48    373372     71992       700
01:30:11 AM   1577772    484916     23.51     27416    211752    736208     28.48    373388     71992       724
01:30:12 AM   1577772    484916     23.51     27416    211768    736208     28.48    373420     71988       740
01:30:13 AM   1577772    484916     23.51     27416    211796    736208     28.48    373440     71988       768
01:30:14 AM   1577772    484916     23.51     27424    211824    736208     28.48    373472     71992       796
01:30:15 AM   1577680    485008     23.51     27424    211836    736208     28.48    373488     71992       232
01:30:16 AM   1577680    485008     23.51     27424    211868    736208     28.48    373524     71988       308
01:30:17 AM   1577648    485040     23.51     27424    211896    736208     28.48    373464     71992       336
01:30:18 AM   1577688    485000     23.51     27424    211924    736208     28.48    373484     71988       364
Average:      1579524    483164     23.42     27318    210295    736208     28.48    371780     71993       487
Linux 4.4.0-31-generic (fw-suricata) 	12/10/2017 	_i686_	(1 CPU)

05:18:31 AM kbmemfree kbmemused  %memused kbbuffers  kbcached  kbcommit   %commit  kbactive   kbinact   kbdirty
05:18:32 AM   1260564    802124     38.89     50548    500412    736528     28.49    684704     72612       256
05:18:33 AM   1260440    802248     38.89     50548    500432    736528     28.49    684716     72612       284
05:18:34 AM   1260408    802280     38.89     50548    500456    736528     28.49    684732     72612       308
05:18:35 AM   1260300    802388     38.90     50548    500488    736528     28.49    684768     72612       340
05:18:36 AM   1260284    802404     38.90     50556    500512    736528     28.49    684800     72608       376
05:18:37 AM   1260284    802404     38.90     50556    500536    736528     28.49    684844     72612       380
05:18:38 AM   1260068    802620     38.91     50556    500560    736528     28.49    684856     72608       404
05:18:39 AM   1260284    802404     38.90     50556    500580    736528     28.49    684884     72608       424
05:18:40 AM   1260160    802528     38.91     50556    500604    736528     28.49    684908     72612       448
05:18:41 AM   1260192    802496     38.91     50564    500620    736528     28.49    684936     72608       468
05:18:42 AM   1260192    802496     38.91     50564    500656    736528     28.49    684968     72608       508
05:18:43 AM   1260160    802528     38.91     50564    500684    736528     28.49    685000     72616       536
05:18:44 AM   1260160    802528     38.91     50564    500708    736528     28.49    685024     72608       560
05:18:45 AM   1260052    802636     38.91     50564    500736    736528     28.49    685056     72612       588
05:18:46 AM   1260100    802588     38.91     50572    500760    736528     28.49    685088     72608       612
05:18:47 AM   1259788    802900     38.92     50572    500792    736528     28.49    685100     72620       640
05:18:48 AM   1259992    802696     38.92     50572    500812    736528     28.49    685144     72608       660
05:18:49 AM   1259944    802744     38.92     50572    500844    736528     28.49    685180     72604       692
05:18:50 AM   1259912    802776     38.92     50572    500864    736528     28.49    685200     72604       712
05:18:51 AM   1259900    802788     38.92     50580    500896    736528     28.49    685252     72604       744
05:18:52 AM   1259960    802728     38.92     50580    500916    736528     28.49    685272     72604       640
05:18:53 AM   1259912    802776     38.92     50580    500940    736528     28.49    685300     72604       664
05:18:54 AM   1259804    802884     38.92     50580    500960    736528     28.49    685320     72604       684
05:18:55 AM   1259820    802868     38.92     50580    500984    736528     28.49    685324     72604       708
05:18:56 AM   1259836    802852     38.92     50588    501012    736528     28.49    685372     72612       736
05:18:57 AM   1259780    802908     38.93     50588    501036    736528     28.49    685400     72612       748
05:18:58 AM   1259712    802976     38.93     50588    501060    736528     28.49    685408     72608       772
05:18:59 AM   1259664    803024     38.93     50588    501080    736528     28.49    685476     72612       792
05:19:00 AM   1259696    802992     38.93     50588    501104    736528     28.49    685460     72608       816
05:19:01 AM   1259380    803308     38.94     50596    501124    736528     28.49    685508     72612       844
05:19:02 AM   1259588    803100     38.93     50616    501152    736528     28.49    685600     72608       288
05:19:03 AM   1259424    803264     38.94     50616    501172    736528     28.49    685568     72608       348
05:19:04 AM   1259416    803272     38.94     50616    501204    736528     28.49    685584     72608       380
05:19:05 AM   1259432    803256     38.94     50616    501236    736528     28.49    685616     72608       412
05:19:06 AM   1259324    803364     38.95     50624    501252    736528     28.49    685648     72612       436
05:19:07 AM   1259432    803256     38.94     50624    501288    736528     28.49    685684     72612       192
05:19:08 AM   1259292    803396     38.95     50624    501300    736528     28.49    685708     72612       212
05:19:09 AM   1259308    803380     38.95     50624    501316    736528     28.49    685724     72608       228
05:19:10 AM   1259292    803396     38.95     50624    501328    736528     28.49    685736     72608       240
05:19:11 AM   1259308    803380     38.95     50632    501348    736528     28.49    685760     72616       268
05:19:12 AM   1259168    803520     38.95     50632    501368    736528     28.49    685792     72608       268
05:19:13 AM   1259168    803520     38.95     50632    501384    736528     28.49    685804     72608       284
05:19:14 AM   1259192    803496     38.95     50632    501396    736528     28.49    685908     72608       296
05:19:15 AM   1259036    803652     38.96     50632    501412    736528     28.49    685920     72608       312
05:19:16 AM   1258944    803744     38.97     50640    501416    736528     28.49    685932     72608       324
05:19:17 AM   1258912    803776     38.97     50640    501440    736528     28.49    685964     72608       344
05:19:18 AM   1258912    803776     38.97     50640    501456    736528     28.49    685976     72608       360
05:19:19 AM   1258912    803776     38.97     50640    501484    736528     28.49    686004     72616       392
05:19:20 AM   1258944    803744     38.97     50640    501496    736528     28.49    686024     72608       404
05:19:21 AM   1258912    803776     38.97     50640    501512    736528     28.49    686032     72608       420
05:19:22 AM   1258960    803728     38.97     50648    501524    736528     28.49    686060     72608       432
05:19:23 AM   1258912    803776     38.97     50648    501548    736528     28.49    686076     72612       456
05:19:24 AM   1258968    803720     38.96     50648    501560    736528     28.49    686000     72612       468
05:19:25 AM   1258888    803800     38.97     50648    501576    736528     28.49    686024     72608       484
05:19:26 AM   1258936    803752     38.97     50648    501588    736528     28.49    686044     72604       496
05:19:27 AM   1258920    803768     38.97     50656    501604    736528     28.49    686064     72604       516
05:19:28 AM   1259092    803596     38.96     50656    501620    736528     28.49    686080     72608       532
05:19:29 AM   1258952    803736     38.97     50656    501636    736528     28.49    686096     72604       548
05:19:30 AM   1258936    803752     38.97     50656    501648    736528     28.49    686112     72604       560
05:19:31 AM   1258920    803768     38.97     50656    501668    736528     28.49    686120     72608       580
05:19:32 AM   1258844    803844     38.97     50664    501680    736528     28.49    686208     72608       592
05:19:33 AM   1258828    803860     38.97     50664    501708    736528     28.49    686196     72616       620
05:19:34 AM   1258720    803968     38.98     50664    501720    736528     28.49    686196     72608       632
05:19:35 AM   1258680    804008     38.98     50664    501736    736528     28.49    686232     72608       648
05:19:36 AM   1258688    804000     38.98     50664    501764    736528     28.49    686220     72620       676
05:19:37 AM   1258704    803984     38.98     50676    501772    736528     28.49    686252     72612        92
05:19:38 AM   1258596    804092     38.98     50676    501792    736528     28.49    686316     72612       140
05:19:39 AM   1258656    804032     38.98     50676    501820    736528     28.49    686540     72612       168
05:19:40 AM   1258696    803992     38.98     50676    501840    736528     28.49    686312     72608       188
05:19:41 AM   1258564    804124     38.98     50676    501860    736528     28.49    686300     72608       208
05:19:42 AM   1258548    804140     38.99     50684    501868    736528     28.49    686356     72608       180
05:19:43 AM   1258564    804124     38.98     50684    501896    736528     28.49    686388     72608       212
05:19:44 AM   1258580    804108     38.98     50684    501908    736528     28.49    686408     72608       224
05:19:45 AM   1258596    804092     38.98     50684    501928    736528     28.49    686424     72608       244
05:19:46 AM   1258548    804140     38.99     50684    501944    736528     28.49    686444     72608       260
05:19:47 AM   1258580    804108     38.98     50692    501960    736528     28.49    686472     72608       284
05:19:48 AM   1258580    804108     38.98     50692    501992    736528     28.49    686492     72612       308
05:19:49 AM   1258596    804092     38.98     50692    502024    736528     28.49    686528     72612       340
05:19:50 AM   1258580    804108     38.98     50692    502044    736528     28.49    686556     72608       360
05:19:51 AM   1258440    804248     38.99     50692    502072    736528     28.49    686592     72608       388
05:19:52 AM   1258456    804232     38.99     50700    502096    736528     28.49    686620     72608       400
05:19:53 AM   1258456    804232     38.99     50700    502128    736528     28.49    686652     72608       428
05:19:54 AM   1258472    804216     38.99     50700    502160    736528     28.49    686688     72612       464
05:19:55 AM   1258300    804388     39.00     50700    502188    736528     28.49    686716     72608       492
05:19:56 AM   1258300    804388     39.00     50700    502212    736528     28.49    686748     72608       516
05:19:57 AM   1258300    804388     39.00     50708    502224    736528     28.49    686764     72608       536
05:19:58 AM   1258348    804340     38.99     50708    502252    736528     28.49    686792     72608       556
05:19:59 AM   1258208    804480     39.00     50708    502276    736528     28.49    686820     72608       580
05:20:00 AM   1258224    804464     39.00     50708    502300    736528     28.49    686844     72608       604
05:20:01 AM   1258052    804636     39.01     50708    502328    736528     28.49    686876     72604       632
05:20:02 AM   1258068    804620     39.01     50708    502356    736528     28.49    686900     72612       660
05:20:03 AM   1258044    804644     39.01     50716    502376    736528     28.49    687028     72604       680
05:20:04 AM   1257952    804736     39.01     50716    502404    736528     28.49    687052     72612       708
05:20:05 AM   1257952    804736     39.01     50716    502428    736528     28.49    687076     72612       732
05:20:06 AM   1257812    804876     39.02     50716    502452    736528     28.49    687108     72604       756
05:20:07 AM   1257936    804752     39.01     50716    502484    736528     28.49    687128     72616       788
05:20:08 AM   1257812    804876     39.02     50724    502512    736528     28.49    687176     72608       816
05:20:09 AM   1257812    804876     39.02     50724    502532    736528     28.49    687192     72608       836
05:20:10 AM   1257812    804876     39.02     50724    502560    736528     28.49    687228     72612       864
05:20:11 AM   1257780    804908     39.02     50724    502580    736528     28.49    687240     72608       884
05:20:12 AM   1257812    804876     39.02     50724    502608    736528     28.49    687268     72608       300
05:20:13 AM   1257788    804900     39.02     50732    502624    736528     28.49    687204     72608       384
05:20:14 AM   1257820    804868     39.02     50732    502648    736528     28.49    687248     72608       408
05:20:15 AM   1257516    805172     39.04     50732    502676    736528     28.49    687292     72608       436
05:20:16 AM   1257668    805020     39.03     50732    502700    736528     28.49    687308     72608       460
05:20:17 AM   1257792    804896     39.02     50732    502720    736528     28.49    687344     72608       176
05:20:18 AM   1257816    804872     39.02     50740    502740    736528     28.49    687368     72608       204
05:20:19 AM   1257800    804888     39.02     50740    502764    736528     28.49    687388     72608       236
05:20:20 AM   1257800    804888     39.02     50740    502788    736528     28.49    687424     72608       260
05:20:21 AM   1257780    804908     39.02     50740    502812    736528     28.49    687412     72608       284
05:20:22 AM   1257568    805120     39.03     50740    502844    736528     28.49    687428     72608       316
05:20:23 AM   1257652    805036     39.03     50748    502860    736528     28.49    687536     72608       340
05:20:24 AM   1257436    805252     39.04     50748    502904    736528     28.49    687608     72612       376
05:20:25 AM   1257436    805252     39.04     50748    502928    736528     28.49    687640     72608       400
05:20:26 AM   1257436    805252     39.04     50748    502952    736528     28.49    687632     72608       424
05:20:27 AM   1257412    805276     39.04     50748    502980    736528     28.49    687708     72612       432
05:20:28 AM   1257280    805408     39.05     50756    502992    736528     28.49    687704     72608       452
05:20:29 AM   1257312    805376     39.04     50756    503032    736528     28.49    687748     72608       492
05:20:30 AM   1257312    805376     39.04     50756    503060    736528     28.49    687776     72612       520
05:20:31 AM   1257032    805656     39.06     50756    503080    736528     28.49    687800     72608       540
05:20:32 AM   1257156    805532     39.05     50756    503108    736528     28.49    687824     72612       568
05:20:33 AM   1257308    805380     39.05     50756    503124    736528     28.49    687736     72608       584
05:20:34 AM   1257320    805368     39.04     50764    503152    736528     28.49    687788     72612       612
05:20:35 AM   1257320    805368     39.04     50764    503172    736528     28.49    687804     72608       632
05:20:36 AM   1256916    805772     39.06     50764    503208    736528     28.49    687840     72612       668
05:20:37 AM   1257040    805648     39.06     50764    503232    736528     28.49    687864     72608       692
05:20:38 AM   1257196    805492     39.05     50764    503260    736528     28.49    687892     72608       720
05:20:39 AM   1257164    805524     39.05     50772    503288    736528     28.49    687924     72620       748
05:20:40 AM   1257164    805524     39.05     50772    503312    736528     28.49    687956     72608       772
05:20:41 AM   1257072    805616     39.06     50772    503332    736528     28.49    687980     72608       792
05:20:42 AM   1256916    805772     39.06     50772    503360    736528     28.49    688004     72612       820
05:20:43 AM   1256948    805740     39.06     50772    503376    736528     28.49    688032     72604       836
05:20:44 AM   1256824    805864     39.07     50780    503400    736528     28.49    688056     72608       860
05:20:45 AM   1256792    805896     39.07     50780    503420    736528     28.49    688084     72604       880
05:20:46 AM   1256824    805864     39.07     50780    503452    736528     28.49    688116     72604       912
05:20:47 AM   1256792    805896     39.07     50784    503472    736528     28.49    688136     72604       312
05:20:48 AM   1256824    805864     39.07     50784    503488    736528     28.49    688148     72604       348
05:20:49 AM   1256824    805864     39.07     50792    503512    736528     28.49    688184     72604       424
05:20:50 AM   1256792    805896     39.07     50792    503532    736528     28.49    688204     72608       444
05:20:51 AM   1256848    805840     39.07     50792    503564    736528     28.49    688096     72612       476
Average:      1258574    804114     38.98     50674    501955    736528     28.49    686466     72609       493
