Linux 4.4.0-31-generic (ids-suricata) 	12/10/2017 	_i686_	(1 CPU)

12:22:22 AM kbmemfree kbmemused  %memused kbbuffers  kbcached  kbcommit   %commit  kbactive   kbinact   kbdirty
12:22:23 AM    142388   1920300     93.10     85732    913296    738812     28.58   1055976    800324       824
12:22:24 AM    142420   1920268     93.10     85732    913320    738812     28.58   1056016    800312       220
12:22:25 AM    142172   1920516     93.11     85732    913352    738812     28.58   1056056    800308       252
12:22:26 AM    142296   1920392     93.10     85736    913380    738812     28.58   1056088    800308       336
12:22:27 AM    142264   1920424     93.10     85736    913404    738812     28.58   1056112    800308       360
12:22:28 AM    136952   1925736     93.36     85736    913444    759352     29.38   1059352    800312       408
12:22:29 AM    136672   1926016     93.37     85736    913472    759352     29.38   1059388    800312       436
12:22:30 AM    136456   1926232     93.38     85736    913484    759352     29.38   1059420    800312       448
12:22:31 AM    136548   1926140     93.38     85740    913512    759352     29.38   1059448    800308       492
12:22:32 AM    136580   1926108     93.38     85740    913540    759352     29.38   1059480    800308       520
12:22:33 AM    136424   1926264     93.39     85740    913588    759352     29.38   1059520    800308       568
12:22:34 AM    136456   1926232     93.38     85740    913600    759352     29.38   1059544    800308       576
12:22:35 AM    136424   1926264     93.39     85740    913628    759352     29.38   1059576    800308       604
12:22:36 AM    136580   1926108     93.38     85740    913652    759352     29.38   1059596    800308       628
12:22:37 AM    136300   1926388     93.39     85740    913692    759352     29.38   1059632    800308       672
12:22:38 AM    136268   1926420     93.39     85740    913740    759352     29.38   1059692    800316       720
12:22:39 AM    136112   1926576     93.40     85744    913780    759352     29.38   1059760    800308       736
12:22:40 AM    136020   1926668     93.41     85744    913824    759352     29.38   1059804    800308       780
12:22:41 AM    136052   1926636     93.40     85752    913868    759352     29.38   1059872    800312       824
12:22:42 AM    135972   1926716     93.41     85752    913900    759352     29.38   1059908    800308       864
12:22:43 AM    135928   1926760     93.41     85752    913940    759352     29.38   1059972    800308       904
12:22:44 AM    135832   1926856     93.41     85752    913984    759352     29.38   1060020    800308       752
12:22:45 AM    135896   1926792     93.41     85752    914016    759352     29.38   1060052    800312       784
12:22:46 AM    135740   1926948     93.42     85756    914072    759352     29.38   1060120    800308       840
12:22:47 AM    135836   1926852     93.41     85756    914128    759352     29.38   1060180    800308       916
12:22:48 AM    135740   1926948     93.42     85756    914192    759352     29.38   1060272    800308       980
12:22:49 AM    135552   1927136     93.43     85756    914236    759352     29.38   1060328    800308      1020
12:22:50 AM    135460   1927228     93.43     85756    914284    759352     29.38   1060396    800308      1068
12:22:51 AM    135396   1927292     93.44     85760    914328    759352     29.38   1060440    800312      1112
12:22:52 AM    135492   1927196     93.43     85760    914372    759352     29.38   1060504    800308      1160
12:22:53 AM    135272   1927416     93.44     85760    914420    759352     29.38   1060568    800312      1208
12:22:54 AM    135272   1927416     93.44     85760    914468    759352     29.38   1060640    800308       764
12:22:55 AM    135148   1927540     93.45     85760    914532    759352     29.38   1060712    800308       840
12:22:56 AM    135212   1927476     93.44     85760    914572    759352     29.38   1060764    800308       880
12:22:57 AM    135088   1927600     93.45     85760    914612    759352     29.38   1060820    800308       932
12:22:58 AM    135024   1927664     93.45     85760    914652    759352     29.38   1060860    800312       972
12:22:59 AM    134932   1927756     93.46     85760    914716    759352     29.38   1060932    800308       220
12:23:00 AM    134684   1928004     93.47     85760    914768    759352     29.38   1061012    800308       272
12:23:01 AM    134744   1927944     93.47     85764    914816    759352     29.38   1061072    800308       320
12:23:02 AM    134620   1928068     93.47     85764    914856    759352     29.38   1061124    800312       364
12:23:03 AM    134564   1928124     93.48     85764    914896    759352     29.38   1061344    800312       404
12:23:04 AM    134748   1927940     93.47     85764    914952    759352     29.38   1061244    800308       460
12:23:05 AM    134624   1928064     93.47     85764    914996    759352     29.38   1061296    800308       504
12:23:06 AM    134312   1928376     93.49     85768    915044    759352     29.38   1061360    800308       552
12:23:07 AM    134528   1928160     93.48     85768    915092    759352     29.38   1061360    800308       600
12:23:08 AM    134436   1928252     93.48     85768    915152    759352     29.38   1061500    800308       660
12:23:09 AM    134312   1928376     93.49     85768    915192    759352     29.38   1061536    800312       700
12:23:10 AM    134376   1928312     93.49     85768    915244    759352     29.38   1061596    800316       752
12:23:11 AM    134312   1928376     93.49     85772    915280    759352     29.38   1061648    800308       788
12:23:12 AM    134156   1928532     93.50     85772    915316    759352     29.38   1061692    800308       824
12:23:13 AM    134284   1928404     93.49     85772    915344    759352     29.38   1061736    800308       852
12:23:14 AM    134096   1928592     93.50     85772    915380    759352     29.38   1061776    800312       888
12:23:15 AM    134032   1928656     93.50     85772    915412    759352     29.38   1061820    800308       920
12:23:16 AM    133940   1928748     93.51     85776    915432    759352     29.38   1061856    800308       944
12:23:17 AM    133784   1928904     93.51     85776    915472    759352     29.38   1061900    800304       980
12:23:18 AM    133784   1928904     93.51     85776    915496    759352     29.38   1061932    800304      1004
12:23:19 AM    133912   1928776     93.51     85776    915524    759352     29.38   1061952    800308       992
12:23:20 AM    133816   1928872     93.51     85776    915552    759352     29.38   1062000    800312      1020
12:23:21 AM    133784   1928904     93.51     85776    915580    759352     29.38   1062036    800308      1048
12:23:22 AM    133756   1928932     93.52     85776    915608    759352     29.38   1062072    800308      1080
12:23:23 AM    133692   1928996     93.52     85776    915636    759352     29.38   1062108    800304      1108
12:23:24 AM    133756   1928932     93.52     85776    915660    759352     29.38   1062132    800304      1132
12:23:25 AM    133756   1928932     93.52     85776    915700    759352     29.38   1062172    800304      1172
12:23:26 AM    133788   1928900     93.51     85776    915740    759352     29.38   1062216    800304      1212
12:23:27 AM    133536   1929152     93.53     85776    915768    759352     29.38   1062268    800300      1244
12:23:28 AM    133568   1929120     93.52     85776    915804    759352     29.38   1062296    800304      1280
12:23:29 AM    133540   1929148     93.53     85776    915828    759352     29.38   1062332    800300       720
12:23:30 AM    133540   1929148     93.53     85776    915864    759352     29.38   1062360    800300       776
12:23:31 AM    133476   1929212     93.53     85776    915892    759352     29.38   1062388    800304       804
12:23:32 AM    133412   1929276     93.53     85780    915920    759352     29.38   1062416    800304       856
12:23:33 AM    133412   1929276     93.53     85780    915944    759352     29.38   1062448    800300       880
12:23:34 AM    133344   1929344     93.54     85780    915972    759352     29.38   1062800    800300       172
12:23:35 AM    133380   1929308     93.53     85780    916016    759352     29.38   1062524    800304       216
12:23:36 AM    133304   1929384     93.54     85784    916040    759352     29.38   1062552    800300       244
12:23:37 AM    133256   1929432     93.54     85784    916072    759352     29.38   1062584    800296       276
12:23:38 AM    133416   1929272     93.53     85784    916112    759352     29.38   1062624    800296       316
12:23:39 AM    133352   1929336     93.54     85784    916148    759352     29.38   1062672    800296       352
12:23:40 AM    133480   1929208     93.53     85784    916192    759352     29.38   1062708    800296       396
12:23:41 AM    132948   1929740     93.55     85784    916236    759352     29.38   1062752    800300       440
12:23:42 AM    132916   1929772     93.56     85792    916284    759352     29.38   1062812    800304       488
12:23:43 AM    132976   1929712     93.55     85792    916328    759352     29.38   1062852    800300       532
12:23:44 AM    132852   1929836     93.56     85792    916360    759352     29.38   1062880    800296       564
12:23:45 AM    132948   1929740     93.55     85792    916400    759352     29.38   1062972    800296       604
12:23:46 AM    132792   1929896     93.56     85792    916440    759352     29.38   1062968    800300       644
12:23:47 AM    132760   1929928     93.56     85796    916476    759352     29.38   1063012    800296       680
12:23:48 AM    132792   1929896     93.56     85796    916516    759352     29.38   1063060    800296       720
12:23:49 AM    132856   1929832     93.56     85796    916564    759352     29.38   1063100    800300       768
12:23:50 AM    132572   1930116     93.57     85796    916624    759352     29.38   1063176    800296       828
12:23:51 AM    132636   1930052     93.57     85796    916664    759352     29.38   1063212    800296       868
12:23:52 AM    132544   1930144     93.57     85796    916708    759352     29.38   1063260    800296       912
12:23:53 AM    132672   1930016     93.57     85796    916748    759352     29.38   1063300    800296       952
12:23:54 AM    132576   1930112     93.57     85796    916844    759352     29.38   1063364    800336      1012
12:23:55 AM    132360   1930328     93.58     85796    916888    759352     29.38   1063408    800336      1056
12:23:56 AM    132296   1930392     93.59     85796    916936    759352     29.38   1063456    800340      1104
12:23:57 AM    132268   1930420     93.59     85800    916976    759352     29.38   1063508    800336      1152
12:23:58 AM    132328   1930360     93.58     85800    917024    759352     29.38   1063556    800336      1200
12:23:59 AM    132140   1930548     93.59     85800    917064    759352     29.38   1063604    800332      1240
12:24:00 AM    132204   1930484     93.59     85800    917104    759352     29.38   1063636    800332      1280
12:24:01 AM    132064   1930624     93.60     85800    917160    759352     29.38   1063716    800332      1336
12:24:02 AM    132004   1930684     93.60     85808    917200    759352     29.38   1063792    800332      1376
12:24:03 AM    132116   1930572     93.59     85808    917240    759352     29.38   1063776    800336      1416
12:24:04 AM    132052   1930636     93.60     85808    917300    759352     29.38   1063820    800332        60
12:24:05 AM    131992   1930696     93.60     85808    917348    759352     29.38   1063872    800348       148
12:24:06 AM    131896   1930792     93.61     85808    917412    759352     29.38   1063928    800352       212
12:24:07 AM    132024   1930664     93.60     85812    917456    759352     29.38   1063984    800352       284
12:24:08 AM    131932   1930756     93.60     85812    917516    759352     29.38   1064044    800352       348
12:24:09 AM    131772   1930916     93.61     85812    917560    759352     29.38   1064088    800352       392
12:24:10 AM    131680   1931008     93.62     85812    917604    759352     29.38   1064128    800352       436
12:24:11 AM    131712   1930976     93.61     85812    917640    759352     29.38   1064172    800352       472
12:24:12 AM    131556   1931132     93.62     85820    917736    759352     29.38   1064228    800400       568
12:24:13 AM    131700   1930988     93.62     85820    917784    759352     29.38   1064284    800392       616
12:24:14 AM    131716   1930972     93.61     85820    917824    759352     29.38   1064320    800396       656
12:24:15 AM    131464   1931224     93.63     85820    917896    759352     29.38   1064388    800396       728
12:24:16 AM    131588   1931100     93.62     85820    917932    759352     29.38   1064432    800396       764
12:24:17 AM    131464   1931224     93.63     85828    917972    759352     29.38   1064480    800396       804
12:24:18 AM    131276   1931412     93.64     85828    918024    759352     29.38   1064528    800400       856
12:24:19 AM    131308   1931380     93.63     85828    918064    759352     29.38   1064568    800400       896
12:24:20 AM    131184   1931504     93.64     85828    918128    759352     29.38   1064640    800396       960
12:24:21 AM    131216   1931472     93.64     85828    918168    759352     29.38   1064672    800400      1000
12:24:22 AM    131060   1931628     93.65     85832    918208    759352     29.38   1064732    800392      1040
12:24:23 AM    131060   1931628     93.65     85832    918248    759352     29.38   1064760    800392      1080
12:24:24 AM    131060   1931628     93.65     85832    918292    759352     29.38   1064804    800392      1124
12:24:25 AM    130992   1931696     93.65     85832    918352    759352     29.38   1064852    800396      1184
12:24:26 AM    130904   1931784     93.65     85832    918392    759352     29.38   1064924    800392      1224
12:24:27 AM    130932   1931756     93.65     85832    918428    759352     29.38   1064960    800392      1260
12:24:28 AM    130996   1931692     93.65     85832    918476    759352     29.38   1065000    800400      1308
12:24:29 AM    130684   1932004     93.66     85832    918532    759352     29.38   1065060    800396      1328
12:24:30 AM    130568   1932120     93.67     85832    918568    759352     29.38   1065320    800396      1364
12:24:31 AM    130796   1931892     93.66     85832    918620    759352     29.38   1065248    800400      1416
12:24:32 AM    130716   1931972     93.66     85832    918660    759352     29.38   1065160    800392      1464
12:24:33 AM    130592   1932096     93.67     85832    918760    759352     29.38   1065252    800420      1564
12:24:34 AM    130592   1932096     93.67     85832    918800    759352     29.38   1065268    800432       568
12:24:35 AM    130500   1932188     93.67     85832    918840    759352     29.38   1065312    800436       608
12:24:36 AM    130404   1932284     93.68     85832    918876    759352     29.38   1065348    800432       644
12:24:37 AM    130372   1932316     93.68     85836    918908    759352     29.38   1065392    800436       688
12:24:38 AM    130596   1932092     93.67     85836    918944    759352     29.38   1065440    800432       724
12:24:39 AM    130472   1932216     93.67     85836    918968    759352     29.38   1065464    800432       140
12:24:40 AM    130596   1932092     93.67     85836    918984    759352     29.38   1065488    800432       196
12:24:41 AM    130472   1932216     93.67     85836    919016    759352     29.38   1065420    800436       228
12:24:42 AM    130512   1932176     93.67     85840    919032    759352     29.38   1065388    800432       260
Average:       133670   1929018     93.52     85785    916055    758618     29.35   1062304    800333       768
Linux 4.4.0-31-generic (ids-suricata) 	12/10/2017 	_i686_	(1 CPU)

04:12:51 AM kbmemfree kbmemused  %memused kbbuffers  kbcached  kbcommit   %commit  kbactive   kbinact   kbdirty
04:12:52 AM    132020   1930668     93.60     84496    947932    739076     28.59   1059088    807056       332
04:12:53 AM    131928   1930760     93.60     84496    947964    739076     28.59   1059136    807060       368
04:12:54 AM    131928   1930760     93.60     84496    947988    739076     28.59   1059160    807052       392
04:12:55 AM    131804   1930884     93.61     84496    948028    739076     28.59   1059192    807056       432
04:12:56 AM    132020   1930668     93.60     84496    948056    739076     28.59   1059232    807048       464
04:12:57 AM    131772   1930916     93.61     84496    948080    739076     28.59   1059264    807048       488
04:12:58 AM    130888   1931800     93.65     84496    948116    747128     28.90   1060180    807048       524
04:12:59 AM    126352   1936336     93.87     84496    948160    759620     29.39   1062528    807060       576
04:13:00 AM    126336   1936352     93.88     84496    948192    759620     29.39   1062580    807056       608
04:13:01 AM    126056   1936632     93.89     84496    948212    759620     29.39   1062608    807052       652
04:13:02 AM    126088   1936600     93.89     84496    948228    759620     29.39   1062620    807052       564
04:13:03 AM    126088   1936600     93.89     84496    948252    759620     29.39   1062676    807056       584
04:13:04 AM    126228   1936460     93.88     84496    948280    759620     29.39   1062676    807056       612
04:13:05 AM    126080   1936608     93.89     84496    948304    759620     29.39   1062740    807052       636
04:13:06 AM    126120   1936568     93.89     84496    948336    759620     29.39   1062784    807048       676
04:13:07 AM    125948   1936740     93.89     84496    948368    759620     29.39   1062804    807052       708
04:13:08 AM    125828   1936860     93.90     84496    948396    759620     29.39   1062832    807048       736
04:13:09 AM    125824   1936864     93.90     84496    948424    759620     29.39   1062888    807048       764
04:13:10 AM    125748   1936940     93.90     84504    948456    759620     29.39   1062888    807048       804
04:13:11 AM    125608   1937080     93.91     84504    948504    759620     29.39   1062960    807048       844
04:13:12 AM    125592   1937096     93.91     84504    948600    759620     29.39   1063036    807052       836
04:13:13 AM    125484   1937204     93.92     84504    948600    759620     29.39   1063068    807048       820
04:13:14 AM    125484   1937204     93.92     84504    948644    759620     29.39   1063120    807052       864
04:13:15 AM    125484   1937204     93.92     84508    948676    759620     29.39   1063172    807048       952
04:13:16 AM    125360   1937328     93.92     84508    948728    759620     29.39   1063220    807048       960
04:13:17 AM    125296   1937392     93.93     84508    948772    759620     29.39   1063272    807052      1004
04:13:18 AM    125236   1937452     93.93     84508    948820    759620     29.39   1063368    807048      1044
04:13:19 AM    124980   1937708     93.94     84508    948916    759620     29.39   1063420    807048      1140
04:13:20 AM    125064   1937624     93.94     84508    948920    759620     29.39   1063456    807052      1144
04:13:21 AM    125016   1937672     93.94     84508    948964    759620     29.39   1063544    807052      1188
04:13:22 AM    124656   1938032     93.96     84528    949032    759620     29.39   1063600    807056       112
04:13:23 AM    124624   1938064     93.96     84528    949096    759620     29.39   1063688    807056       180
04:13:24 AM    124532   1938156     93.96     84528    949116    759620     29.39   1063736    807052       200
04:13:25 AM    124408   1938280     93.97     84532    949156    759620     29.39   1063856    807056       296
04:13:26 AM    124440   1938248     93.97     84532    949256    759620     29.39   1063928    807048       392
04:13:27 AM    124376   1938312     93.97     84532    949264    759620     29.39   1063976    807044       404
04:13:28 AM    124284   1938404     93.97     84532    949348    759620     29.39   1064044    807048       488
04:13:29 AM    124224   1938464     93.98     84532    949348    759620     29.39   1064104    807044       488
04:13:30 AM    124192   1938496     93.98     84536    949396    759620     29.39   1064208    807044       540
04:13:31 AM    124324   1938364     93.97     84536    949436    759620     29.39   1064228    807044       576
04:13:32 AM    124184   1938504     93.98     84536    949488    759620     29.39   1064196    807040       628
04:13:33 AM    124224   1938464     93.98     84536    949516    759620     29.39   1064276    807040       640
04:13:34 AM    124036   1938652     93.99     84536    949560    759620     29.39   1064324    807040       684
04:13:35 AM    124100   1938588     93.98     84544    949588    759620     29.39   1064372    807040       720
04:13:36 AM    123912   1938776     93.99     84544    949636    759620     29.39   1064460    807044       764
04:13:37 AM    123880   1938808     93.99     84544    949672    759620     29.39   1064492    807040       748
04:13:38 AM    124008   1938680     93.99     84544    949708    759620     29.39   1064556    807040       760
04:13:39 AM    123916   1938772     93.99     84544    949728    759620     29.39   1064556    807040       780
04:13:40 AM    123664   1939024     94.00     84544    949768    759620     29.39   1064672    807048       820
04:13:41 AM    123696   1938992     94.00     84544    949856    759620     29.39   1064676    807032       916
04:13:42 AM    123664   1939024     94.00     84544    949864    759620     29.39   1064756    807040       924
04:13:43 AM    123664   1939024     94.00     84544    949892    759620     29.39   1064788    807044       952
04:13:44 AM    123572   1939116     94.01     84544    949924    759620     29.39   1064800    807040       984
04:13:45 AM    123540   1939148     94.01     84544    949956    759620     29.39   1064872    807040      1016
04:13:46 AM    123508   1939180     94.01     84544    949988    759620     29.39   1064888    807040      1048
04:13:47 AM    123384   1939304     94.02     84544    950012    759620     29.39   1064956    807036      1072
04:13:48 AM    123480   1939208     94.01     84544    950064    759620     29.39   1064976    807036      1124
04:13:49 AM    123416   1939272     94.02     84544    950088    759620     29.39   1065032    807040      1148
04:13:50 AM    123228   1939460     94.03     84544    950124    759620     29.39   1065076    807036      1184
04:13:51 AM    123356   1939332     94.02     84544    950148    759620     29.39   1065076    807036      1208
04:13:52 AM    123260   1939428     94.02     84544    950180    759620     29.39   1065148    807036      1240
04:13:53 AM    123228   1939460     94.03     84544    950196    759620     29.39   1065148    807032      1256
04:13:54 AM    123136   1939552     94.03     84544    950280    759620     29.39   1065248    807036      1340
04:13:55 AM    123008   1939680     94.04     84544    950284    759620     29.39   1065236    807044      1344
04:13:56 AM    123044   1939644     94.03     84544    950312    759620     29.39   1065264    807040      1372
04:13:57 AM    123172   1939516     94.03     84544    950336    759620     29.39   1065320    807040        44
04:13:58 AM    123108   1939580     94.03     84544    950360    759620     29.39   1065312    807040        80
04:13:59 AM    123076   1939612     94.03     84544    950412    759620     29.39   1065392    807044       132
04:14:00 AM    123016   1939672     94.04     84544    950432    759620     29.39   1065388    807040       204
04:14:01 AM    123000   1939688     94.04     84544    950464    759620     29.39   1065452    807036       240
04:14:02 AM    122864   1939824     94.04     84544    950492    759620     29.39   1065524    807036       268
04:14:03 AM    122960   1939728     94.04     84544    950536    759620     29.39   1065560    807036       312
04:14:04 AM    122988   1939700     94.04     84544    950564    759620     29.39   1065536    807036       340
04:14:05 AM    122892   1939796     94.04     84548    950588    759620     29.39   1065568    807036       368
04:14:06 AM    122768   1939920     94.05     84548    950624    759620     29.39   1065592    807036       400
04:14:07 AM    122832   1939856     94.05     84548    950656    759620     29.39   1065636    807040       432
04:14:08 AM    122644   1940044     94.05     84548    950696    759620     29.39   1065612    807044       472
04:14:09 AM    122612   1940076     94.06     84548    950732    759620     29.39   1065740    807040       508
04:14:10 AM    122708   1939980     94.05     84552    950760    759620     29.39   1065776    807036       540
04:14:11 AM    122544   1940144     94.06     84552    950792    759620     29.39   1065816    807032       568
04:14:12 AM    122648   1940040     94.05     84552    950828    759620     29.39   1065840    807036       552
04:14:13 AM    122552   1940136     94.06     84552    950868    759620     29.39   1065868    807032       580
04:14:14 AM    122712   1939976     94.05     84552    950904    759620     29.39   1065932    807032       616
04:14:15 AM    122428   1940260     94.06     84552    950948    759620     29.39   1065988    807032       660
04:14:16 AM    122460   1940228     94.06     84552    950988    759620     29.39   1065996    807032       704
04:14:17 AM    122464   1940224     94.06     84552    951036    759620     29.39   1066044    807032       752
04:14:18 AM    122432   1940256     94.06     84552    951072    759620     29.39   1066108    807032       788
04:14:19 AM    122368   1940320     94.07     84552    951112    759620     29.39   1066116    807032       828
04:14:20 AM    122308   1940380     94.07     84552    951156    759620     29.39   1066188    807036       872
04:14:21 AM    122244   1940444     94.07     84552    951192    759620     29.39   1066244    807024       912
04:14:22 AM    122276   1940412     94.07     84552    951236    759620     29.39   1066284    807024       956
04:14:23 AM    122184   1940504     94.08     84552    951280    759620     29.39   1066304    807024      1000
04:14:24 AM    122024   1940664     94.08     84552    951320    759620     29.39   1066340    807028      1040
04:14:25 AM    121932   1940756     94.09     84556    951360    759620     29.39   1066420    807024      1084
04:14:26 AM    121932   1940756     94.09     84556    951404    759620     29.39   1066440    807028      1124
04:14:27 AM    121996   1940692     94.09     84556    951432    759620     29.39   1066508    807024      1152
04:14:28 AM    121840   1940848     94.09     84556    951536    759620     29.39   1066552    807028      1256
04:14:29 AM    121808   1940880     94.09     84556    951540    759620     29.39   1066580    807024      1260
04:14:30 AM    121588   1941100     94.11     84564    951624    759620     29.39   1066688    807024      1300
04:14:31 AM    121684   1941004     94.10     84564    951684    759620     29.39   1066756    807024      1404
04:14:32 AM    121808   1940880     94.09     84564    951684    759620     29.39   1066920    807024        52
04:14:33 AM    121676   1941012     94.10     84564    951772    759620     29.39   1066928    807024       168
04:14:34 AM    121560   1941128     94.11     84564    951768    759620     29.39   1066832    807024       164
04:14:35 AM    121592   1941096     94.11     84568    951864    759620     29.39   1066916    807024       264
04:14:36 AM    121436   1941252     94.11     84568    951860    759620     29.39   1066924    807024       308
04:14:37 AM    121436   1941252     94.11     84568    951900    759620     29.39   1066956    807024       348
04:14:38 AM    121468   1941220     94.11     84568    951936    759620     29.39   1067004    807028       360
04:14:39 AM    121344   1941344     94.12     84568    951976    759620     29.39   1067048    807024       404
04:14:40 AM    121376   1941312     94.12     84576    952064    759620     29.39   1067128    807024       500
04:14:41 AM    121344   1941344     94.12     84576    952072    759620     29.39   1067156    807028       508
04:14:42 AM    121092   1941596     94.13     84576    952116    759620     29.39   1067196    807028       552
04:14:43 AM    121260   1941428     94.12     84576    952152    759620     29.39   1067200    807028       588
04:14:44 AM    121000   1941688     94.13     84576    952196    759620     29.39   1067312    807032       632
04:14:45 AM    121096   1941592     94.13     84584    952280    759620     29.39   1067392    807024       672
04:14:46 AM    120940   1941748     94.14     84584    952280    759620     29.39   1067404    807024       716
04:14:47 AM    120908   1941780     94.14     84584    952324    759620     29.39   1067448    807028       708
04:14:48 AM    120972   1941716     94.14     84584    952360    759620     29.39   1067492    807024       728
04:14:49 AM    120784   1941904     94.14     84584    952400    759620     29.39   1067520    807024       768
04:14:50 AM    120848   1941840     94.14     84588    952444    759620     29.39   1067576    807028       816
04:14:51 AM    120788   1941900     94.14     84588    952480    759620     29.39   1067624    807024       848
04:14:52 AM    120692   1941996     94.15     84588    952580    759620     29.39   1067676    807020       948
04:14:53 AM    120692   1941996     94.15     84588    952576    759620     29.39   1067724    807020       944
04:14:54 AM    120692   1941996     94.15     84588    952620    759620     29.39   1067736    807020       988
04:14:55 AM    120756   1941932     94.15     84592    952660    759620     29.39   1067800    807028      1032
04:14:56 AM    120632   1942056     94.15     84592    952696    759620     29.39   1067852    807016      1072
04:14:57 AM    120568   1942120     94.15     84592    952728    759620     29.39   1067852    807016      1104
04:14:58 AM    120568   1942120     94.15     84592    952776    759620     29.39   1067896    807016      1152
04:14:59 AM    120540   1942148     94.16     84592    952860    759620     29.39   1067996    807016      1236
04:15:00 AM    120440   1942248     94.16     84600    952924    759620     29.39   1068072    807020      1256
04:15:01 AM    120432   1942256     94.16     84600    952920    759620     29.39   1068080    807016      1296
04:15:02 AM    120380   1942308     94.16     84600    952956    759620     29.39   1068128    807016       560
04:15:03 AM    120156   1942532     94.17     84600    953064    759620     29.39   1068368    807016       656
04:15:04 AM    120180   1942508     94.17     84600    953068    759620     29.39   1068244    807016       660
04:15:05 AM    120164   1942524     94.17     84604    953104    759620     29.39   1068244    807020       752
04:15:06 AM    120136   1942552     94.18     84604    953144    759620     29.39   1068260    807012       776
04:15:07 AM    120004   1942684     94.18     84608    953184    759620     29.39   1068332    807012       300
04:15:08 AM    120132   1942556     94.18     84608    953228    759620     29.39   1068356    807012       300
04:15:09 AM    120228   1942460     94.17     84608    953260    759620     29.39   1068408    807016       348
04:15:10 AM    120232   1942456     94.17     84616    953276    759620     29.39   1068344    807012       424
04:15:11 AM    120372   1942316     94.16     84616    953308    759620     29.39   1068316    807016       444
Average:       123340   1939348     94.02     84548    950543    758650     29.35   1065263    807036       715
