Linux 4.4.0-31-generic (dpi-suricata) 	12/10/2017 	_i686_	(1 CPU)

02:23:21 AM kbmemfree kbmemused  %memused kbbuffers  kbcached  kbcommit   %commit  kbactive   kbinact   kbdirty
02:23:22 AM    421552   1641136     79.56     85272    682644    984568     38.09    755792    817392       404
02:23:23 AM    421660   1641028     79.56     85272    682676    984568     38.09    755824    817376       436
02:23:24 AM    421692   1640996     79.56     85272    682700    984568     38.09    755864    817372       460
02:23:25 AM    421660   1641028     79.56     85272    682744    984568     38.09    755884    817372       504
02:23:26 AM    421660   1641028     79.56     85276    682788    984568     38.09    755940    817372       596
02:23:27 AM    420192   1642496     79.63     85276    682836    984568     38.09    757640    817372       644
02:23:28 AM    418796   1643892     79.70     85276    682888    984568     38.09    759204    817376       696
02:23:29 AM    417216   1645472     79.77     85276    682932    984568     38.09    760740    817376       740
02:23:30 AM    415696   1646992     79.85     85276    682980    984568     38.09    762164    817380       788
02:23:31 AM    414396   1648292     79.91     85284    683032    984568     38.09    763604    817376       840
02:23:32 AM    412552   1650136     80.00     85284    683076    984568     38.09    764780    817372       884
02:23:33 AM    411496   1651192     80.05     85284    683108    984568     38.09    766272    817376       916
02:23:34 AM    409852   1652836     80.13     85284    683164    984568     38.09    767932    817380       972
02:23:35 AM    408860   1653828     80.18     85284    683208    984568     38.09    768896    817380      1016
02:23:36 AM    407480   1655208     80.25     85284    683260    984568     38.09    770372    817376        32
02:23:37 AM    406364   1656324     80.30     85284    683312    984568     38.09    771404    817384       104
02:23:38 AM    405712   1656976     80.33     85284    683356    984568     38.09    771980    817372       152
02:23:39 AM    405340   1657348     80.35     85284    683396    984568     38.09    772328    817372       192
02:23:40 AM    404660   1658028     80.38     85284    683436    984568     38.09    772928    817372       232
02:23:41 AM    404064   1658624     80.41     85288    683468    984568     38.09    773376    817372       308
02:23:42 AM    403640   1659048     80.43     85288    683516    984568     38.09    774024    817380       356
02:23:43 AM    403248   1659440     80.45     85288    683548    984568     38.09    774148    817376       388
02:23:44 AM    403232   1659456     80.45     85288    683580    984568     38.09    774556    817376       420
02:23:45 AM    402372   1660316     80.49     85288    683620    984568     38.09    775500    817372       460
02:23:46 AM    401860   1660828     80.52     85292    683664    984568     38.09    775860    817372       504
02:23:47 AM    401348   1661340     80.54     85292    683696    984568     38.09    776360    817372       536
02:23:48 AM    400852   1661836     80.57     85292    683740    984568     38.09    776964    817376       580
02:23:49 AM    400232   1662456     80.60     85292    683776    984568     38.09    777580    817372       616
02:23:50 AM    399828   1662860     80.62     85292    683828    984568     38.09    777668    817372       668
02:23:51 AM    399800   1662888     80.62     85292    683872    984568     38.09    777972    817376       712
02:23:52 AM    398888   1663800     80.66     85292    683916    984568     38.09    778944    817372       756
02:23:53 AM    397952   1664736     80.71     85292    683960    984568     38.09    779504    817380       800
02:23:54 AM    397384   1665304     80.73     85292    684004    984568     38.09    780536    817372       844
02:23:55 AM    396580   1666108     80.77     85292    684044    984568     38.09    781256    817372       884
02:23:56 AM    395680   1667008     80.82     85300    684096    984568     38.09    781892    817376       936
02:23:57 AM    395432   1667256     80.83     85300    684132    984568     38.09    782284    817380       972
02:23:58 AM    395308   1667380     80.84     85300    684160    984568     38.09    782444    817376      1000
02:23:59 AM    394136   1668552     80.89     85300    684188    984568     38.09    783580    817376      1028
02:24:00 AM    393820   1668868     80.91     85300    684216    984568     38.09    783852    817376      1056
02:24:01 AM    393728   1668960     80.91     85304    684232    984568     38.09    784136    817372         4
02:24:02 AM    393384   1669304     80.93     85304    684260    984568     38.09    784304    817372        76
02:24:03 AM    393160   1669528     80.94     85304    684296    984568     38.09    784700    817384       116
02:24:04 AM    392268   1670420     80.98     85304    684320    984568     38.09    785160    817376       140
02:24:05 AM    391892   1670796     81.00     85304    684348    984568     38.09    786012    817376       168
02:24:06 AM    390876   1671812     81.05     85304    684392    984568     38.09    786928    817372       252
02:24:07 AM    390400   1672288     81.07     85304    684420    984568     38.09    787196    817372       280
02:24:08 AM    390288   1672400     81.08     85304    684440    984568     38.09    787264    817372       300
02:24:09 AM    390100   1672588     81.09     85304    684468    984568     38.09    787880    817372       328
02:24:10 AM    389480   1673208     81.12     85304    684508    984568     38.09    788288    817384       368
02:24:11 AM    389048   1673640     81.14     85308    684540    984568     38.09    788908    817376       400
02:24:12 AM    388428   1674260     81.17     85308    684568    984568     38.09    789420    817380       428
02:24:13 AM    387588   1675100     81.21     85308    684604    984568     38.09    789960    817372       464
02:24:14 AM    387496   1675192     81.21     85308    684636    984568     38.09    790332    817372       496
02:24:15 AM    386252   1676436     81.27     85308    684680    984568     38.09    791320    817376       540
02:24:16 AM    385788   1676900     81.30     85308    684704    984568     38.09    791740    817372       564
02:24:17 AM    385060   1677628     81.33     85308    684780    984568     38.09    792644    817404       640
02:24:18 AM    384412   1678276     81.36     85308    684812    984568     38.09    793164    817404       672
02:24:19 AM    384076   1678612     81.38     85308    684844    984568     38.09    793332    817404       704
02:24:20 AM    384108   1678580     81.38     85308    684876    984568     38.09    793496    817400       736
02:24:21 AM    383860   1678828     81.39     85312    684920    984568     38.09    793788    817412       784
02:24:22 AM    382992   1679696     81.43     85312    684944    984568     38.09    794568    817408       808
02:24:23 AM    382744   1679944     81.44     85312    684972    984568     38.09    795296    817408       836
02:24:24 AM    381876   1680812     81.49     85312    685000    984568     38.09    795916    817408       864
02:24:25 AM    381260   1681428     81.52     85312    685028    984568     38.09    796176    817412       892
02:24:26 AM    381208   1681480     81.52     85320    685056    984568     38.09    796388    817408         0
02:24:27 AM    380744   1681944     81.54     85320    685100    984568     38.09    796768    817412        96
02:24:28 AM    380684   1682004     81.54     85320    685124    984568     38.09    796848    817408       120
02:24:29 AM    380652   1682036     81.55     85320    685156    984568     38.09    796888    817408       152
02:24:30 AM    380220   1682468     81.57     85320    685188    984568     38.09    797548    817408       184
02:24:31 AM    379972   1682716     81.58     85320    685228    984568     38.09    797768    817412       276
02:24:32 AM    379692   1682996     81.59     85320    685264    984568     38.09    797832    817412       296
02:24:33 AM    379692   1682996     81.59     85320    685300    984568     38.09    797920    817408       332
02:24:34 AM    379552   1683136     81.60     85320    685340    984568     38.09    798076    817408       372
02:24:35 AM    378416   1684272     81.65     85320    685376    984568     38.09    799028    817404       408
02:24:36 AM    378232   1684456     81.66     85324    685400    984568     38.09    799588    817408       436
02:24:37 AM    377892   1684796     81.68     85324    685432    984568     38.09    799652    817404       472
02:24:38 AM    377892   1684796     81.68     85324    685476    984568     38.09    799716    817408       516
02:24:39 AM    377612   1685076     81.69     85324    685520    984568     38.09    800252    817408       560
02:24:40 AM    377208   1685480     81.71     85324    685556    984568     38.09    800560    817408       596
02:24:41 AM    376776   1685912     81.73     85328    685596    984568     38.09    800864    817404       640
02:24:42 AM    376216   1686472     81.76     85328    685644    984568     38.09    801436    817408       684
02:24:43 AM    375692   1686996     81.79     85328    685688    984568     38.09    801912    817408       728
02:24:44 AM    375396   1687292     81.80     85328    685732    984568     38.09    802388    817404       772
02:24:45 AM    374784   1687904     81.83     85328    685788    984568     38.09    802636    817412       828
02:24:46 AM    374476   1688212     81.85     85332    685832    984568     38.09    803124    817412       876
02:24:47 AM    374104   1688584     81.86     85332    685872    984568     38.09    803828    817404       912
02:24:48 AM    373544   1689144     81.89     85332    685916    984568     38.09    804260    817400       956
02:24:49 AM    373360   1689328     81.90     85332    685952    984568     38.09    804420    817400       992
02:24:50 AM    372548   1690140     81.94     85332    685996    984568     38.09    805056    817400      1036
02:24:51 AM    372228   1690460     81.95     85336    686036    984568     38.09    805468    817404      1080
02:24:52 AM    372136   1690552     81.96     85336    686088    984568     38.09    805760    817400      1128
02:24:53 AM    371872   1690816     81.97     85336    686128    984568     38.09    805916    817400      1168
02:24:54 AM    371748   1690940     81.98     85336    686180    984568     38.09    806200    817400      1220
02:24:55 AM    371160   1691528     82.01     85336    686220    984568     38.09    806528    817396      1260
02:24:56 AM    371156   1691532     82.01     85340    686256    984568     38.09    806664    817396      1300
02:24:57 AM    370908   1691780     82.02     85340    686304    984568     38.09    806716    817392       896
02:24:58 AM    370812   1691876     82.02     85340    686348    984568     38.09    806764    817392       948
02:24:59 AM    370752   1691936     82.03     85340    686388    984568     38.09    806808    817396       988
02:25:00 AM    370908   1691780     82.02     85340    686436    984568     38.09    806836    817400      1036
02:25:01 AM    370692   1691996     82.03     85344    686464    984568     38.09    806900    817396      1076
02:25:02 AM    370504   1692184     82.04     85344    686516    984568     38.09    807320    817392       196
02:25:03 AM    369916   1692772     82.07     85344    686552    984568     38.09    807772    817392       240
02:25:04 AM    369320   1693368     82.10     85344    686592    984568     38.09    808560    817392       280
02:25:05 AM    368524   1694164     82.13     85344    686632    984568     38.09    808836    817392       320
02:25:06 AM    368420   1694268     82.14     85348    686672    984568     38.09    809212    817392       364
02:25:07 AM    367892   1694796     82.16     85348    686716    984568     38.09    809696    817392       432
02:25:08 AM    367364   1695324     82.19     85348    686760    984568     38.09    810412    817392       476
02:25:09 AM    366628   1696060     82.23     85348    686808    984568     38.09    811216    817392       524
02:25:10 AM    366164   1696524     82.25     85348    686856    984568     38.09    811560    817388       572
02:25:11 AM    365792   1696896     82.27     85352    686900    984568     38.09    812140    817396       620
02:25:12 AM    365440   1697248     82.28     85352    686944    984568     38.09    812376    817384       672
02:25:13 AM    365204   1697484     82.29     85352    686984    984568     38.09    812512    817384       712
02:25:14 AM    364800   1697888     82.31     85352    687024    984568     38.09    813084    817384       752
02:25:15 AM    364316   1698372     82.34     85352    687064    984568     38.09    813492    817384       792
02:25:16 AM    364040   1698648     82.35     85360    687120    984568     38.09    813528    817388       856
02:25:17 AM    364068   1698620     82.35     85360    687172    984568     38.09    813796    817388       900
02:25:18 AM    363604   1699084     82.37     85360    687224    984568     38.09    814092    817392       952
02:25:19 AM    363448   1699240     82.38     85360    687256    984568     38.09    814384    817388       984
02:25:20 AM    362456   1700232     82.43     85360    687300    984568     38.09    815212    817388      1028
02:25:21 AM    362116   1700572     82.44     85364    687340    984568     38.09    815776    817396      1072
02:25:22 AM    361340   1701348     82.48     85364    687376    984568     38.09    816512    817392      1104
02:25:23 AM    361092   1701596     82.49     85364    687412    984568     38.09    816712    817388      1140
02:25:24 AM    360664   1702024     82.51     85364    687440    984568     38.09    817204    817392      1168
02:25:25 AM    359484   1703204     82.57     85364    687472    984568     38.09    817836    817388      1200
02:25:26 AM    355560   1707128     82.76     85372    687492    984568     38.09    822288    817388      1228
02:25:27 AM    355300   1707388     82.77     85372    687536    984568     38.09    822336    817396      1264
02:25:28 AM    355188   1707500     82.78     85372    687568    984568     38.09    822384    817392      1296
02:25:29 AM    355220   1707468     82.78     85372    687600    984568     38.09    822416    817392      1328
02:25:30 AM    355220   1707468     82.78     85372    687632    984568     38.09    822456    817388      1360
02:25:31 AM    354916   1707772     82.79     85380    687656    984568     38.09    822480    817392       184
02:25:32 AM    355220   1707468     82.78     85384    687696    984568     38.09    822524    817392       212
02:25:33 AM    355064   1707624     82.79     85384    687724    984568     38.09    822564    817392       240
02:25:34 AM    355096   1707592     82.78     85384    687748    984568     38.09    822588    817388       264
02:25:35 AM    354940   1707748     82.79     85384    687784    984568     38.09    822620    817392       300
02:25:36 AM    345848   1716840     83.23     85388    687808    984568     38.09    831608    817392       276
02:25:37 AM    345816   1716872     83.23     85404    687852    984568     38.09    831680    817388       236
02:25:38 AM    345848   1716840     83.23     85404    687880    984568     38.09    831708    817388       264
02:25:39 AM    345816   1716872     83.23     85404    687904    984568     38.09    831732    817388       288
02:25:40 AM    345936   1716752     83.23     85404    687928    984568     38.09    831676    817388       312
02:25:41 AM    345948   1716740     83.23     85404    687964    984568     38.09    831696    817388       348
Average:       381811   1680877     81.49     85324    685346    984568     38.09    795879    817389       631
