Linux 4.4.0-31-generic (ids-suricata) 	12/10/2017 	_i686_	(1 CPU)

02:18:07 AM kbmemfree kbmemused  %memused kbbuffers  kbcached  kbcommit   %commit  kbactive   kbinact   kbdirty
02:18:08 AM    134008   1928680     93.50     82860    938872    738944     28.59   1026144    838892       300
02:18:09 AM    133792   1928896     93.51     82860    938908    738944     28.59   1026208    838876       336
02:18:10 AM    133752   1928936     93.52     82860    938932    738944     28.59   1026336    838872       360
02:18:11 AM    133736   1928952     93.52     82860    938956    738944     28.59   1026356    838872       384
02:18:12 AM    133660   1929028     93.52     82860    938988    738944     28.59   1026380    838872       416
02:18:13 AM    128416   1934272     93.77     82868    939000    759484     29.38   1029540    838872       436
02:18:14 AM    128168   1934520     93.79     82868    939048    759484     29.38   1029624    838884       484
02:18:15 AM    127828   1934860     93.80     82868    939076    759484     29.38   1029624    838880       512
02:18:16 AM    128076   1934612     93.79     82868    939096    759484     29.38   1029672    838880       532
02:18:17 AM    128076   1934612     93.79     82876    939112    759484     29.38   1029672    838880       556
02:18:18 AM    127920   1934768     93.80     82880    939140    759484     29.38   1029704    838880       564
02:18:19 AM    127912   1934776     93.80     82880    939172    759484     29.38   1029844    838880       616
02:18:20 AM    127680   1935008     93.81     82880    939192    759484     29.38   1029856    838884       636
02:18:21 AM    127820   1934868     93.80     82880    939216    759484     29.38   1029876    838880       660
02:18:22 AM    127516   1935172     93.82     82880    939240    759484     29.38   1029876    838880       580
02:18:23 AM    127564   1935124     93.82     82884    939268    759484     29.38   1029880    838880       564
02:18:24 AM    127704   1934984     93.81     82884    939304    759484     29.38   1029888    838888       616
02:18:25 AM    127704   1934984     93.81     82884    939348    759484     29.38   1029972    838880       660
02:18:26 AM    127488   1935200     93.82     82884    939396    759484     29.38   1030020    838880       708
02:18:27 AM    127580   1935108     93.81     82884    939436    759484     29.38   1030068    838880       688
02:18:28 AM    127580   1935108     93.81     82884    939488    759484     29.38   1030136    838880       688
02:18:29 AM    127424   1935264     93.82     82884    939524    759484     29.38   1030124    838876       732
02:18:30 AM    127392   1935296     93.82     82884    939564    759484     29.38   1030228    838876       772
02:18:31 AM    127456   1935232     93.82     82884    939608    759484     29.38   1030264    838876       816
02:18:32 AM    127420   1935268     93.82     82884    939656    759484     29.38   1030340    838880       864
02:18:33 AM    127392   1935296     93.82     82884    939704    759484     29.38   1030396    838876       908
02:18:34 AM    127176   1935512     93.83     82884    939752    759484     29.38   1030448    838868       956
02:18:35 AM    127084   1935604     93.84     82884    939788    759484     29.38   1030508    838868       992
02:18:36 AM    127084   1935604     93.84     82884    939832    759484     29.38   1030600    838868      1036
02:18:37 AM    126768   1935920     93.85     82884    939872    759484     29.38   1030732    838872      1076
02:18:38 AM    126836   1935852     93.85     82888    939904    759484     29.38   1030780    838868      1112
02:18:39 AM    126820   1935868     93.85     82888    939960    759484     29.38   1030812    838872      1168
02:18:40 AM    126712   1935976     93.86     82888    940012    759484     29.38   1030900    838868      1220
02:18:41 AM    126712   1935976     93.86     82888    940040    759484     29.38   1030960    838868      1248
02:18:42 AM    126524   1936164     93.87     82888    940084    759484     29.38   1031100    838868        44
02:18:43 AM    126588   1936100     93.86     82892    940128    759484     29.38   1031108    838872        96
02:18:44 AM    126400   1936288     93.87     82892    940168    759484     29.38   1031164    838864       164
02:18:45 AM    126464   1936224     93.87     82892    940196    759484     29.38   1031220    838864       192
02:18:46 AM    126324   1936364     93.88     82892    940248    759484     29.38   1031292    838864       244
02:18:47 AM    126300   1936388     93.88     82892    940276    759484     29.38   1031412    838868       272
02:18:48 AM    126340   1936348     93.87     82896    940312    759484     29.38   1031368    838864       312
02:18:49 AM    126216   1936472     93.88     82896    940356    759484     29.38   1031452    838868       356
02:18:50 AM    126052   1936636     93.89     82896    940400    759484     29.38   1031552    838864       400
02:18:51 AM    125960   1936728     93.89     82896    940444    759484     29.38   1031652    838864       444
02:18:52 AM    125960   1936728     93.89     82896    940484    759484     29.38   1031680    838868       484
02:18:53 AM    125960   1936728     93.89     82896    940516    759484     29.38   1031768    838864       516
02:18:54 AM    125836   1936852     93.90     82896    940564    759484     29.38   1031856    838864       568
02:18:55 AM    125772   1936916     93.90     82896    940608    759484     29.38   1031912    838864       612
02:18:56 AM    125648   1937040     93.91     82896    940652    759484     29.38   1031960    838876       656
02:18:57 AM    125648   1937040     93.91     82896    940680    759484     29.38   1032012    838864       684
02:18:58 AM    125588   1937100     93.91     82904    940704    759484     29.38   1032064    838864       716
02:18:59 AM    125588   1937100     93.91     82904    940740    759484     29.38   1032120    838864       744
02:19:00 AM    125596   1937092     93.91     82904    940772    759484     29.38   1032076    838864       776
02:19:01 AM    125620   1937068     93.91     82904    940800    759484     29.38   1032184    838864       804
02:19:02 AM    125596   1937092     93.91     82904    940824    759484     29.38   1032212    838864       828
02:19:03 AM    125564   1937124     93.91     82908    940848    759484     29.38   1032176    838864       856
02:19:04 AM    125556   1937132     93.91     82908    940884    759484     29.38   1032384    838864       888
02:19:05 AM    125596   1937092     93.91     82908    940912    759484     29.38   1032300    838868       916
02:19:06 AM    125440   1937248     93.92     82908    940940    759484     29.38   1032320    838868       944
02:19:07 AM    125348   1937340     93.92     82908    940960    759484     29.38   1032336    838868       964
02:19:08 AM    125224   1937464     93.93     82912    940996    759484     29.38   1032348    838864      1004
02:19:09 AM    125160   1937528     93.93     82912    941040    759484     29.38   1032424    838864      1048
02:19:10 AM    125224   1937464     93.93     82912    941052    759484     29.38   1032408    838864      1060
02:19:11 AM    125224   1937464     93.93     82912    941076    759484     29.38   1032468    838864      1084
02:19:12 AM    125224   1937464     93.93     82912    941100    759484     29.38   1032480    838868       608
02:19:13 AM    125092   1937596     93.94     82912    941132    759484     29.38   1032484    838864       596
02:19:14 AM    125100   1937588     93.94     82912    941144    759484     29.38   1032592    838864       608
02:19:15 AM    125100   1937588     93.94     82912    941168    759484     29.38   1032612    838864       632
02:19:16 AM    124940   1937748     93.94     82912    941168    759484     29.38   1032644    838864       632
02:19:17 AM    124976   1937712     93.94     82912    941200    759484     29.38   1032636    838864        60
02:19:18 AM    125100   1937588     93.94     82912    941224    759484     29.38   1032660    838868       100
02:19:19 AM    125096   1937592     93.94     82916    941244    759484     29.38   1032648    838864       128
02:19:20 AM    124908   1937780     93.94     82916    941280    759484     29.38   1032720    838872       188
02:19:21 AM    124972   1937716     93.94     82916    941284    759484     29.38   1032752    838864       192
02:19:22 AM    124972   1937716     93.94     82916    941320    759484     29.38   1032784    838864       228
02:19:23 AM    124940   1937748     93.94     82916    941336    759484     29.38   1032776    838864       216
02:19:24 AM    124972   1937716     93.94     82920    941344    759484     29.38   1032804    838868       224
02:19:25 AM    124848   1937840     93.95     82920    941380    759484     29.38   1032836    838864       268
02:19:26 AM    124848   1937840     93.95     82920    941396    759484     29.38   1032880    838864       284
02:19:27 AM    124936   1937752     93.94     82920    941460    759484     29.38   1032928    838860       352
02:19:28 AM    124848   1937840     93.95     82920    941504    759484     29.38   1032960    838868       396
02:19:29 AM    124848   1937840     93.95     82928    941528    759484     29.38   1033044    838860       428
02:19:30 AM    124848   1937840     93.95     82928    941576    759484     29.38   1033020    838860       472
02:19:31 AM    124724   1937964     93.95     82928    941612    759484     29.38   1033092    838864       508
02:19:32 AM    124568   1938120     93.96     82928    941624    759484     29.38   1033112    838864       520
02:19:33 AM    124600   1938088     93.96     82928    941668    759484     29.38   1033112    838860       564
02:19:34 AM    124476   1938212     93.97     82932    941760    759484     29.38   1033188    838860       660
02:19:35 AM    124476   1938212     93.97     82932    941760    759484     29.38   1033200    838864       656
02:19:36 AM    124460   1938228     93.97     82932    941772    759484     29.38   1033384    838864       668
02:19:37 AM    124440   1938248     93.97     82932    941816    759484     29.38   1033296    838860       712
02:19:38 AM    124444   1938244     93.97     82932    941848    759484     29.38   1033320    838864       744
02:19:39 AM    124196   1938492     93.98     82936    941884    759484     29.38   1033316    838860       784
02:19:40 AM    124220   1938468     93.98     82936    941932    759484     29.38   1033480    838860       828
02:19:41 AM    124096   1938592     93.98     82936    942028    759484     29.38   1033564    838860       924
02:19:42 AM    123964   1938724     93.99     82936    942016    759484     29.38   1033648    838860       912
02:19:43 AM    123940   1938748     93.99     82936    942048    759484     29.38   1033680    838860       944
02:19:44 AM    123848   1938840     94.00     82936    942092    759484     29.38   1033704    838860       988
02:19:45 AM    123816   1938872     94.00     82936    942148    759484     29.38   1033692    838868      1044
02:19:46 AM    123724   1938964     94.00     82936    942168    759484     29.38   1033736    838864      1064
02:19:47 AM    123724   1938964     94.00     82936    942208    759484     29.38   1033864    838860       604
02:19:48 AM    123632   1939056     94.01     82936    942256    759484     29.38   1033836    838860       568
02:19:49 AM    123724   1938964     94.00     82940    942348    759484     29.38   1033924    838860       664
02:19:50 AM    123732   1938956     94.00     82940    942340    759484     29.38   1033832    838856       656
02:19:51 AM    123732   1938956     94.00     82940    942380    759484     29.38   1033872    838856       696
02:19:52 AM    123732   1938956     94.00     82940    942420    759484     29.38   1033904    838860       248
02:19:53 AM    123540   1939148     94.01     82940    942448    759484     29.38   1033996    838856       208
02:19:54 AM    123608   1939080     94.01     82944    942492    759484     29.38   1034024    838856       268
02:19:55 AM    123484   1939204     94.01     82944    942564    759484     29.38   1034072    838856       348
02:19:56 AM    123420   1939268     94.02     82944    942612    759484     29.38   1034132    838852       396
02:19:57 AM    123484   1939204     94.01     82944    942600    759484     29.38   1034168    838852       384
02:19:58 AM    123608   1939080     94.01     82944    942696    759484     29.38   1034180    838856       456
02:19:59 AM    123484   1939204     94.01     82948    942740    759484     29.38   1034264    838856       504
02:20:00 AM    123452   1939236     94.01     82948    942728    759484     29.38   1034236    838856       504
02:20:01 AM    123452   1939236     94.01     82948    942812    759484     29.38   1034332    838852       588
02:20:02 AM    123284   1939404     94.02     82948    942808    759484     29.38   1034340    838852       584
02:20:03 AM    123288   1939400     94.02     82948    942904    759484     29.38   1034396    838852       680
02:20:04 AM    123228   1939460     94.03     82952    942900    759484     29.38   1034456    838856       684
02:20:05 AM    123236   1939452     94.03     82952    942940    759484     29.38   1034500    838856       720
02:20:06 AM    122964   1939724     94.04     82952    943044    759484     29.38   1034584    838852       824
02:20:07 AM    123052   1939636     94.03     82952    943084    759484     29.38   1034728    838852       864
02:20:08 AM    122952   1939736     94.04     82952    943072    759484     29.38   1034576    838852       852
02:20:09 AM    122956   1939732     94.04     82956    943152    759484     29.38   1034660    838852       936
02:20:10 AM    122952   1939736     94.04     82956    943140    759484     29.38   1034684    838856       920
02:20:11 AM    122920   1939768     94.04     82956    943184    759484     29.38   1034712    838852       964
02:20:12 AM    122832   1939856     94.05     82956    943204    759484     29.38   1034756    838856       984
02:20:13 AM    122920   1939768     94.04     82956    943248    759484     29.38   1034744    838856      1028
02:20:14 AM    122948   1939740     94.04     82960    943320    759484     29.38   1034912    838852      1100
02:20:15 AM    122740   1939948     94.05     82960    943320    759484     29.38   1034900    838852      1100
02:20:16 AM    122584   1940104     94.06     82960    943404    759484     29.38   1034940    838856      1184
02:20:17 AM    122616   1940072     94.06     82960    943396    759484     29.38   1034928    838860       456
02:20:18 AM    122492   1940196     94.06     82960    943416    759484     29.38   1034952    838852       508
02:20:19 AM    122492   1940196     94.06     82968    943492    759484     29.38   1035020    838852       556
02:20:20 AM    122492   1940196     94.06     82968    943488    759484     29.38   1035096    838856       552
02:20:21 AM    122428   1940260     94.06     82968    943572    759484     29.38   1035104    838852       636
02:20:22 AM    122244   1940444     94.07     82968    943560    759484     29.38   1035144    838852       624
02:20:23 AM    122244   1940444     94.07     82968    943592    759484     29.38   1035144    838852       640
02:20:24 AM    122048   1940640     94.08     82976    943648    759484     29.38   1035224    838852       652
02:20:25 AM    122180   1940508     94.08     82976    943636    759484     29.38   1035196    838856       684
02:20:26 AM    122292   1940396     94.07     82976    943660    759484     29.38   1035172    838852       708
02:20:27 AM    122348   1940340     94.07     82976    943684    759484     29.38   1035068    838852       228
Average:       125341   1937347     93.92     82917    941261    758750     29.35   1032396    838865       634
