Linux 4.4.0-31-generic (dpi-suricata) 	12/10/2017 	_i686_	(1 CPU)

03:01:06 AM  CPU    %usr   %nice    %sys %iowait    %irq   %soft  %steal  %guest  %gnice   %idle
03:01:07 AM  all    2.02    0.00    8.08    0.00    0.00    0.00    1.01    0.00    0.00   88.89
03:01:08 AM  all    2.00    0.00    2.00    0.00    0.00    0.00    0.00    0.00    0.00   96.00
03:01:09 AM  all    2.04    0.00    2.04    0.00    0.00    0.00    0.00    0.00    0.00   95.92
03:01:10 AM  all    2.00    0.00    3.00    0.00    0.00    0.00    0.00    0.00    0.00   95.00
03:01:11 AM  all    5.00    0.00    2.00    0.00    0.00    2.00    1.00    0.00    0.00   90.00
03:01:12 AM  all   51.52    0.00    2.02    0.00    0.00   45.45    1.01    0.00    0.00    0.00
03:01:13 AM  all   46.53    0.00    3.96    0.00    0.00   47.52    1.98    0.00    0.00    0.00
03:01:14 AM  all   55.00    0.00    1.00    0.00    0.00   44.00    0.00    0.00    0.00    0.00
03:01:15 AM  all   54.00    0.00    1.00    0.00    0.00   44.00    1.00    0.00    0.00    0.00
03:01:16 AM  all   52.94    0.00    0.98    0.00    0.00   45.10    0.98    0.00    0.00    0.00
03:01:17 AM  all   61.62    0.00    2.02    0.00    0.00   36.36    0.00    0.00    0.00    0.00
03:01:18 AM  all   49.50    0.00    1.98    0.00    0.00   47.52    0.99    0.00    0.00    0.00
03:01:19 AM  all   52.48    0.00    0.00    0.00    0.00   47.52    0.00    0.00    0.00    0.00
03:01:20 AM  all   49.00    0.00    0.00    0.00    0.00   50.00    1.00    0.00    0.00    0.00
03:01:21 AM  all   48.00    0.00    2.00    0.00    0.00   49.00    1.00    0.00    0.00    0.00
03:01:22 AM  all   38.38    0.00    0.00    0.00    0.00   58.59    3.03    0.00    0.00    0.00
03:01:23 AM  all   46.00    0.00    1.00    0.00    0.00   53.00    0.00    0.00    0.00    0.00
03:01:24 AM  all   37.00    0.00    3.00    0.00    0.00   59.00    1.00    0.00    0.00    0.00
03:01:25 AM  all   39.60    0.00    2.97    0.00    0.00   56.44    0.99    0.00    0.00    0.00
03:01:26 AM  all   42.00    0.00    1.00    0.00    0.00   56.00    1.00    0.00    0.00    0.00
03:01:27 AM  all   43.00    0.00    1.00    0.00    0.00   54.00    2.00    0.00    0.00    0.00
03:01:28 AM  all   44.00    0.00    1.00    0.00    0.00   55.00    0.00    0.00    0.00    0.00
03:01:29 AM  all   50.00    0.00    1.00    0.00    0.00   48.00    1.00    0.00    0.00    0.00
03:01:30 AM  all   46.00    0.00    1.00    0.00    0.00   53.00    0.00    0.00    0.00    0.00
03:01:31 AM  all   40.59    0.00    0.99    0.00    0.00   57.43    0.99    0.00    0.00    0.00
03:01:32 AM  all   47.47    0.00    3.03    0.00    0.00   48.48    1.01    0.00    0.00    0.00
03:01:33 AM  all   41.58    0.00    0.99    0.00    0.00   55.45    1.98    0.00    0.00    0.00
03:01:34 AM  all   44.55    0.00    0.00    0.00    0.00   55.45    0.00    0.00    0.00    0.00
03:01:35 AM  all   42.57    0.00    0.99    0.00    0.00   55.45    0.99    0.00    0.00    0.00
03:01:36 AM  all   39.00    0.00    1.00    0.00    0.00   59.00    1.00    0.00    0.00    0.00
03:01:37 AM  all   39.00    0.00    1.00    0.00    0.00   59.00    1.00    0.00    0.00    0.00
03:01:38 AM  all   48.00    0.00    2.00    0.00    0.00   48.00    2.00    0.00    0.00    0.00
03:01:39 AM  all   40.00    0.00    1.00    0.00    0.00   59.00    0.00    0.00    0.00    0.00
03:01:40 AM  all   48.00    0.00    1.00    0.00    0.00   50.00    1.00    0.00    0.00    0.00
03:01:41 AM  all   41.00    0.00    2.00    0.00    0.00   56.00    1.00    0.00    0.00    0.00
03:01:42 AM  all   43.00    0.00    2.00    0.00    0.00   54.00    1.00    0.00    0.00    0.00
03:01:43 AM  all   42.57    0.00    1.98    0.00    0.00   53.47    1.98    0.00    0.00    0.00
03:01:44 AM  all   48.00    0.00    1.00    0.00    0.00   50.00    1.00    0.00    0.00    0.00
03:01:45 AM  all   43.43    0.00    1.01    0.00    0.00   53.54    2.02    0.00    0.00    0.00
03:01:46 AM  all   41.18    0.00    0.98    0.00    0.00   56.86    0.98    0.00    0.00    0.00
03:01:47 AM  all   43.43    0.00    1.01    0.00    0.00   55.56    0.00    0.00    0.00    0.00
03:01:48 AM  all   46.00    0.00    0.00    0.00    0.00   53.00    1.00    0.00    0.00    0.00
03:01:49 AM  all   48.48    0.00    1.01    0.00    0.00   50.51    0.00    0.00    0.00    0.00
03:01:50 AM  all   46.08    0.00    1.96    0.00    0.00   50.98    0.98    0.00    0.00    0.00
03:01:51 AM  all   46.00    0.00    2.00    0.00    0.00   52.00    0.00    0.00    0.00    0.00
03:01:52 AM  all   43.00    0.00    1.00    0.00    0.00   55.00    1.00    0.00    0.00    0.00
03:01:53 AM  all   42.00    0.00    2.00    0.00    0.00   56.00    0.00    0.00    0.00    0.00
03:01:54 AM  all   39.39    0.00    1.01    0.00    0.00   58.59    1.01    0.00    0.00    0.00
03:01:55 AM  all   35.64    0.00    1.98    0.00    0.00   58.42    3.96    0.00    0.00    0.00
03:01:56 AM  all   39.00    0.00    2.00    0.00    0.00   58.00    1.00    0.00    0.00    0.00
03:01:57 AM  all   43.00    0.00    1.00    0.00    0.00   55.00    1.00    0.00    0.00    0.00
03:01:58 AM  all   49.50    0.00    1.98    0.00    0.00   48.51    0.00    0.00    0.00    0.00
03:01:59 AM  all   42.00    0.00    1.00    0.00    0.00   55.00    2.00    0.00    0.00    0.00
03:02:00 AM  all   38.00    0.00    3.00    0.00    0.00   59.00    0.00    0.00    0.00    0.00
03:02:01 AM  all   43.56    0.00    1.98    0.00    0.00   52.48    1.98    0.00    0.00    0.00
03:02:02 AM  all   42.57    0.00    2.97    0.00    0.00   52.48    1.98    0.00    0.00    0.00
03:02:03 AM  all   39.00    0.00    1.00    0.00    0.00   60.00    0.00    0.00    0.00    0.00
03:02:04 AM  all   42.57    0.00    2.97    0.00    0.00   53.47    0.99    0.00    0.00    0.00
03:02:05 AM  all   40.00    0.00    1.00    0.00    0.00   58.00    1.00    0.00    0.00    0.00
03:02:06 AM  all   41.00    0.00    1.00    0.00    0.00   58.00    0.00    0.00    0.00    0.00
03:02:07 AM  all   43.56    0.00    0.99    0.00    0.00   55.45    0.00    0.00    0.00    0.00
03:02:08 AM  all   44.00    0.00    1.00    0.00    0.00   54.00    1.00    0.00    0.00    0.00
03:02:09 AM  all   52.00    0.00    1.00    0.00    0.00   46.00    1.00    0.00    0.00    0.00
03:02:10 AM  all   47.00    0.00    1.00    0.00    0.00   51.00    1.00    0.00    0.00    0.00
03:02:11 AM  all   47.00    0.00    2.00    0.00    0.00   51.00    0.00    0.00    0.00    0.00
03:02:12 AM  all   46.00    0.00    0.00    0.00    0.00   53.00    1.00    0.00    0.00    0.00
03:02:13 AM  all   40.00    0.00    2.00    0.00    0.00   56.00    2.00    0.00    0.00    0.00
03:02:14 AM  all   46.53    0.00    0.99    0.00    0.00   52.48    0.00    0.00    0.00    0.00
03:02:15 AM  all   44.44    0.00    1.01    0.00    0.00   54.55    0.00    0.00    0.00    0.00
03:02:16 AM  all   49.50    0.00    1.98    0.00    0.00   46.53    1.98    0.00    0.00    0.00
03:02:17 AM  all   44.00    0.00    2.00    0.00    0.00   54.00    0.00    0.00    0.00    0.00
03:02:18 AM  all   41.41    0.00    0.00    0.00    0.00   58.59    0.00    0.00    0.00    0.00
03:02:19 AM  all   44.55    0.00    1.98    0.00    0.00   52.48    0.99    0.00    0.00    0.00
03:02:20 AM  all   49.00    0.00    1.00    0.00    0.00   50.00    0.00    0.00    0.00    0.00
03:02:21 AM  all   41.58    0.00    2.97    0.00    0.00   54.46    0.99    0.00    0.00    0.00
03:02:22 AM  all   40.40    0.00    2.02    0.00    0.00   57.58    0.00    0.00    0.00    0.00
03:02:23 AM  all   44.55    0.00    0.00    0.00    0.00   53.47    1.98    0.00    0.00    0.00
03:02:24 AM  all   36.63    0.00    0.99    0.00    0.00   62.38    0.00    0.00    0.00    0.00
03:02:25 AM  all   46.46    0.00    1.01    0.00    0.00   52.53    0.00    0.00    0.00    0.00
03:02:26 AM  all   45.54    0.00    1.98    0.00    0.00   50.50    1.98    0.00    0.00    0.00
03:02:27 AM  all   45.45    0.00    1.01    0.00    0.00   52.53    1.01    0.00    0.00    0.00
03:02:28 AM  all   36.63    0.00    1.98    0.00    0.00   60.40    0.99    0.00    0.00    0.00
03:02:29 AM  all   44.00    0.00    1.00    0.00    0.00   55.00    0.00    0.00    0.00    0.00
03:02:30 AM  all   44.00    0.00    2.00    0.00    0.00   52.00    2.00    0.00    0.00    0.00
03:02:31 AM  all   41.58    0.00    1.98    0.00    0.00   55.45    0.99    0.00    0.00    0.00
03:02:32 AM  all   36.36    0.00    1.01    0.00    0.00   61.62    1.01    0.00    0.00    0.00
03:02:33 AM  all   43.00    0.00    3.00    0.00    0.00   54.00    0.00    0.00    0.00    0.00
03:02:34 AM  all   41.00    0.00    2.00    0.00    0.00   55.00    2.00    0.00    0.00    0.00
03:02:35 AM  all   43.56    0.00    0.00    0.00    0.00   55.45    0.99    0.00    0.00    0.00
03:02:36 AM  all   43.00    0.00    2.00    0.00    0.00   53.00    2.00    0.00    0.00    0.00
03:02:37 AM  all   42.57    0.00    1.98    0.00    0.00   53.47    1.98    0.00    0.00    0.00
03:02:38 AM  all   41.00    0.00    1.00    0.00    0.00   57.00    1.00    0.00    0.00    0.00
03:02:39 AM  all   43.56    0.00    0.99    0.00    0.00   54.46    0.99    0.00    0.00    0.00
03:02:40 AM  all   44.00    0.00    1.00    0.00    0.00   54.00    1.00    0.00    0.00    0.00
03:02:41 AM  all   42.57    0.00    1.98    0.00    0.00   53.47    1.98    0.00    0.00    0.00
03:02:42 AM  all   44.44    0.00    0.00    0.00    0.00   55.56    0.00    0.00    0.00    0.00
03:02:43 AM  all   44.44    0.00    1.01    0.00    0.00   53.54    1.01    0.00    0.00    0.00
03:02:44 AM  all   40.59    0.00    3.96    0.00    0.00   55.45    0.00    0.00    0.00    0.00
03:02:45 AM  all   46.00    0.00    0.00    0.00    0.00   53.00    1.00    0.00    0.00    0.00
03:02:46 AM  all   35.64    0.00    2.97    0.00    0.00   60.40    0.99    0.00    0.00    0.00
03:02:47 AM  all   44.44    0.00    2.02    0.00    0.00   53.54    0.00    0.00    0.00    0.00
03:02:48 AM  all   40.59    0.00    0.99    0.00    0.00   58.42    0.00    0.00    0.00    0.00
03:02:49 AM  all   48.51    0.00    1.98    0.00    0.00   48.51    0.99    0.00    0.00    0.00
03:02:50 AM  all   42.00    0.00    2.00    0.00    0.00   56.00    0.00    0.00    0.00    0.00
03:02:51 AM  all   50.00    0.00    1.00    0.00    0.00   49.00    0.00    0.00    0.00    0.00
03:02:52 AM  all   48.51    0.00    0.99    0.00    0.00   49.50    0.99    0.00    0.00    0.00
03:02:53 AM  all   44.55    0.00    1.98    0.00    0.00   50.50    2.97    0.00    0.00    0.00
03:02:54 AM  all   50.51    0.00    1.01    0.00    0.00   48.48    0.00    0.00    0.00    0.00
03:02:55 AM  all   43.56    0.00    0.99    0.00    0.00   53.47    1.98    0.00    0.00    0.00
03:02:56 AM  all   45.45    0.00    2.02    0.00    0.00   52.53    0.00    0.00    0.00    0.00
03:02:57 AM  all   38.00    0.00    2.00    0.00    0.00   59.00    1.00    0.00    0.00    0.00
03:02:58 AM  all   44.00    0.00    2.00    0.00    0.00   53.00    1.00    0.00    0.00    0.00
03:02:59 AM  all   41.58    0.00    0.99    0.00    0.00   56.44    0.99    0.00    0.00    0.00
03:03:00 AM  all   47.47    0.00    1.01    0.00    0.00   50.51    1.01    0.00    0.00    0.00
03:03:01 AM  all   42.57    0.00    1.98    0.00    0.00   54.46    0.99    0.00    0.00    0.00
03:03:02 AM  all   44.00    0.00    1.00    0.00    0.00   55.00    0.00    0.00    0.00    0.00
03:03:03 AM  all   39.60    0.00    1.98    0.00    0.00   57.43    0.99    0.00    0.00    0.00
03:03:04 AM  all   42.00    0.00    1.00    0.00    0.00   56.00    1.00    0.00    0.00    0.00
03:03:05 AM  all   43.56    0.00    0.99    0.00    0.00   54.46    0.99    0.00    0.00    0.00
03:03:06 AM  all   46.00    0.00    2.00    0.00    0.00   52.00    0.00    0.00    0.00    0.00
03:03:07 AM  all   47.00    0.00    1.00    0.00    0.00   52.00    0.00    0.00    0.00    0.00
03:03:08 AM  all   44.00    0.00    1.00    0.00    0.00   54.00    1.00    0.00    0.00    0.00
03:03:09 AM  all   44.00    0.00    1.00    0.00    0.00   55.00    0.00    0.00    0.00    0.00
03:03:10 AM  all   45.45    0.00    2.02    0.00    0.00   51.52    1.01    0.00    0.00    0.00
03:03:11 AM  all   41.58    0.00    1.98    1.98    0.00   49.50    0.99    0.00    0.00    3.96
03:03:12 AM  all    6.00    0.00    3.00    0.00    0.00    4.00    0.00    0.00    0.00   87.00
03:03:13 AM  all    2.02    0.00    2.02    0.00    0.00    0.00    0.00    0.00    0.00   95.96
03:03:14 AM  all    1.01    0.00    3.03    0.00    0.00    0.00    1.01    0.00    0.00   94.95
03:03:15 AM  all    2.00    0.00    3.00    0.00    0.00    0.00    0.00    0.00    0.00   95.00
03:03:16 AM  all    1.01    0.00    3.03    2.02    0.00    0.00    0.00    0.00    0.00   93.94
03:03:17 AM  all    2.00    0.00    2.00    0.00    0.00    0.00    1.00    0.00    0.00   95.00
03:03:18 AM  all    2.00    0.00    4.00    0.00    0.00    0.00    0.00    0.00    0.00   94.00
03:03:19 AM  all    2.02    0.00    2.02    0.00    0.00    0.00    1.01    0.00    0.00   94.95
03:03:20 AM  all    2.02    0.00    2.02    0.00    0.00    0.00    0.00    0.00    0.00   95.96
03:03:21 AM  all    2.00    0.00    3.00    2.00    0.00    0.00    0.00    0.00    0.00   93.00
03:03:22 AM  all    2.04    0.00    3.06    0.00    0.00    0.00    0.00    0.00    0.00   94.90
03:03:23 AM  all    0.99    0.00    3.96    0.00    0.00    0.00    0.99    0.00    0.00   94.06
03:03:24 AM  all    2.04    0.00    3.06    0.00    0.00    0.00    0.00    0.00    0.00   94.90
03:03:25 AM  all    1.98    0.00    2.97    0.00    0.00    0.00    0.99    0.00    0.00   94.06
03:03:26 AM  all    2.02    0.00    3.03    0.00    0.00    0.00    0.00    0.00    0.00   94.95
Average:     all   38.16    0.00    1.67    0.04    0.00   45.96    0.81    0.00    0.00   13.36
