Linux 4.4.0-31-generic (fw-suricata) 	12/10/2017 	_i686_	(1 CPU)

02:58:34 AM kbmemfree kbmemused  %memused kbbuffers  kbcached  kbcommit   %commit  kbactive   kbinact   kbdirty
02:58:35 AM   1449804    612884     29.71     36296    328704    736812     28.50    498836     72392       272
02:58:36 AM   1449836    612852     29.71     36296    328732    736812     28.50    498896     72376       284
02:58:37 AM   1449464    613224     29.73     36296    328756    736812     28.50    498916     72372       308
02:58:38 AM   1449432    613256     29.73     36296    328784    736812     28.50    498952     72376       336
02:58:39 AM   1449340    613348     29.74     36296    328804    736812     28.50    498968     72372       356
02:58:40 AM   1449340    613348     29.74     36304    328816    736812     28.50    498984     72376       376
02:58:41 AM   1449184    613504     29.74     36304    328856    736812     28.50    499016     72376       412
02:58:42 AM   1449184    613504     29.74     36304    328876    736812     28.50    499056     72372       432
02:58:43 AM   1449280    613408     29.74     36304    328896    736812     28.50    499100     72372       452
02:58:44 AM   1449308    613380     29.74     36304    328920    736812     28.50    499124     72376       476
02:58:45 AM   1449216    613472     29.74     36312    328932    736812     28.50    499124     72372       496
02:58:46 AM   1449216    613472     29.74     36312    328960    736812     28.50    499160     72372       516
02:58:47 AM   1449200    613488     29.74     36312    328992    736812     28.50    499184     72372       548
02:58:48 AM   1449180    613508     29.74     36312    329016    736812     28.50    499228     72372       572
02:58:49 AM   1449340    613348     29.74     36312    329044    736812     28.50    499200     72372         8
02:58:50 AM   1449216    613472     29.74     36312    329068    736812     28.50    499252     72372       112
02:58:51 AM   1449184    613504     29.74     36320    329112    736812     28.50    499296     72380       168
02:58:52 AM   1449092    613596     29.75     36320    329132    736812     28.50    499324     72376       188
02:58:53 AM   1449148    613540     29.74     36320    329152    736812     28.50    499380     72372       208
02:58:54 AM   1449092    613596     29.75     36320    329184    736812     28.50    499364     72376       244
02:58:55 AM   1449092    613596     29.75     36320    329208    736812     28.50    499424     72372       268
02:58:56 AM   1448924    613764     29.76     36328    329228    736812     28.50    499436     72376       288
02:58:57 AM   1448968    613720     29.75     36328    329252    736812     28.50    499448     72372       312
02:58:58 AM   1448968    613720     29.75     36328    329272    736812     28.50    499516     72372       332
02:58:59 AM   1448936    613752     29.75     36328    329288    736812     28.50    499508     72372       348
02:59:00 AM   1448844    613844     29.76     36328    329312    736812     28.50    499532     72372       372
02:59:01 AM   1448804    613884     29.76     36336    329348    736812     28.50    499568     72372       408
02:59:02 AM   1448924    613764     29.76     36336    329368    736812     28.50    499596     72372       428
02:59:03 AM   1448960    613728     29.75     36336    329396    736812     28.50    499632     72372       456
02:59:04 AM   1448836    613852     29.76     36336    329408    736812     28.50    499644     72372       468
02:59:05 AM   1448836    613852     29.76     36336    329452    736812     28.50    499692     72376       512
02:59:06 AM   1448804    613884     29.76     36344    329480    736812     28.50    499728     72376       540
02:59:07 AM   1448488    614200     29.78     36344    329516    736812     28.50    499764     72372       576
02:59:08 AM   1448588    614100     29.77     36344    329540    736812     28.50    499788     72368       600
02:59:09 AM   1448588    614100     29.77     36344    329568    736812     28.50    499824     72368       628
02:59:10 AM   1448588    614100     29.77     36344    329592    736812     28.50    499844     72372       652
02:59:11 AM   1448556    614132     29.77     36352    329612    736812     28.50    499872     72368       672
02:59:12 AM   1448588    614100     29.77     36352    329624    736812     28.50    499892     72368       684
02:59:13 AM   1448588    614100     29.77     36352    329640    736812     28.50    499916     72368       700
02:59:14 AM   1448432    614256     29.78     36352    329652    736812     28.50    499924     72368       712
02:59:15 AM   1448544    614144     29.77     36352    329672    736812     28.50    499928     72372       732
02:59:16 AM   1448456    614232     29.78     36360    329688    736812     28.50    499960     72376       752
02:59:17 AM   1448424    614264     29.78     36360    329704    736812     28.50    499932     72372       768
02:59:18 AM   1448464    614224     29.78     36360    329716    736812     28.50    499992     72372       780
02:59:19 AM   1448456    614232     29.78     36360    329732    736812     28.50    500012     72372       616
02:59:20 AM   1448268    614420     29.79     36360    329748    736812     28.50    500284     72372       592
02:59:21 AM   1448308    614380     29.79     36368    329756    736812     28.50    500148     72372       612
02:59:22 AM   1448184    614504     29.79     36368    329796    736812     28.50    500060     72380       644
02:59:23 AM   1448184    614504     29.79     36368    329812    736812     28.50    500092     72372       660
02:59:24 AM   1448216    614472     29.79     36368    329824    736812     28.50    500104     72372         4
02:59:25 AM   1448216    614472     29.79     36368    329840    736812     28.50    500136     72372        60
02:59:26 AM   1448216    614472     29.79     36376    329844    736812     28.50    500136     72372        76
02:59:27 AM   1448092    614596     29.80     36376    329868    736812     28.50    500128     72372       120
02:59:28 AM   1448056    614632     29.80     36376    329884    736812     28.50    500168     72376       136
02:59:29 AM   1448084    614604     29.80     36376    329904    736812     28.50    500200     72372       160
02:59:30 AM   1448092    614596     29.80     36376    329916    736812     28.50    500216     72372       172
02:59:31 AM   1448060    614628     29.80     36384    329924    736812     28.50    500240     72372       188
02:59:32 AM   1448064    614624     29.80     36384    329944    736812     28.50    500260     72372       204
02:59:33 AM   1448092    614596     29.80     36384    329960    736812     28.50    500268     72372       220
02:59:34 AM   1448216    614472     29.79     36384    329972    736812     28.50    500268     72372       232
02:59:35 AM   1447968    614720     29.80     36384    329992    736812     28.50    500308     72376       252
02:59:36 AM   1447936    614752     29.80     36384    330012    736812     28.50    500332     72376       272
02:59:37 AM   1447968    614720     29.80     36392    330028    736812     28.50    500356     72376       288
02:59:38 AM   1447956    614732     29.80     36392    330048    736812     28.50    500404     72376       308
02:59:39 AM   1447844    614844     29.81     36392    330072    736812     28.50    500404     72372       332
02:59:40 AM   1447844    614844     29.81     36392    330084    736812     28.50    500416     72372       344
02:59:41 AM   1447844    614844     29.81     36392    330100    736812     28.50    500480     72372       360
02:59:42 AM   1447968    614720     29.80     36400    330116    736812     28.50    500480     72372       376
02:59:43 AM   1447968    614720     29.80     36400    330136    736812     28.50    500484     72368       396
02:59:44 AM   1447968    614720     29.80     36400    330156    736812     28.50    500500     72372         4
02:59:45 AM   1447744    614944     29.81     36400    330176    736812     28.50    500584     72368        60
02:59:46 AM   1447824    614864     29.81     36400    330192    736812     28.50    500564     72368        80
02:59:47 AM   1447844    614844     29.81     36408    330216    736812     28.50    500616     72372       140
02:59:48 AM   1447812    614876     29.81     36408    330232    736812     28.50    500640     72368       156
02:59:49 AM   1447812    614876     29.81     36408    330248    736812     28.50    500616     72368       172
02:59:50 AM   1447684    615004     29.82     36408    330268    736812     28.50    500648     72372       196
02:59:51 AM   1447820    614868     29.81     36408    330292    736812     28.50    500664     72376       220
02:59:52 AM   1447804    614884     29.81     36416    330312    736812     28.50    500724     72376       240
02:59:53 AM   1447812    614876     29.81     36416    330336    736812     28.50    500704     72376       264
02:59:54 AM   1447720    614968     29.81     36416    330376    736812     28.50    500700     72380       304
02:59:55 AM   1447688    615000     29.82     36416    330396    736812     28.50    500764     72372       324
02:59:56 AM   1447688    615000     29.82     36416    330420    736812     28.50    500792     72372       348
02:59:57 AM   1447720    614968     29.81     36424    330448    736812     28.50    500864     72372       376
02:59:58 AM   1447596    615092     29.82     36424    330476    736812     28.50    500880     72376       404
02:59:59 AM   1447596    615092     29.82     36424    330500    736812     28.50    500912     72372       428
03:00:00 AM   1447472    615216     29.83     36424    330520    736812     28.50    500912     72372       448
03:00:01 AM   1447472    615216     29.83     36424    330544    736812     28.50    500992     72372       472
03:00:02 AM   1447472    615216     29.83     36432    330572    736812     28.50    500956     72372       500
03:00:03 AM   1447472    615216     29.83     36432    330596    736812     28.50    501032     72372       524
03:00:04 AM   1447348    615340     29.83     36432    330628    736812     28.50    501068     72376       556
03:00:05 AM   1447348    615340     29.83     36432    330648    736812     28.50    501088     72376       576
03:00:06 AM   1447348    615340     29.83     36432    330676    736812     28.50    501104     72372       604
03:00:07 AM   1447348    615340     29.83     36440    330696    736812     28.50    501140     72372       628
03:00:08 AM   1447348    615340     29.83     36440    330720    736812     28.50    501132     72372       652
03:00:09 AM   1447348    615340     29.83     36440    330736    736812     28.50    501192     72372       668
03:00:10 AM   1447064    615624     29.85     36440    330768    736812     28.50    501228     72372       700
03:00:11 AM   1447224    615464     29.84     36440    330808    736812     28.50    501248     72384       740
03:00:12 AM   1447192    615496     29.84     36448    330824    736812     28.50    501276     72372       764
03:00:13 AM   1447224    615464     29.84     36448    330860    736812     28.50    501324     72372       792
03:00:14 AM   1447068    615620     29.85     36448    330888    736812     28.50    501356     72372       820
03:00:15 AM   1446944    615744     29.85     36448    330908    736812     28.50    501348     72372       812
03:00:16 AM   1447068    615620     29.85     36448    330932    736812     28.50    501380     72372       852
03:00:17 AM   1447056    615632     29.85     36456    330944    736812     28.50    501420     72372       872
03:00:18 AM   1446968    615720     29.85     36456    330984    736812     28.50    501548     72376       904
03:00:19 AM   1446968    615720     29.85     36456    331004    736812     28.50    501580     72372        64
03:00:20 AM   1446684    616004     29.86     36456    331032    736812     28.50    501576     72372        52
03:00:21 AM   1446720    615968     29.86     36456    331044    736812     28.50    501576     72372        76
03:00:22 AM   1446720    615968     29.86     36464    331064    736812     28.50    501616     72372       104
03:00:23 AM   1446720    615968     29.86     36464    331092    736812     28.50    501672     72372       156
03:00:24 AM   1446596    616092     29.87     36464    331120    736812     28.50    501660     72376       184
03:00:25 AM   1446464    616224     29.87     36464    331144    736812     28.50    501844     72368       212
03:00:26 AM   1446464    616224     29.87     36464    331172    736812     28.50    501864     72368       240
03:00:27 AM   1446448    616240     29.88     36472    331200    736812     28.50    501872     72372       276
03:00:28 AM   1446472    616216     29.87     36472    331232    736812     28.50    501796     72368       304
03:00:29 AM   1446464    616224     29.87     36472    331252    736812     28.50    501816     72368       324
03:00:30 AM   1446472    616216     29.87     36472    331276    736812     28.50    501836     72368       348
03:00:31 AM   1446312    616376     29.88     36472    331296    736812     28.50    502016     72368       368
03:00:32 AM   1446252    616436     29.89     36480    331320    736812     28.50    502256     72372       400
03:00:33 AM   1446304    616384     29.88     36480    331344    736812     28.50    502100     72372       416
03:00:34 AM   1446320    616368     29.88     36480    331376    736812     28.50    502028     72376       448
03:00:35 AM   1446344    616344     29.88     36480    331400    736812     28.50    501992     72372       472
03:00:36 AM   1446276    616412     29.88     36480    331428    736812     28.50    501988     72376       500
03:00:37 AM   1446328    616360     29.88     36488    331436    736812     28.50    502084     72372       516
03:00:38 AM   1446172    616516     29.89     36488    331476    736812     28.50    502136     72372       548
03:00:39 AM   1446040    616648     29.90     36488    331504    736812     28.50    502172     72372       576
03:00:40 AM   1446024    616664     29.90     36488    331528    736812     28.50    502192     72372       600
03:00:41 AM   1446032    616656     29.90     36488    331556    736812     28.50    502156     72376       628
03:00:42 AM   1446196    616492     29.89     36496    331576    736812     28.50    502176     72372       656
03:00:43 AM   1446040    616648     29.90     36496    331616    736812     28.50    502232     72384       688
03:00:44 AM   1446024    616664     29.90     36496    331652    736812     28.50    502232     72372       724
03:00:45 AM   1446072    616616     29.89     36496    331676    736812     28.50    502324     72372       748
03:00:46 AM   1445872    616816     29.90     36496    331700    736812     28.50    502328     72372       772
03:00:47 AM   1445920    616768     29.90     36504    331720    736812     28.50    502260     72372       800
03:00:48 AM   1445972    616716     29.90     36504    331752    736812     28.50    502300     72372       824
03:00:49 AM   1445940    616748     29.90     36512    331764    736812     28.50    502316     72372       844
03:00:50 AM   1445972    616716     29.90     36512    331796    736812     28.50    502344     72372       844
03:00:51 AM   1445972    616716     29.90     36512    331816    736812     28.50    502376     72372       876
03:00:52 AM   1445816    616872     29.91     36520    331832    736812     28.50    502392     72372       900
03:00:53 AM   1446064    616624     29.89     36520    331864    736812     28.50    502320     72380       936
03:00:54 AM   1446120    616568     29.89     36532    331884    736812     28.50    502276     72376        68
Average:      1447749    614939     29.81     36402    330256    736812     28.50    500641     72373       439
