Linux 4.4.0-31-generic (ids-suricata) 	12/10/2017 	_i686_	(1 CPU)

03:05:56 AM kbmemfree kbmemused  %memused kbbuffers  kbcached  kbcommit   %commit  kbactive   kbinact   kbdirty
03:05:57 AM    136736   1925952     93.37     83652    939744    746764     28.89   1064460    797376       260
03:05:58 AM    136580   1926108     93.38     83656    939764    746764     28.89   1064524    797356       336
03:05:59 AM    136612   1926076     93.38     83668    939804    746764     28.89   1064580    797352       280
03:06:00 AM    136704   1925984     93.37     83668    939832    746764     28.89   1064608    797352       260
03:06:01 AM    136480   1926208     93.38     83668    939856    746764     28.89   1064720    797352       284
03:06:02 AM    136348   1926340     93.39     83668    939880    746764     28.89   1064748    797352       308
03:06:03 AM    136364   1926324     93.39     83668    939908    746764     28.89   1064768    797352       336
03:06:04 AM    131360   1931328     93.63     83668    939980    760032     29.40   1067996    797352       440
03:06:05 AM    130884   1931804     93.65     83668    939968    760032     29.40   1068056    797356       436
03:06:06 AM    130864   1931824     93.66     83668    939996    760032     29.40   1068004    797356       464
03:06:07 AM    130864   1931824     93.66     83668    940024    760032     29.40   1068040    797356       492
03:06:08 AM    130772   1931916     93.66     83672    940044    760032     29.40   1068068    797356       516
03:06:09 AM    130740   1931948     93.66     83672    940076    760032     29.40   1068104    797356       564
03:06:10 AM    130772   1931916     93.66     83672    940100    760032     29.40   1068124    797356       564
03:06:11 AM    130740   1931948     93.66     83672    940132    760032     29.40   1068152    797360       596
03:06:12 AM    130624   1932064     93.67     83672    940176    760032     29.40   1068284    797364       640
03:06:13 AM    130516   1932172     93.67     83672    940204    760032     29.40   1068324    797356       672
03:06:14 AM    130492   1932196     93.67     83676    940244    760032     29.40   1068312    797356       720
03:06:15 AM    130524   1932164     93.67     83676    940280    760032     29.40   1068344    797356       756
03:06:16 AM    130492   1932196     93.67     83676    940320    760032     29.40   1068380    797360       796
03:06:17 AM    130368   1932320     93.68     83676    940364    760032     29.40   1068432    797356       840
03:06:18 AM    130400   1932288     93.68     83676    940400    760032     29.40   1068456    797360       876
03:06:19 AM    130400   1932288     93.68     83680    940440    760032     29.40   1068536    797352       916
03:06:20 AM    130276   1932412     93.68     83680    940544    760032     29.40   1068616    797356      1020
03:06:21 AM    130244   1932444     93.69     83680    940596    760032     29.40   1068688    797356      1072
03:06:22 AM    130152   1932536     93.69     83680    940644    760032     29.40   1068740    797356      1120
03:06:23 AM    130152   1932536     93.69     83680    940696    760032     29.40   1068804    797356      1172
03:06:24 AM    129996   1932692     93.70     83680    940696    760032     29.40   1068844    797348       512
03:06:25 AM    129904   1932784     93.70     83680    940796    760032     29.40   1068960    797348       628
03:06:26 AM    129904   1932784     93.70     83680    940876    760032     29.40   1069036    797352       708
03:06:27 AM    129780   1932908     93.71     83680    940940    760032     29.40   1069148    797344       772
03:06:28 AM    129624   1933064     93.72     83680    940996    760032     29.40   1069248    797348       828
03:06:29 AM    129656   1933032     93.71     83684    941064    760032     29.40   1069296    797344       360
03:06:30 AM    129368   1933320     93.73     83684    941116    760032     29.40   1069476    797344       468
03:06:31 AM    129272   1933416     93.73     83684    941172    760032     29.40   1069540    797344       528
03:06:32 AM    129112   1933576     93.74     83684    941220    760032     29.40   1069616    797344       576
03:06:33 AM    129152   1933536     93.74     83684    941276    760032     29.40   1069728    797344       632
03:06:34 AM    128996   1933692     93.75     83688    941320    760032     29.40   1069788    797344       576
03:06:35 AM    128904   1933784     93.75     83688    941356    760032     29.40   1069888    797344       628
03:06:36 AM    128856   1933832     93.75     83688    941436    760032     29.40   1070244    797344       708
03:06:37 AM    128904   1933784     93.75     83688    941492    760032     29.40   1069984    797348       764
03:06:38 AM    128904   1933784     93.75     83688    941532    760032     29.40   1070044    797352       804
03:06:39 AM    128780   1933908     93.76     83696    941572    760032     29.40   1070128    797344       852
03:06:40 AM    128632   1934056     93.76     83696    941620    760032     29.40   1070132    797344       892
03:06:41 AM    128664   1934024     93.76     83696    941676    760032     29.40   1070220    797344       948
03:06:42 AM    128664   1934024     93.76     83696    941672    760032     29.40   1070284    797348       944
03:06:43 AM    128540   1934148     93.77     83696    941760    760032     29.40   1070364    797344      1032
03:06:44 AM    128416   1934272     93.77     83700    941816    760032     29.40   1070416    797344      1040
03:06:45 AM    128416   1934272     93.77     83700    941852    760032     29.40   1070500    797352      1104
03:06:46 AM    128260   1934428     93.78     83700    941896    760032     29.40   1070576    797340      1148
03:06:47 AM    128280   1934408     93.78     83700    941936    760032     29.40   1070708    797340      1188
03:06:48 AM    128152   1934536     93.79     83700    941976    760032     29.40   1070740    797340      1232
03:06:49 AM    128036   1934652     93.79     83700    942012    760032     29.40   1070828    797344      1268
03:06:50 AM    128036   1934652     93.79     83700    942064    760032     29.40   1070908    797340      1332
03:06:51 AM    127896   1934792     93.80     83700    942048    760032     29.40   1070932    797340      1316
03:06:52 AM    127912   1934776     93.80     83700    942076    760032     29.40   1070968    797340      1344
03:06:53 AM    127904   1934784     93.80     83700    942148    760032     29.40   1071184    797340      1416
03:06:54 AM    127912   1934776     93.80     83704    942144    760032     29.40   1071020    797340       480
03:06:55 AM    127756   1934932     93.81     83704    942188    760032     29.40   1071096    797348       488
03:06:56 AM    127756   1934932     93.81     83704    942220    760032     29.40   1071124    797340       520
03:06:57 AM    127672   1935016     93.81     83704    942320    760032     29.40   1071152    797340       620
03:06:58 AM    127672   1935016     93.81     83704    942308    760032     29.40   1071156    797340       608
03:06:59 AM    127672   1935016     93.81     83708    942388    760032     29.40   1071256    797340       640
03:07:00 AM    127672   1935016     93.81     83708    942372    760032     29.40   1071224    797340       708
03:07:01 AM    127672   1935016     93.81     83708    942396    760032     29.40   1071248    797340       696
03:07:02 AM    127640   1935048     93.81     83708    942424    760032     29.40   1071312    797340       724
03:07:03 AM    127548   1935140     93.82     83708    942456    760032     29.40   1071312    797340       756
03:07:04 AM    127548   1935140     93.82     83712    942472    760032     29.40   1071372    797340       256
03:07:05 AM    127548   1935140     93.82     83712    942492    760032     29.40   1071364    797340       280
03:07:06 AM    127548   1935140     93.82     83712    942516    760032     29.40   1071388    797340       312
03:07:07 AM    127548   1935140     93.82     83712    942536    760032     29.40   1071404    797344       332
03:07:08 AM    127392   1935296     93.82     83712    942552    760032     29.40   1071424    797340       348
03:07:09 AM    127392   1935296     93.82     83712    942636    760032     29.40   1071524    797344       432
03:07:10 AM    127300   1935388     93.83     83712    942624    760032     29.40   1071524    797336       420
03:07:11 AM    127300   1935388     93.83     83712    942644    760032     29.40   1071580    797336       440
03:07:12 AM    127300   1935388     93.83     83712    942664    760032     29.40   1071568    797336       460
03:07:13 AM    127236   1935452     93.83     83712    942680    760032     29.40   1071604    797336       476
03:07:14 AM    127300   1935388     93.83     83716    942696    760032     29.40   1071628    797336       496
03:07:15 AM    127300   1935388     93.83     83716    942720    760032     29.40   1071664    797332       480
03:07:16 AM    127176   1935512     93.83     83716    942800    760032     29.40   1071696    797332       560
03:07:17 AM    127144   1935544     93.84     83716    942848    760032     29.40   1071736    797344       608
03:07:18 AM    127136   1935552     93.84     83716    942840    760032     29.40   1071748    797332       600
03:07:19 AM    127012   1935676     93.84     83716    942924    760032     29.40   1071920    797332       632
03:07:20 AM    126920   1935768     93.85     83720    942972    760032     29.40   1071976    797336       724
03:07:21 AM    126888   1935800     93.85     83720    943020    760032     29.40   1072024    797336       772
03:07:22 AM    126796   1935892     93.85     83720    943012    760032     29.40   1072004    797332       764
03:07:23 AM    126732   1935956     93.86     83720    943096    760032     29.40   1072080    797332       848
03:07:24 AM    126796   1935892     93.85     83720    943148    760032     29.40   1072156    797332       432
03:07:25 AM    126640   1936048     93.86     83720    943148    760032     29.40   1072204    797340       432
03:07:26 AM    126664   1936024     93.86     83720    943224    760032     29.40   1072236    797328       508
03:07:27 AM    126640   1936048     93.86     83720    943280    760032     29.40   1072292    797328       564
03:07:28 AM    126548   1936140     93.86     83720    943336    760032     29.40   1072388    797332       620
03:07:29 AM    126680   1936008     93.86     83720    943380    760032     29.40   1072328    797328       664
03:07:30 AM    126524   1936164     93.87     83724    943424    760032     29.40   1072368    797328       708
03:07:31 AM    126432   1936256     93.87     83724    943476    760032     29.40   1072432    797328       760
03:07:32 AM    126560   1936128     93.86     83724    943520    760032     29.40   1072528    797324       804
03:07:33 AM    126436   1936252     93.87     83724    943592    760032     29.40   1072532    797324       876
03:07:34 AM    126436   1936252     93.87     83724    943596    760032     29.40   1072576    797332       828
03:07:35 AM    126312   1936376     93.88     83724    943680    760032     29.40   1072644    797324       908
03:07:36 AM    126312   1936376     93.88     83724    943740    760032     29.40   1072712    797320       988
03:07:37 AM    126188   1936500     93.88     83724    943784    760032     29.40   1072760    797320      1032
03:07:38 AM    126064   1936624     93.89     83724    943828    760032     29.40   1072788    797320      1076
03:07:39 AM    126188   1936500     93.88     83724    943848    760032     29.40   1072852    797320       628
03:07:40 AM    126032   1936656     93.89     83728    943980    760032     29.40   1072960    797320       716
03:07:41 AM    126064   1936624     93.89     83728    943972    760032     29.40   1072984    797320       712
03:07:42 AM    125940   1936748     93.89     83728    944056    760032     29.40   1073092    797320       796
03:07:43 AM    125940   1936748     93.89     83728    944128    760032     29.40   1073064    797320       868
03:07:44 AM    125924   1936764     93.90     83728    944164    760032     29.40   1073132    797324       904
03:07:45 AM    125776   1936912     93.90     83732    944208    760032     29.40   1073432    797320       952
03:07:46 AM    125768   1936920     93.90     83732    944260    760032     29.40   1073296    797324      1000
03:07:47 AM    125784   1936904     93.90     83732    944304    760032     29.40   1073272    797320      1044
03:07:48 AM    125660   1937028     93.91     83732    944352    760032     29.40   1073324    797320      1092
03:07:49 AM    125692   1936996     93.91     83732    944352    760032     29.40   1073340    797324      1092
03:07:50 AM    125684   1937004     93.91     83740    944420    760032     29.40   1073416    797324      1128
03:07:51 AM    125520   1937168     93.91     83740    944452    760032     29.40   1073596    797324      1160
03:07:52 AM    125560   1937128     93.91     83740    944528    760032     29.40   1073588    797320      1236
03:07:53 AM    125436   1937252     93.92     83740    944604    760032     29.40   1073628    797320      1312
03:07:54 AM    125312   1937376     93.92     83740    944648    760032     29.40   1073664    797324      1356
03:07:55 AM    125156   1937532     93.93     83744    944704    760032     29.40   1073720    797320      1392
03:07:56 AM    125188   1937500     93.93     83744    944748    760032     29.40   1073744    797316      1444
03:07:57 AM    125064   1937624     93.94     83744    944760    760032     29.40   1073808    797316      1456
03:07:58 AM    125000   1937688     93.94     83744    944840    760032     29.40   1073844    797320      1536
03:07:59 AM    124940   1937748     93.94     83744    944904    760032     29.40   1073940    797316       404
03:08:00 AM    125064   1937624     93.94     83748    944944    760032     29.40   1073952    797316       444
03:08:01 AM    124936   1937752     93.94     83748    944988    760032     29.40   1073960    797316       492
03:08:02 AM    124908   1937780     93.94     83748    944976    760032     29.40   1074056    797328       484
03:08:03 AM    124940   1937748     93.94     83748    945004    760032     29.40   1074064    797316       512
03:08:04 AM    124692   1937996     93.95     83748    945084    760032     29.40   1074092    797320       592
03:08:05 AM    124816   1937872     93.95     83756    945120    760032     29.40   1074168    797320       636
03:08:06 AM    124692   1937996     93.95     83756    945124    760032     29.40   1074156    797324       636
03:08:07 AM    124628   1938060     93.96     83756    945148    760032     29.40   1074220    797316       660
03:08:08 AM    124692   1937996     93.95     83756    945224    760032     29.40   1074248    797316       736
03:08:09 AM    124568   1938120     93.96     83756    945276    760032     29.40   1074332    797316       736
03:08:10 AM    124480   1938208     93.97     83760    945260    760032     29.40   1074484    797316       748
03:08:11 AM    124536   1938152     93.96     83760    945332    760032     29.40   1074356    797316       820
03:08:12 AM    124444   1938244     93.97     83760    945332    760032     29.40   1074368    797316       820
03:08:13 AM    124444   1938244     93.97     83760    945352    760032     29.40   1074396    797316       840
03:08:14 AM    124444   1938244     93.97     83760    945380    760032     29.40   1074420    797316       400
03:08:15 AM    124444   1938244     93.97     83760    945408    760032     29.40   1074364    797320       380
03:08:16 AM    124804   1937884     93.95     83760    945436    760032     29.40   1074004    797320       420
Average:       127916   1934772     93.80     83710    942573    759369     29.38   1071114    797337       740
