Linux 4.4.0-31-generic (ids-suricata) 	12/10/2017 	_i686_	(1 CPU)

12:52:32 AM kbmemfree kbmemused  %memused kbbuffers  kbcached  kbcommit   %commit  kbactive   kbinact   kbdirty
12:52:33 AM    129868   1932820     93.70     85252    929076    739576     28.61   1054892    814192       540
12:52:34 AM    129572   1933116     93.72     85252    929112    739576     28.61   1054952    814176       576
12:52:35 AM    129620   1933068     93.72     85252    929144    739576     28.61   1054980    814176       608
12:52:36 AM    129572   1933116     93.72     85252    929156    739576     28.61   1054996    814172       620
12:52:37 AM    129496   1933192     93.72     85256    929184    739576     28.61   1055028    814172       652
12:52:38 AM    129588   1933100     93.72     85256    929208    739576     28.61   1055052    814172       724
12:52:39 AM    124600   1938088     93.96     85256    929244    759484     29.38   1058328    814172       760
12:52:40 AM    124228   1938460     93.98     85256    929272    759484     29.38   1058328    814184       796
12:52:41 AM    124136   1938552     93.98     85256    929300    759484     29.38   1058368    814184       824
12:52:42 AM    124104   1938584     93.98     85260    929324    759484     29.38   1058388    814188       852
12:52:43 AM    123732   1938956     94.00     85260    929356    759484     29.38   1058424    814184       896
12:52:44 AM    123888   1938800     93.99     85260    929388    759484     29.38   1058464    814184       580
12:52:45 AM    123640   1939048     94.01     85260    929420    759484     29.38   1058496    814188       564
12:52:46 AM    123608   1939080     94.01     85260    929436    759484     29.38   1058516    814184       584
12:52:47 AM    123640   1939048     94.01     85260    929472    759484     29.38   1058556    814184       620
12:52:48 AM    123640   1939048     94.01     85260    929508    759484     29.38   1058584    814188       656
12:52:49 AM    123732   1938956     94.00     85260    929540    759484     29.38   1058640    814180       404
12:52:50 AM    123608   1939080     94.01     85260    929572    759484     29.38   1058684    814180       412
12:52:51 AM    123452   1939236     94.01     85260    929620    759484     29.38   1058740    814180       460
12:52:52 AM    123516   1939172     94.01     85260    929660    759484     29.38   1058788    814180       500
12:52:53 AM    123516   1939172     94.01     85264    929704    759484     29.38   1058844    814180       572
12:52:54 AM    123484   1939204     94.01     85264    929740    759484     29.38   1058888    814180       608
12:52:55 AM    123392   1939296     94.02     85264    929784    759484     29.38   1058948    814180       628
12:52:56 AM    123328   1939360     94.02     85264    929820    759484     29.38   1058988    814180       664
12:52:57 AM    123268   1939420     94.02     85264    929936    759484     29.38   1059108    814180       780
12:52:58 AM    123076   1939612     94.03     85268    929944    759484     29.38   1059116    814176       800
12:52:59 AM    123016   1939672     94.04     85268    930004    759484     29.38   1059268    814176       860
12:53:00 AM    122800   1939888     94.05     85268    930060    759484     29.38   1059304    814176       912
12:53:01 AM    122832   1939856     94.05     85268    930112    759484     29.38   1059352    814176       964
12:53:02 AM    122612   1940076     94.06     85268    930160    759484     29.38   1059420    814180      1012
12:53:03 AM    122676   1940012     94.05     85272    930208    759484     29.38   1059516    814180      1060
12:53:04 AM    122328   1940360     94.07     85272    930256    759484     29.38   1059548    814180       672
12:53:05 AM    122424   1940264     94.06     85272    930316    759484     29.38   1059624    814176       740
12:53:06 AM    122424   1940264     94.06     85272    930360    759484     29.38   1059680    814176       744
12:53:07 AM    122396   1940292     94.07     85272    930388    759484     29.38   1059700    814176       772
12:53:08 AM    122304   1940384     94.07     85280    930488    759484     29.38   1059808    814180       876
12:53:09 AM    122208   1940480     94.08     85280    930512    759484     29.38   1059924    814188       900
12:53:10 AM    122084   1940604     94.08     85280    930548    759484     29.38   1059920    814188       916
12:53:11 AM    122044   1940644     94.08     85280    930592    759484     29.38   1060056    814188       960
12:53:12 AM    121936   1940752     94.09     85280    930688    759484     29.38   1060116    814188      1056
12:53:13 AM    121916   1940772     94.09     85288    930740    759484     29.38   1060200    814188      1116
12:53:14 AM    121908   1940780     94.09     85288    930796    759484     29.38   1060296    814192      1172
12:53:15 AM    121864   1940824     94.09     85288    930852    759484     29.38   1060344    814188      1228
12:53:16 AM    121596   1941092     94.10     85288    930852    759484     29.38   1060412    814188      1228
12:53:17 AM    121536   1941152     94.11     85288    930908    759484     29.38   1060436    814188      1284
12:53:18 AM    121472   1941216     94.11     85296    930956    759484     29.38   1060524    814188      1332
12:53:19 AM    121316   1941372     94.12     85296    931004    759484     29.38   1060576    814188       352
12:53:20 AM    121440   1941248     94.11     85296    931064    759484     29.38   1060640    814200       368
12:53:21 AM    121260   1941428     94.12     85296    931104    759484     29.38   1060620    814188       408
12:53:22 AM    121376   1941312     94.12     85296    931128    759484     29.38   1060676    814188       432
12:53:23 AM    121324   1941364     94.12     85300    931160    759484     29.38   1060720    814188       468
12:53:24 AM    121324   1941364     94.12     85300    931196    759484     29.38   1060748    814188       452
12:53:25 AM    121260   1941428     94.12     85300    931240    759484     29.38   1060784    814188       496
12:53:26 AM    121168   1941520     94.13     85300    931268    759484     29.38   1060808    814188       524
12:53:27 AM    121200   1941488     94.12     85300    931308    759484     29.38   1060896    814188       564
12:53:28 AM    121044   1941644     94.13     85300    931348    759484     29.38   1060904    814188       608
12:53:29 AM    120852   1941836     94.14     85300    931384    759484     29.38   1061012    814188       644
12:53:30 AM    121012   1941676     94.13     85300    931412    759484     29.38   1061040    814192       648
12:53:31 AM    121048   1941640     94.13     85300    931452    759484     29.38   1061064    814192       688
12:53:32 AM    120952   1941736     94.14     85300    931484    759484     29.38   1061044    814188       720
12:53:33 AM    121016   1941672     94.13     85300    931508    759484     29.38   1061128    814188       756
12:53:34 AM    120952   1941736     94.14     85300    931544    759484     29.38   1061172    814188       796
12:53:35 AM    120860   1941828     94.14     85300    931572    759484     29.38   1061168    814188       824
12:53:36 AM    120924   1941764     94.14     85300    931616    759484     29.38   1061244    814192       868
12:53:37 AM    120800   1941888     94.14     85300    931648    759484     29.38   1061244    814188       900
12:53:38 AM    120704   1941984     94.15     85304    931688    759484     29.38   1061332    814192       944
12:53:39 AM    120736   1941952     94.15     85304    931712    759484     29.38   1061360    814192        32
12:53:40 AM    120548   1942140     94.16     85304    931740    759484     29.38   1061344    814192       112
12:53:41 AM    120516   1942172     94.16     85304    931772    759484     29.38   1061384    814192       108
12:53:42 AM    120492   1942196     94.16     85304    931804    759484     29.38   1061632    814196       140
12:53:43 AM    120580   1942108     94.15     85308    931824    759484     29.38   1061420    814192       192
12:53:44 AM    120488   1942200     94.16     85308    931864    759484     29.38   1061492    814192       232
12:53:45 AM    120704   1941984     94.15     85308    931892    759484     29.38   1061512    814196       260
12:53:46 AM    120580   1942108     94.15     85308    931912    759484     29.38   1061544    814192       280
12:53:47 AM    120516   1942172     94.16     85308    931940    759484     29.38   1061568    814192       308
12:53:48 AM    120672   1942016     94.15     85308    932044    759484     29.38   1061600    814196       416
12:53:49 AM    120428   1942260     94.16     85308    932048    759484     29.38   1061664    814216       420
12:53:50 AM    120500   1942188     94.16     85308    932080    759484     29.38   1061672    814216       452
12:53:51 AM    120180   1942508     94.17     85308    932112    759484     29.38   1061712    814224       484
12:53:52 AM    120120   1942568     94.18     85308    932160    759484     29.38   1061808    814220       532
12:53:53 AM    120276   1942412     94.17     85308    932204    759484     29.38   1061852    814224       576
12:53:54 AM    120148   1942540     94.18     85308    932248    759484     29.38   1061892    814216       620
12:53:55 AM    119992   1942696     94.18     85308    932288    759484     29.38   1061932    814212       660
12:53:56 AM    120056   1942632     94.18     85308    932332    759484     29.38   1062004    814216       704
12:53:57 AM    120276   1942412     94.17     85308    932368    759484     29.38   1062048    814212       740
12:53:58 AM    120120   1942568     94.18     85308    932404    759484     29.38   1062052    814212       776
12:53:59 AM    120056   1942632     94.18     85308    932456    759484     29.38   1062120    814216       828
12:54:00 AM    119964   1942724     94.18     85308    932500    759484     29.38   1062140    814224       872
12:54:01 AM    120116   1942572     94.18     85308    932528    759484     29.38   1062196    814216       900
12:54:02 AM    119996   1942692     94.18     85308    932572    759484     29.38   1062208    814220       944
12:54:03 AM    119768   1942920     94.19     85316    932604    759484     29.38   1062272    814216       980
12:54:04 AM    119716   1942972     94.20     85316    932688    759484     29.38   1062304    814216      1064
12:54:05 AM    119624   1943064     94.20     85316    932696    759484     29.38   1062364    814216      1072
12:54:06 AM    119528   1943160     94.21     85316    932736    759484     29.38   1062376    814216      1112
12:54:07 AM    119784   1942904     94.19     85316    932768    759484     29.38   1062432    814216      1144
12:54:08 AM    119468   1943220     94.21     85320    932868    759484     29.38   1062488    814216      1244
12:54:09 AM    119468   1943220     94.21     85320    932872    759484     29.38   1062540    814220       616
12:54:10 AM    119532   1943156     94.21     85320    932916    759484     29.38   1062592    814220       596
12:54:11 AM    119408   1943280     94.21     85320    933008    759484     29.38   1062640    814216       692
12:54:12 AM    119236   1943452     94.22     85320    933008    759484     29.38   1062692    814216       692
12:54:13 AM    119212   1943476     94.22     85324    933048    759484     29.38   1062888    814216       736
12:54:14 AM    119212   1943476     94.22     85324    933092    759484     29.38   1062860    814212       144
12:54:15 AM    119220   1943468     94.22     85324    933124    759484     29.38   1062812    814212       248
12:54:16 AM    119220   1943468     94.22     85324    933172    759484     29.38   1062832    814212       252
12:54:17 AM    119032   1943656     94.23     85324    933216    759484     29.38   1062876    814212       296
12:54:18 AM    119032   1943656     94.23     85328    933256    759484     29.38   1062952    814212       392
12:54:19 AM    119160   1943528     94.22     85328    933300    759484     29.38   1062964    814212       412
12:54:20 AM    118908   1943780     94.24     85328    933340    759484     29.38   1063000    814212       452
12:54:21 AM    118940   1943748     94.23     85328    933372    759484     29.38   1063032    814216       484
12:54:22 AM    118940   1943748     94.23     85328    933416    759484     29.38   1063076    814216       528
12:54:23 AM    118972   1943716     94.23     85336    933508    759484     29.38   1063164    814212       576
12:54:24 AM    118816   1943872     94.24     85336    933564    759484     29.38   1063292    814212       676
12:54:25 AM    118976   1943712     94.23     85336    933560    759484     29.38   1063232    814216       672
12:54:26 AM    118740   1943948     94.24     85336    933608    759484     29.38   1063308    814212       720
12:54:27 AM    118788   1943900     94.24     85336    933644    759484     29.38   1063352    814212       756
12:54:28 AM    118688   1944000     94.25     85340    933692    759484     29.38   1063404    814216       808
12:54:29 AM    118848   1943840     94.24     85340    933744    759484     29.38   1063484    814220       856
12:54:30 AM    118492   1944196     94.26     85340    933788    759484     29.38   1063500    814212       900
12:54:31 AM    118660   1944028     94.25     85340    933836    759484     29.38   1063544    814216       948
12:54:32 AM    118564   1944124     94.25     85340    933876    759484     29.38   1063588    814212       988
12:54:33 AM    118600   1944088     94.25     85344    933924    759484     29.38   1063636    814216      1040
12:54:34 AM    118528   1944160     94.25     85344    933964    759484     29.38   1063680    814212      1076
12:54:35 AM    118316   1944372     94.26     85344    934004    759484     29.38   1063724    814212      1116
12:54:36 AM    118412   1944276     94.26     85344    934044    759484     29.38   1063744    814212      1156
12:54:37 AM    118352   1944336     94.26     85344    934128    759484     29.38   1063836    814212      1240
12:54:38 AM    118288   1944400     94.27     85348    934128    759484     29.38   1063824    814216      1244
12:54:39 AM    118160   1944528     94.27     85348    934176    759484     29.38   1063900    814216      1288
12:54:40 AM    118192   1944496     94.27     85348    934208    759484     29.38   1063916    814212      1320
12:54:41 AM    118164   1944524     94.27     85348    934248    759484     29.38   1063948    814216      1360
12:54:42 AM    118164   1944524     94.27     85348    934280    759484     29.38   1064016    814216      1392
12:54:43 AM    118132   1944556     94.27     85348    934308    759484     29.38   1064016    814212      1420
12:54:44 AM    118040   1944648     94.28     85348    934396    759484     29.38   1064120    814212      1508
12:54:45 AM    118016   1944672     94.28     85348    934404    759484     29.38   1064288    814216       556
12:54:46 AM    118024   1944664     94.28     85348    934440    759484     29.38   1064212    814212       608
12:54:47 AM    117976   1944712     94.28     85348    934484    759484     29.38   1064196    814212       652
12:54:48 AM    117696   1944992     94.29     85348    934508    759484     29.38   1064212    814212       676
12:54:49 AM    117920   1944768     94.28     85348    934540    759484     29.38   1064252    814212       716
12:54:50 AM    117888   1944800     94.28     85348    934564    759484     29.38   1064272    814212       136
12:54:51 AM    118016   1944672     94.28     85348    934584    759484     29.38   1064204    814212       164
12:54:52 AM    118000   1944688     94.28     85348    934616    759484     29.38   1064140    814216       200
Average:       121017   1941671     94.13     85303    931835    758631     29.35   1061211    814199       718
Linux 4.4.0-31-generic (ids-suricata) 	12/10/2017 	_i686_	(1 CPU)

04:43:07 AM kbmemfree kbmemused  %memused kbbuffers  kbcached  kbcommit   %commit  kbactive   kbinact   kbdirty
04:43:08 AM    174660   1888028     91.53     69440    921660    739076     28.59   1000100    823332       568
04:43:09 AM    174536   1888152     91.54     69440    921704    739076     28.59   1000160    823332       616
04:43:10 AM    174444   1888244     91.54     69444    921712    739076     28.59   1000176    823328       628
04:43:11 AM    174288   1888400     91.55     69444    921760    739076     28.59   1000224    823332       676
04:43:12 AM    174320   1888368     91.55     69444    921772    739076     28.59   1000236    823328       688
04:43:13 AM    174288   1888400     91.55     69460    921800    739076     28.59   1000288    823328         0
04:43:14 AM    168792   1893896     91.82     69488    921860    759616     29.39   1003576    823328       136
04:43:15 AM    168828   1893860     91.82     69496    921872    759616     29.39   1003580    823336       248
04:43:16 AM    168860   1893828     91.81     69496    921908    759616     29.39   1003612    823340       264
04:43:17 AM    168828   1893860     91.82     69496    921936    759616     29.39   1003660    823336       292
04:43:18 AM    168736   1893952     91.82     69496    921952    759616     29.39   1003668    823336       308
04:43:19 AM    168332   1894356     91.84     69496    921984    759616     29.39   1003704    823336       340
04:43:20 AM    168364   1894324     91.84     69504    922004    759616     29.39   1003736    823336       368
04:43:21 AM    168332   1894356     91.84     69504    922048    759616     29.39   1003784    823336       404
04:43:22 AM    168364   1894324     91.84     69504    922076    759616     29.39   1003804    823336       432
04:43:23 AM    168332   1894356     91.84     69504    922112    759616     29.39   1003840    823340       468
04:43:24 AM    168300   1894388     91.84     69504    922132    759616     29.39   1003880    823336       488
04:43:25 AM    168300   1894388     91.84     69508    922172    759616     29.39   1003928    823336       532
04:43:26 AM    168144   1894544     91.85     69508    922212    759616     29.39   1003976    823336       568
04:43:27 AM    168052   1894636     91.85     69508    922252    759616     29.39   1004024    823336       608
04:43:28 AM    168140   1894548     91.85     69508    922288    759616     29.39   1004088    823336       644
04:43:29 AM    168052   1894636     91.85     69508    922340    759616     29.39   1004180    823336       696
04:43:30 AM    167928   1894760     91.86     69508    922384    759616     29.39   1004188    823344       740
04:43:31 AM    167924   1894764     91.86     69508    922428    759616     29.39   1004280    823332       784
04:43:32 AM    167804   1894884     91.86     69508    922476    759616     29.39   1004328    823332       832
04:43:33 AM    167612   1895076     91.87     69508    922584    759616     29.39   1004416    823336       940
04:43:34 AM    167676   1895012     91.87     69508    922584    759616     29.39   1004444    823332       940
04:43:35 AM    167456   1895232     91.88     69512    922636    759616     29.39   1004540    823332       996
04:43:36 AM    167384   1895304     91.89     69512    922684    759616     29.39   1004560    823332      1040
04:43:37 AM    167272   1895416     91.89     69512    922740    759616     29.39   1004616    823336      1096
04:43:38 AM    167244   1895444     91.89     69512    922784    759616     29.39   1004684    823336      1140
04:43:39 AM    167244   1895444     91.89     69512    922888    759616     29.39   1004784    823336      1244
04:43:40 AM    167044   1895644     91.90     69520    922944    759616     29.39   1004872    823332      1308
04:43:41 AM    167048   1895640     91.90     69520    922948    759616     29.39   1004904    823336      1304
04:43:42 AM    166992   1895696     91.90     69520    922972    759616     29.39   1004964    823336      1328
04:43:43 AM    166840   1895848     91.91     69520    923092    759616     29.39   1005064    823336       652
04:43:44 AM    166840   1895848     91.91     69520    923080    759616     29.39   1005072    823336       672
04:43:45 AM    166788   1895900     91.91     69528    923112    759616     29.39   1005124    823336       712
04:43:46 AM    166632   1896056     91.92     69528    923160    759616     29.39   1005172    823336       752
04:43:47 AM    166672   1896016     91.92     69528    923244    759616     29.39   1005232    823340       836
04:43:48 AM    166672   1896016     91.92     69536    923332    759616     29.39   1005336    823364       264
04:43:49 AM    166600   1896088     91.92     69536    923320    759616     29.39   1005328    823352       236
04:43:50 AM    166608   1896080     91.92     69544    923356    759616     29.39   1005480    823352       332
04:43:51 AM    166396   1896292     91.93     69544    923464    759616     29.39   1005648    823352       456
04:43:52 AM    166500   1896188     91.93     69544    923468    759616     29.39   1005556    823356       460
04:43:53 AM    166468   1896220     91.93     69544    923512    759616     29.39   1005608    823352       504
04:43:54 AM    166220   1896468     91.94     69544    923556    759616     29.39   1005660    823352       548
04:43:55 AM    166172   1896516     91.94     69552    923592    759616     29.39   1005720    823356       592
04:43:56 AM    166188   1896500     91.94     69552    923632    759616     29.39   1005788    823352       624
04:43:57 AM    166252   1896436     91.94     69552    923664    759616     29.39   1005832    823352       656
04:43:58 AM    166096   1896592     91.95     69552    923708    759616     29.39   1005868    823352       700
04:43:59 AM    166084   1896604     91.95     69552    923744    759616     29.39   1005956    823352       736
04:44:00 AM    166096   1896592     91.95     69560    923828    759616     29.39   1006052    823356       776
04:44:01 AM    166128   1896560     91.95     69560    923824    759616     29.39   1006044    823352       816
04:44:02 AM    165940   1896748     91.96     69560    923852    759616     29.39   1006100    823352       844
04:44:03 AM    165908   1896780     91.96     69560    923872    759616     29.39   1006100    823352       864
04:44:04 AM    166036   1896652     91.95     69560    923916    759616     29.39   1006136    823352       908
04:44:05 AM    165784   1896904     91.96     69564    923944    759616     29.39   1006200    823360       940
04:44:06 AM    165784   1896904     91.96     69564    923976    759616     29.39   1006264    823348       968
04:44:07 AM    165848   1896840     91.96     69564    924004    759616     29.39   1006292    823352       996
04:44:08 AM    165660   1897028     91.97     69564    924028    759616     29.39   1006304    823348      1020
04:44:09 AM    165504   1897184     91.98     69564    924056    759616     29.39   1006376    823348      1048
04:44:10 AM    165632   1897056     91.97     69568    924084    759616     29.39   1006384    823352      1080
04:44:11 AM    165664   1897024     91.97     69568    924112    759616     29.39   1006424    823352      1108
04:44:12 AM    165504   1897184     91.98     69568    924148    759616     29.39   1006420    823352      1144
04:44:13 AM    165568   1897120     91.97     69568    924180    759616     29.39   1006492    823352        84
04:44:14 AM    165348   1897340     91.98     69568    924196    759616     29.39   1006544    823352        60
04:44:15 AM    165252   1897436     91.99     69576    924268    759616     29.39   1006552    823352       196
04:44:16 AM    165280   1897408     91.99     69576    924276    759616     29.39   1006596    823360       196
04:44:17 AM    165232   1897456     91.99     69576    924308    759616     29.39   1006852    823360       228
04:44:18 AM    165160   1897528     91.99     69576    924332    759616     29.39   1006664    823360       316
04:44:19 AM    165288   1897400     91.99     69576    924376    759616     29.39   1006620    823364       300
04:44:20 AM    165332   1897356     91.98     69580    924412    759616     29.39   1006648    823380       340
04:44:21 AM    165260   1897428     91.99     69580    924440    759616     29.39   1006716    823384       368
04:44:22 AM    165292   1897396     91.99     69580    924464    759616     29.39   1006740    823380       392
04:44:23 AM    165196   1897492     91.99     69580    924496    759616     29.39   1006776    823384       424
04:44:24 AM    165196   1897492     91.99     69580    924536    759616     29.39   1006816    823384       464
04:44:25 AM    165196   1897492     91.99     69584    924624    759616     29.39   1006952    823380       556
04:44:26 AM    165292   1897396     91.99     69584    924616    759616     29.39   1006960    823380       548
04:44:27 AM    165104   1897584     92.00     69584    924660    759616     29.39   1006996    823380       592
04:44:28 AM    165200   1897488     91.99     69584    924704    759616     29.39   1007084    823384       636
04:44:29 AM    164948   1897740     92.00     69584    924800    759616     29.39   1007128    823380       732
04:44:30 AM    164824   1897864     92.01     69588    924836    759616     29.39   1007172    823380       772
04:44:31 AM    164860   1897828     92.01     69588    924840    759616     29.39   1007192    823380       772
04:44:32 AM    164920   1897768     92.00     69588    924932    759616     29.39   1007276    823380       864
04:44:33 AM    164760   1897928     92.01     69588    924984    759616     29.39   1007312    823380       916
04:44:34 AM    164524   1898164     92.02     69588    924968    759616     29.39   1007336    823380       900
04:44:35 AM    164632   1898056     92.02     69588    925064    759616     29.39   1007416    823380       996
04:44:36 AM    164480   1898208     92.03     69588    925112    759616     29.39   1007464    823384      1044
04:44:37 AM    164360   1898328     92.03     69588    925172    759616     29.39   1007484    823384      1104
04:44:38 AM    164328   1898360     92.03     69588    925244    759616     29.39   1007588    823400         0
04:44:39 AM    164488   1898200     92.03     69588    925292    759616     29.39   1007604    823396       108
04:44:40 AM    164448   1898240     92.03     69596    925328    759616     29.39   1007648    823404       128
04:44:41 AM    164264   1898424     92.04     69596    925332    759616     29.39   1007728    823400       240
04:44:42 AM    164172   1898516     92.04     69596    925376    759616     29.39   1007752    823400       284
04:44:43 AM    164108   1898580     92.04     69596    925412    759616     29.39   1007752    823400       320
04:44:44 AM    163980   1898708     92.05     69596    925516    759616     29.39   1007804    823408       424
04:44:45 AM    164168   1898520     92.04     69604    925528    759616     29.39   1007980    823436       444
04:44:46 AM    164080   1898608     92.05     69604    925572    759616     29.39   1007924    823440       480
04:44:47 AM    164176   1898512     92.04     69604    925676    759616     29.39   1007972    823436       584
04:44:48 AM    164084   1898604     92.05     69604    925732    759616     29.39   1008040    823436       640
04:44:49 AM    164016   1898672     92.05     69604    925768    759616     29.39   1008096    823436       676
04:44:50 AM    163864   1898824     92.06     69604    925816    759616     29.39   1008132    823436       724
04:44:51 AM    163960   1898728     92.05     69608    925808    759616     29.39   1008148    823436       716
04:44:52 AM    163772   1898916     92.06     69608    925844    759616     29.39   1008216    823436       752
04:44:53 AM    163676   1899012     92.06     69608    925876    759616     29.39   1008220    823436       784
04:44:54 AM    163608   1899080     92.07     69608    925972    759616     29.39   1008384    823440       880
04:44:55 AM    163704   1898984     92.06     69608    926016    759616     29.39   1008408    823440       924
04:44:56 AM    163492   1899196     92.07     69616    926080    759616     29.39   1008452    823440       988
04:44:57 AM    163484   1899204     92.07     69616    926068    759616     29.39   1008584    823444       976
04:44:58 AM    163136   1899552     92.09     69616    926112    759616     29.39   1008636    823436      1020
04:44:59 AM    163360   1899328     92.08     69616    926216    759616     29.39   1008696    823436      1124
04:45:00 AM    163236   1899452     92.09     69616    926208    759616     29.39   1008748    823444      1116
04:45:01 AM    163236   1899452     92.09     69624    926316    759616     29.39   1008784    823436      1224
04:45:02 AM    162892   1899796     92.10     69624    926332    759616     29.39   1008876    823448      1248
04:45:03 AM    162956   1899732     92.10     69624    926372    759616     29.39   1008872    823448         4
04:45:04 AM    163084   1899604     92.09     69624    926404    759616     29.39   1008784    823448        92
04:45:05 AM    163064   1899624     92.09     69624    926448    759616     29.39   1008868    823448       100
04:45:06 AM    163152   1899536     92.09     69632    926500    759616     29.39   1008908    823452       236
04:45:07 AM    162968   1899720     92.10     69632    926536    759616     29.39   1008960    823448       272
04:45:08 AM    162956   1899732     92.10     69632    926576    759616     29.39   1008964    823448       376
04:45:09 AM    162936   1899752     92.10     69632    926616    759616     29.39   1009056    823444       356
04:45:10 AM    162588   1900100     92.12     69632    926668    759616     29.39   1009136    823452       408
04:45:11 AM    162796   1899892     92.11     69632    926704    759616     29.39   1009128    823444       448
04:45:12 AM    162848   1899840     92.11     69632    926752    759616     29.39   1009348    823448       496
04:45:13 AM    162872   1899816     92.10     69632    926848    759616     29.39   1009316    823444       592
04:45:14 AM    162936   1899752     92.10     69632    926828    759616     29.39   1009216    823444       572
04:45:15 AM    162716   1899972     92.11     69640    926856    759616     29.39   1009260    823444       608
04:45:16 AM    162592   1900096     92.12     69640    926912    759616     29.39   1009316    823448       656
04:45:17 AM    162468   1900220     92.12     69640    926952    759616     29.39   1009360    823444       696
04:45:18 AM    162404   1900284     92.13     69640    926988    759616     29.39   1009388    823444       732
04:45:19 AM    162372   1900316     92.13     69640    927028    759616     29.39   1009440    823444       772
04:45:20 AM    162492   1900196     92.12     69640    927108    759616     29.39   1009520    823444       852
04:45:21 AM    162472   1900216     92.12     69644    927100    759616     29.39   1009524    823452       844
04:45:22 AM    162316   1900372     92.13     69644    927132    759616     29.39   1009544    823448       876
04:45:23 AM    162472   1900216     92.12     69644    927200    759616     29.39   1009552    823448       944
04:45:24 AM    162400   1900288     92.13     69644    927228    759616     29.39   1009616    823472       972
04:45:25 AM    162412   1900276     92.13     69644    927260    759616     29.39   1009652    823472      1004
04:45:26 AM    162412   1900276     92.13     69644    927284    759616     29.39   1009584    823472      1028
04:45:27 AM    162920   1899768     92.10     69644    927352    759616     29.39   1009252    823472      1096
Average:       165666   1897022     91.97     69568    924428    758736     29.35   1006470    823382       654
