Linux 4.4.0-31-generic (ids-suricata) 	12/10/2017 	_i686_	(1 CPU)

01:22:45 AM  CPU    %usr   %nice    %sys %iowait    %irq   %soft  %steal  %guest  %gnice   %idle
01:22:46 AM  all    2.00    0.00    8.00    0.00    0.00    0.00    0.00    0.00    0.00   90.00
01:22:47 AM  all    2.04    0.00    2.04    6.12    0.00    0.00    0.00    0.00    0.00   89.80
01:22:48 AM  all    0.99    0.00    3.96    0.00    0.00    0.00    0.99    0.00    0.00   94.06
01:22:49 AM  all    2.04    0.00    2.04    0.00    0.00    0.00    0.00    0.00    0.00   95.92
01:22:50 AM  all    1.00    0.00    2.00    0.00    0.00    0.00    1.00    0.00    0.00   96.00
01:22:51 AM  all    1.98    0.00    2.97    0.00    0.00    0.00    0.00    0.00    0.00   95.05
01:22:52 AM  all    6.19    0.00    6.19    4.12    0.00    1.03    0.00    0.00    0.00   82.47
01:22:53 AM  all    1.00    0.00    1.00    0.00    0.00    0.00    0.00    0.00    0.00   98.00
01:22:54 AM  all    0.00    0.00    1.01    0.00    0.00    0.00    0.00    0.00    0.00   98.99
01:22:55 AM  all    0.00    0.00    2.02    0.00    0.00    0.00    0.00    0.00    0.00   97.98
01:22:56 AM  all    1.01    0.00    2.02    0.00    0.00    0.00    0.00    0.00    0.00   96.97
01:22:57 AM  all    0.99    0.00    3.96    3.96    0.00    0.00    0.99    0.00    0.00   90.10
01:22:58 AM  all    1.01    0.00    3.03    0.00    0.00    0.00    0.00    0.00    0.00   95.96
01:22:59 AM  all    3.96    0.00    1.98    0.00    0.00    0.00    0.00    0.00    0.00   94.06
01:23:00 AM  all    1.00    0.00    2.00    0.00    0.00    0.00    1.00    0.00    0.00   96.00
01:23:01 AM  all    1.00    0.00    3.00    0.00    0.00    0.00    0.00    0.00    0.00   96.00
01:23:02 AM  all    6.25    0.00    2.08    2.08    0.00    3.12    0.00    0.00    0.00   86.46
01:23:03 AM  all   45.74    0.00    3.19    0.00    0.00   35.11    2.13    0.00    0.00   13.83
01:23:04 AM  all   51.00    0.00    2.00    0.00    0.00   43.00    4.00    0.00    0.00    0.00
01:23:05 AM  all   50.00    0.00    2.00    0.00    0.00   44.00    4.00    0.00    0.00    0.00
01:23:06 AM  all   50.00    0.00    2.00    0.00    0.00   47.00    1.00    0.00    0.00    0.00
01:23:07 AM  all   44.00    0.00    1.00    0.00    0.00   50.00    3.00    0.00    0.00    2.00
01:23:08 AM  all   50.00    0.00    1.02    0.00    0.00   45.92    1.02    0.00    0.00    2.04
01:23:09 AM  all   44.00    0.00    1.00    0.00    0.00   54.00    1.00    0.00    0.00    0.00
01:23:10 AM  all   47.00    0.00    1.00    0.00    0.00   51.00    1.00    0.00    0.00    0.00
01:23:11 AM  all   50.51    0.00    2.02    0.00    0.00   46.46    1.01    0.00    0.00    0.00
01:23:12 AM  all   51.49    0.00    1.98    0.00    0.00   44.55    1.98    0.00    0.00    0.00
01:23:13 AM  all   39.39    0.00    2.02    0.00    0.00   55.56    3.03    0.00    0.00    0.00
01:23:14 AM  all   42.00    0.00    2.00    0.00    0.00   55.00    1.00    0.00    0.00    0.00
01:23:15 AM  all   37.00    0.00    3.00    0.00    0.00   58.00    2.00    0.00    0.00    0.00
01:23:16 AM  all   37.62    0.00    2.97    0.00    0.00   57.43    1.98    0.00    0.00    0.00
01:23:17 AM  all   43.43    0.00    2.02    0.00    0.00   54.55    0.00    0.00    0.00    0.00
01:23:18 AM  all   40.00    0.00    2.00    0.00    0.00   56.00    2.00    0.00    0.00    0.00
01:23:19 AM  all   38.61    0.00    0.99    0.00    0.00   58.42    1.98    0.00    0.00    0.00
01:23:20 AM  all   44.90    0.00    1.02    0.00    0.00   54.08    0.00    0.00    0.00    0.00
01:23:21 AM  all   51.49    0.00    1.98    0.00    0.00   45.54    0.99    0.00    0.00    0.00
01:23:22 AM  all   45.00    0.00    3.00    0.00    0.00   50.00    2.00    0.00    0.00    0.00
01:23:23 AM  all   43.00    0.00    0.00    0.00    0.00   55.00    2.00    0.00    0.00    0.00
01:23:24 AM  all   46.00    0.00    1.00    0.00    0.00   53.00    0.00    0.00    0.00    0.00
01:23:25 AM  all   47.06    0.00    1.96    0.00    0.00   50.00    0.98    0.00    0.00    0.00
01:23:26 AM  all   50.00    0.00    0.00    0.00    0.00   50.00    0.00    0.00    0.00    0.00
01:23:27 AM  all   39.60    0.00    2.97    0.00    0.00   55.45    1.98    0.00    0.00    0.00
01:23:28 AM  all   49.49    0.00    2.02    0.00    0.00   47.47    1.01    0.00    0.00    0.00
01:23:29 AM  all   37.00    0.00    1.00    0.00    0.00   61.00    1.00    0.00    0.00    0.00
01:23:30 AM  all   39.60    0.00    2.97    0.00    0.00   55.45    1.98    0.00    0.00    0.00
01:23:31 AM  all   48.00    0.00    1.00    0.00    0.00   50.00    1.00    0.00    0.00    0.00
01:23:32 AM  all   39.00    0.00    2.00    0.00    0.00   59.00    0.00    0.00    0.00    0.00
01:23:33 AM  all   40.00    0.00    3.00    0.00    0.00   56.00    1.00    0.00    0.00    0.00
01:23:34 AM  all   47.00    0.00    2.00    0.00    0.00   51.00    0.00    0.00    0.00    0.00
01:23:35 AM  all   43.00    0.00    1.00    0.00    0.00   55.00    1.00    0.00    0.00    0.00
01:23:36 AM  all   39.00    0.00    1.00    0.00    0.00   59.00    1.00    0.00    0.00    0.00
01:23:37 AM  all   43.43    0.00    0.00    0.00    0.00   55.56    1.01    0.00    0.00    0.00
01:23:38 AM  all   45.00    0.00    3.00    0.00    0.00   51.00    1.00    0.00    0.00    0.00
01:23:39 AM  all   44.55    0.00    0.99    0.00    0.00   52.48    1.98    0.00    0.00    0.00
01:23:40 AM  all   44.00    0.00    2.00    0.00    0.00   53.00    1.00    0.00    0.00    0.00
01:23:41 AM  all   40.40    0.00    1.01    0.00    0.00   56.57    2.02    0.00    0.00    0.00
01:23:42 AM  all   42.00    0.00    2.00    0.00    0.00   55.00    1.00    0.00    0.00    0.00
01:23:43 AM  all   39.60    0.00    1.98    0.00    0.00   56.44    1.98    0.00    0.00    0.00
01:23:44 AM  all   40.40    0.00    2.02    0.00    0.00   55.56    2.02    0.00    0.00    0.00
01:23:45 AM  all   43.56    0.00    1.98    0.00    0.00   53.47    0.99    0.00    0.00    0.00
01:23:46 AM  all   42.00    0.00    2.00    0.00    0.00   55.00    1.00    0.00    0.00    0.00
01:23:47 AM  all   41.00    0.00    1.00    0.00    0.00   56.00    2.00    0.00    0.00    0.00
01:23:48 AM  all   41.00    0.00    2.00    0.00    0.00   53.00    4.00    0.00    0.00    0.00
01:23:49 AM  all   41.00    0.00    3.00    0.00    0.00   55.00    1.00    0.00    0.00    0.00
01:23:50 AM  all   41.00    0.00    2.00    0.00    0.00   56.00    1.00    0.00    0.00    0.00
01:23:51 AM  all   37.00    0.00    1.00    0.00    0.00   60.00    2.00    0.00    0.00    0.00
01:23:52 AM  all   45.45    0.00    1.01    0.00    0.00   53.54    0.00    0.00    0.00    0.00
01:23:53 AM  all   37.62    0.00    2.97    0.00    0.00   58.42    0.99    0.00    0.00    0.00
01:23:54 AM  all   41.00    0.00    1.00    0.00    0.00   57.00    1.00    0.00    0.00    0.00
01:23:55 AM  all   44.00    0.00    1.00    0.00    0.00   55.00    0.00    0.00    0.00    0.00
01:23:56 AM  all   39.39    0.00    3.03    0.00    0.00   56.57    1.01    0.00    0.00    0.00
01:23:57 AM  all   36.00    0.00    2.00    0.00    0.00   61.00    1.00    0.00    0.00    0.00
01:23:58 AM  all   44.12    0.00    1.96    0.00    0.00   52.94    0.98    0.00    0.00    0.00
01:23:59 AM  all   43.00    0.00    3.00    0.00    0.00   53.00    1.00    0.00    0.00    0.00
01:24:00 AM  all   41.00    0.00    3.00    0.00    0.00   54.00    2.00    0.00    0.00    0.00
01:24:01 AM  all   41.41    0.00    4.04    0.00    0.00   53.54    1.01    0.00    0.00    0.00
01:24:02 AM  all   43.00    0.00    3.00    0.00    0.00   52.00    2.00    0.00    0.00    0.00
01:24:03 AM  all   43.00    0.00    2.00    0.00    0.00   52.00    3.00    0.00    0.00    0.00
01:24:04 AM  all   46.00    0.00    0.00    0.00    0.00   51.00    3.00    0.00    0.00    0.00
01:24:05 AM  all   39.60    0.00    1.98    0.00    0.00   57.43    0.99    0.00    0.00    0.00
01:24:06 AM  all   38.38    0.00    2.02    0.00    0.00   59.60    0.00    0.00    0.00    0.00
01:24:07 AM  all   48.00    0.00    1.00    0.00    0.00   50.00    1.00    0.00    0.00    0.00
01:24:08 AM  all   45.54    0.00    1.98    0.00    0.00   51.49    0.99    0.00    0.00    0.00
01:24:09 AM  all   41.41    0.00    2.02    0.00    0.00   53.54    3.03    0.00    0.00    0.00
01:24:10 AM  all   42.57    0.00    1.98    0.00    0.00   54.46    0.99    0.00    0.00    0.00
01:24:11 AM  all   40.40    0.00    1.01    0.00    0.00   56.57    2.02    0.00    0.00    0.00
01:24:12 AM  all   45.54    0.00    1.98    0.00    0.00   51.49    0.99    0.00    0.00    0.00
01:24:13 AM  all   38.00    0.00    4.00    0.00    0.00   57.00    1.00    0.00    0.00    0.00
01:24:14 AM  all   38.00    0.00    3.00    0.00    0.00   58.00    1.00    0.00    0.00    0.00
01:24:15 AM  all   39.60    0.00    1.98    0.00    0.00   57.43    0.99    0.00    0.00    0.00
01:24:16 AM  all   43.88    0.00    1.02    0.00    0.00   55.10    0.00    0.00    0.00    0.00
01:24:17 AM  all   34.65    0.00    2.97    0.00    0.00   59.41    2.97    0.00    0.00    0.00
01:24:18 AM  all   40.40    0.00    0.00    0.00    0.00   58.59    1.01    0.00    0.00    0.00
01:24:19 AM  all   43.14    0.00    1.96    0.00    0.00   52.94    1.96    0.00    0.00    0.00
01:24:20 AM  all   39.00    0.00    3.00    0.00    0.00   56.00    2.00    0.00    0.00    0.00
01:24:21 AM  all   45.45    0.00    1.01    0.00    0.00   52.53    1.01    0.00    0.00    0.00
01:24:22 AM  all   38.00    0.00    2.00    0.00    0.00   59.00    1.00    0.00    0.00    0.00
01:24:23 AM  all   42.00    0.00    2.00    0.00    0.00   55.00    1.00    0.00    0.00    0.00
01:24:24 AM  all   41.58    0.00    1.98    0.00    0.00   55.45    0.99    0.00    0.00    0.00
01:24:25 AM  all   48.98    0.00    1.02    0.00    0.00   48.98    1.02    0.00    0.00    0.00
01:24:26 AM  all   44.55    0.00    1.98    0.00    0.00   51.49    1.98    0.00    0.00    0.00
01:24:27 AM  all   39.39    0.00    3.03    0.00    0.00   56.57    1.01    0.00    0.00    0.00
01:24:28 AM  all   43.56    0.00    0.99    0.00    0.00   53.47    1.98    0.00    0.00    0.00
01:24:29 AM  all   48.00    0.00    0.00    0.00    0.00   50.00    2.00    0.00    0.00    0.00
01:24:30 AM  all   38.00    0.00    3.00    0.00    0.00   57.00    2.00    0.00    0.00    0.00
01:24:31 AM  all   42.00    0.00    1.00    0.00    0.00   57.00    0.00    0.00    0.00    0.00
01:24:32 AM  all   45.00    0.00    3.00    0.00    0.00   50.00    2.00    0.00    0.00    0.00
01:24:33 AM  all   46.00    0.00    2.00    0.00    0.00   50.00    2.00    0.00    0.00    0.00
01:24:34 AM  all   45.00    0.00    2.00    0.00    0.00   52.00    1.00    0.00    0.00    0.00
01:24:35 AM  all   42.00    0.00    2.00    0.00    0.00   55.00    1.00    0.00    0.00    0.00
01:24:36 AM  all   49.49    0.00    1.01    0.00    0.00   49.49    0.00    0.00    0.00    0.00
01:24:37 AM  all   42.57    0.00    1.98    0.00    0.00   53.47    1.98    0.00    0.00    0.00
01:24:38 AM  all   46.00    0.00    3.00    0.00    0.00   49.00    2.00    0.00    0.00    0.00
01:24:39 AM  all   46.00    0.00    1.00    0.00    0.00   53.00    0.00    0.00    0.00    0.00
01:24:40 AM  all   44.00    0.00    2.00    0.00    0.00   51.00    3.00    0.00    0.00    0.00
01:24:41 AM  all   42.42    0.00    3.03    0.00    0.00   53.54    1.01    0.00    0.00    0.00
01:24:42 AM  all   40.20    0.00    2.94    0.00    0.00   54.90    1.96    0.00    0.00    0.00
01:24:43 AM  all   43.43    0.00    2.02    0.00    0.00   53.54    1.01    0.00    0.00    0.00
01:24:44 AM  all   46.00    0.00    2.00    0.00    0.00   51.00    1.00    0.00    0.00    0.00
01:24:45 AM  all   43.43    0.00    3.03    0.00    0.00   53.54    0.00    0.00    0.00    0.00
01:24:46 AM  all   37.62    0.00    1.98    0.00    0.00   56.44    3.96    0.00    0.00    0.00
01:24:47 AM  all   41.00    0.00    2.00    0.00    0.00   56.00    1.00    0.00    0.00    0.00
01:24:48 AM  all   39.39    0.00    2.02    0.00    0.00   57.58    1.01    0.00    0.00    0.00
01:24:49 AM  all   38.00    0.00    2.00    0.00    0.00   59.00    1.00    0.00    0.00    0.00
01:24:50 AM  all   42.16    0.00    1.96    0.00    0.00   53.92    1.96    0.00    0.00    0.00
01:24:51 AM  all   43.43    0.00    1.01    0.00    0.00   54.55    1.01    0.00    0.00    0.00
01:24:52 AM  all   41.41    0.00    3.03    0.00    0.00   55.56    0.00    0.00    0.00    0.00
01:24:53 AM  all   44.12    0.00    1.96    0.00    0.00   50.00    3.92    0.00    0.00    0.00
01:24:54 AM  all   39.00    0.00    3.00    0.00    0.00   56.00    2.00    0.00    0.00    0.00
01:24:55 AM  all   42.42    0.00    1.01    0.00    0.00   54.55    2.02    0.00    0.00    0.00
01:24:56 AM  all   42.00    0.00    2.00    0.00    0.00   55.00    1.00    0.00    0.00    0.00
01:24:57 AM  all   45.45    0.00    2.02    0.00    0.00   51.52    1.01    0.00    0.00    0.00
01:24:58 AM  all   44.55    0.00    1.98    0.00    0.00   52.48    0.99    0.00    0.00    0.00
01:24:59 AM  all   41.00    0.00    2.00    0.00    0.00   57.00    0.00    0.00    0.00    0.00
01:25:00 AM  all   44.00    0.00    2.00    0.00    0.00   52.00    2.00    0.00    0.00    0.00
01:25:01 AM  all   43.00    0.00    2.00    0.00    0.00   53.00    2.00    0.00    0.00    0.00
01:25:02 AM  all   40.40    0.00    2.02    0.00    0.00   56.57    1.01    0.00    0.00    0.00
01:25:03 AM  all    3.92    0.00    2.94   10.78    0.00    1.96    0.00    0.00    0.00   80.39
01:25:04 AM  all    2.04    0.00    1.02    0.00    0.00    0.00    1.02    0.00    0.00   95.92
01:25:05 AM  all    1.01    0.00    2.02    0.00    0.00    0.00    0.00    0.00    0.00   96.97
Average:     all   37.03    0.00    2.03    0.19    0.00   46.11    1.24    0.00    0.00   13.40
Linux 4.4.0-31-generic (ids-suricata) 	12/10/2017 	_i686_	(1 CPU)

05:13:19 AM  CPU    %usr   %nice    %sys %iowait    %irq   %soft  %steal  %guest  %gnice   %idle
05:13:20 AM  all    1.98    0.00    8.91    0.00    0.00    0.00    0.00    0.00    0.00   89.11
05:13:21 AM  all    1.00    0.00    3.00    0.00    0.00    0.00    1.00    0.00    0.00   95.00
05:13:22 AM  all    2.00    0.00    3.00    0.00    0.00    0.00    0.00    0.00    0.00   95.00
05:13:23 AM  all    2.02    0.00    3.03   10.10    0.00    0.00    0.00    0.00    0.00   84.85
05:13:24 AM  all    1.00    0.00    4.00    0.00    0.00    0.00    1.00    0.00    0.00   94.00
05:13:25 AM  all    3.03    0.00    0.00    0.00    0.00    0.00    0.00    0.00    0.00   96.97
05:13:26 AM  all    9.00    0.00    7.00    0.00    0.00    0.00    0.00    0.00    0.00   84.00
05:13:27 AM  all    1.00    0.00    2.00    0.00    0.00    0.00    0.00    0.00    0.00   97.00
05:13:28 AM  all    1.00    0.00    1.00    1.00    0.00    0.00    0.00    0.00    0.00   97.00
05:13:29 AM  all    0.00    0.00    2.00    1.00    0.00    0.00    0.00    0.00    0.00   97.00
05:13:30 AM  all    1.98    0.00    1.98    0.00    0.00    0.99    0.00    0.00    0.00   95.05
05:13:31 AM  all    0.00    0.00    2.00    0.00    0.00    0.00    1.00    0.00    0.00   97.00
05:13:32 AM  all    1.00    0.00    3.00    0.00    0.00    0.00    0.00    0.00    0.00   96.00
05:13:33 AM  all    1.01    0.00    2.02    1.01    0.00    0.00    0.00    0.00    0.00   95.96
05:13:34 AM  all    1.98    0.00    2.97    2.97    0.00    0.00    0.99    0.00    0.00   91.09
05:13:35 AM  all    0.00    0.00    4.04    0.00    0.00    0.00    0.00    0.00    0.00   95.96
05:13:36 AM  all    4.17    0.00    2.08    0.00    0.00    0.00    1.04    0.00    0.00   92.71
05:13:37 AM  all   39.53    0.00    1.16    0.00    0.00   36.05    5.81    0.00    0.00   17.44
05:13:38 AM  all   44.44    0.00    2.02    0.00    0.00   46.46    3.03    0.00    0.00    4.04
05:13:39 AM  all   46.00    0.00    1.00    0.00    0.00   52.00    1.00    0.00    0.00    0.00
05:13:40 AM  all   44.00    0.00    2.00    0.00    0.00   54.00    0.00    0.00    0.00    0.00
05:13:41 AM  all   46.46    0.00    1.01    0.00    0.00   48.48    1.01    0.00    0.00    3.03
05:13:42 AM  all   48.45    0.00    1.03    0.00    0.00   45.36    1.03    0.00    0.00    4.12
05:13:43 AM  all   43.88    0.00    2.04    0.00    0.00   46.94    0.00    0.00    0.00    7.14
05:13:44 AM  all   44.44    0.00    2.02    0.00    0.00   47.47    3.03    0.00    0.00    3.03
05:13:45 AM  all   43.88    0.00    1.02    0.00    0.00   52.04    1.02    0.00    0.00    2.04
05:13:46 AM  all   49.00    0.00    1.00    0.00    0.00   50.00    0.00    0.00    0.00    0.00
05:13:47 AM  all   40.40    0.00    2.02    0.00    0.00   56.57    1.01    0.00    0.00    0.00
05:13:48 AM  all   36.63    0.00    3.96    0.00    0.00   58.42    0.99    0.00    0.00    0.00
05:13:49 AM  all   39.39    0.00    1.01    0.00    0.00   59.60    0.00    0.00    0.00    0.00
05:13:50 AM  all   39.60    0.00    3.96    0.00    0.00   52.48    3.96    0.00    0.00    0.00
05:13:51 AM  all   39.39    0.00    1.01    0.00    0.00   59.60    0.00    0.00    0.00    0.00
05:13:52 AM  all   43.00    0.00    2.00    0.00    0.00   54.00    1.00    0.00    0.00    0.00
05:13:53 AM  all   38.00    0.00    2.00    0.00    0.00   57.00    3.00    0.00    0.00    0.00
05:13:54 AM  all   42.00    0.00    3.00    0.00    0.00   53.00    2.00    0.00    0.00    0.00
05:13:55 AM  all   41.00    0.00    2.00    0.00    0.00   57.00    0.00    0.00    0.00    0.00
05:13:56 AM  all   40.00    0.00    2.00    0.00    0.00   55.00    3.00    0.00    0.00    0.00
05:13:57 AM  all   39.00    0.00    2.00    0.00    0.00   57.00    2.00    0.00    0.00    0.00
05:13:58 AM  all   40.59    0.00    0.99    0.00    0.00   55.45    2.97    0.00    0.00    0.00
05:13:59 AM  all   45.54    0.00    1.98    0.00    0.00   50.50    1.98    0.00    0.00    0.00
05:14:00 AM  all   45.45    0.00    2.02    0.00    0.00   50.51    2.02    0.00    0.00    0.00
05:14:01 AM  all   42.00    0.00    2.00    0.00    0.00   56.00    0.00    0.00    0.00    0.00
05:14:02 AM  all   47.00    0.00    2.00    0.00    0.00   51.00    0.00    0.00    0.00    0.00
05:14:03 AM  all   43.00    0.00    1.00    0.00    0.00   54.00    2.00    0.00    0.00    0.00
05:14:04 AM  all   43.00    0.00    2.00    0.00    0.00   54.00    1.00    0.00    0.00    0.00
05:14:05 AM  all   41.00    0.00    1.00    0.00    0.00   56.00    2.00    0.00    0.00    0.00
05:14:06 AM  all   46.00    0.00    2.00    0.00    0.00   49.00    3.00    0.00    0.00    0.00
05:14:07 AM  all   46.46    0.00    3.03    0.00    0.00   49.49    1.01    0.00    0.00    0.00
05:14:08 AM  all   42.57    0.00    1.98    0.00    0.00   52.48    2.97    0.00    0.00    0.00
05:14:09 AM  all   41.58    0.00    2.97    0.00    0.00   54.46    0.99    0.00    0.00    0.00
05:14:10 AM  all   43.88    0.00    0.00    0.00    0.00   56.12    0.00    0.00    0.00    0.00
05:14:11 AM  all   35.64    0.00    2.97    0.00    0.00   59.41    1.98    0.00    0.00    0.00
05:14:12 AM  all   42.42    0.00    3.03    0.00    0.00   53.54    1.01    0.00    0.00    0.00
05:14:13 AM  all   41.18    0.00    1.96    0.00    0.00   53.92    2.94    0.00    0.00    0.00
05:14:14 AM  all   40.40    0.00    0.00    0.00    0.00   58.59    1.01    0.00    0.00    0.00
05:14:15 AM  all   38.00    0.00    2.00    0.00    0.00   58.00    2.00    0.00    0.00    0.00
05:14:16 AM  all   44.00    0.00    2.00    0.00    0.00   52.00    2.00    0.00    0.00    0.00
05:14:17 AM  all   43.88    0.00    4.08    0.00    0.00   51.02    0.00    0.00    0.00    1.02
05:14:18 AM  all   38.61    0.00    1.98    0.00    0.00   56.44    0.99    0.00    0.00    1.98
05:14:19 AM  all   36.63    0.00    1.98    0.00    0.00   60.40    0.99    0.00    0.00    0.00
05:14:20 AM  all   35.35    0.00    3.03    0.00    0.00   59.60    2.02    0.00    0.00    0.00
05:14:21 AM  all   38.00    0.00    1.00    0.00    0.00   60.00    1.00    0.00    0.00    0.00
05:14:22 AM  all   43.00    0.00    1.00    0.00    0.00   54.00    2.00    0.00    0.00    0.00
05:14:23 AM  all   47.00    0.00    2.00    0.00    0.00   50.00    1.00    0.00    0.00    0.00
05:14:24 AM  all   35.00    0.00    1.00    0.00    0.00   62.00    2.00    0.00    0.00    0.00
05:14:25 AM  all   47.00    0.00    2.00    0.00    0.00   50.00    1.00    0.00    0.00    0.00
05:14:26 AM  all   44.12    0.00    0.98    0.00    0.00   53.92    0.98    0.00    0.00    0.00
05:14:27 AM  all   47.00    0.00    3.00    0.00    0.00   50.00    0.00    0.00    0.00    0.00
05:14:28 AM  all   45.45    0.00    0.00    0.00    0.00   54.55    0.00    0.00    0.00    0.00
05:14:29 AM  all   45.00    0.00    1.00    0.00    0.00   53.00    1.00    0.00    0.00    0.00
05:14:30 AM  all   45.00    0.00    3.00    0.00    0.00   51.00    1.00    0.00    0.00    0.00
05:14:31 AM  all   41.41    0.00    2.02    0.00    0.00   54.55    2.02    0.00    0.00    0.00
05:14:32 AM  all   42.57    0.00    1.98    0.00    0.00   52.48    2.97    0.00    0.00    0.00
05:14:33 AM  all   40.40    0.00    3.03    0.00    0.00   55.56    1.01    0.00    0.00    0.00
05:14:34 AM  all   43.00    0.00    1.00    0.00    0.00   54.00    2.00    0.00    0.00    0.00
05:14:35 AM  all   41.58    0.00    2.97    0.00    0.00   54.46    0.99    0.00    0.00    0.00
05:14:36 AM  all   39.00    0.00    1.00    0.00    0.00   58.00    2.00    0.00    0.00    0.00
05:14:37 AM  all   38.38    0.00    1.01    0.00    0.00   59.60    1.01    0.00    0.00    0.00
05:14:38 AM  all   40.59    0.00    1.98    0.00    0.00   55.45    1.98    0.00    0.00    0.00
05:14:39 AM  all   39.00    0.00    3.00    0.00    0.00   56.00    2.00    0.00    0.00    0.00
05:14:40 AM  all   41.58    0.00    0.99    0.00    0.00   55.45    1.98    0.00    0.00    0.00
05:14:41 AM  all   43.00    0.00    3.00    0.00    0.00   54.00    0.00    0.00    0.00    0.00
05:14:42 AM  all   45.45    0.00    0.00    0.00    0.00   53.54    1.01    0.00    0.00    0.00
05:14:43 AM  all   44.00    0.00    2.00    0.00    0.00   54.00    0.00    0.00    0.00    0.00
05:14:44 AM  all   42.00    0.00    2.00    0.00    0.00   55.00    1.00    0.00    0.00    0.00
05:14:45 AM  all   44.00    0.00    0.00    0.00    0.00   55.00    1.00    0.00    0.00    0.00
05:14:46 AM  all   38.61    0.00    1.98    0.00    0.00   57.43    1.98    0.00    0.00    0.00
05:14:47 AM  all   42.42    0.00    1.01    0.00    0.00   56.57    0.00    0.00    0.00    0.00
05:14:48 AM  all   51.00    0.00    2.00    0.00    0.00   45.00    2.00    0.00    0.00    0.00
05:14:49 AM  all   40.00    0.00    3.00    0.00    0.00   56.00    1.00    0.00    0.00    0.00
05:14:50 AM  all   43.00    0.00    2.00    0.00    0.00   54.00    1.00    0.00    0.00    0.00
05:14:51 AM  all   46.00    0.00    1.00    0.00    0.00   52.00    1.00    0.00    0.00    0.00
05:14:52 AM  all   46.46    0.00    1.01    0.00    0.00   52.53    0.00    0.00    0.00    0.00
05:14:53 AM  all   50.98    0.00    1.96    0.00    0.00   46.08    0.98    0.00    0.00    0.00
05:14:54 AM  all   44.00    0.00    1.00    0.00    0.00   54.00    1.00    0.00    0.00    0.00
05:14:55 AM  all   50.00    0.00    1.00    0.00    0.00   48.00    1.00    0.00    0.00    0.00
05:14:56 AM  all   45.00    0.00    2.00    0.00    0.00   52.00    1.00    0.00    0.00    0.00
05:14:57 AM  all   38.00    0.00    3.00    0.00    0.00   58.00    1.00    0.00    0.00    0.00
05:14:58 AM  all   42.00    0.00    1.00    0.00    0.00   55.00    2.00    0.00    0.00    0.00
05:14:59 AM  all   41.41    0.00    0.00    0.00    0.00   56.57    2.02    0.00    0.00    0.00
05:15:00 AM  all   49.50    0.00    1.98    0.00    0.00   47.52    0.99    0.00    0.00    0.00
05:15:01 AM  all   40.59    0.00    1.98    0.00    0.00   55.45    1.98    0.00    0.00    0.00
05:15:02 AM  all   43.43    0.00    2.02    0.00    0.00   53.54    1.01    0.00    0.00    0.00
05:15:03 AM  all   43.56    0.00    0.99    0.00    0.00   54.46    0.99    0.00    0.00    0.00
05:15:04 AM  all   40.82    0.00    3.06    0.00    0.00   54.08    2.04    0.00    0.00    0.00
05:15:05 AM  all   41.00    0.00    1.00    0.00    0.00   57.00    1.00    0.00    0.00    0.00
05:15:06 AM  all   39.60    0.00    1.98    0.00    0.00   56.44    1.98    0.00    0.00    0.00
05:15:07 AM  all   42.42    0.00    2.02    0.00    0.00   55.56    0.00    0.00    0.00    0.00
05:15:08 AM  all   41.58    0.00    2.97    0.00    0.00   52.48    2.97    0.00    0.00    0.00
05:15:09 AM  all   51.52    0.00    3.03    0.00    0.00   45.45    0.00    0.00    0.00    0.00
05:15:10 AM  all   40.00    0.00    3.00    0.00    0.00   54.00    3.00    0.00    0.00    0.00
05:15:11 AM  all   45.54    0.00    1.98    0.00    0.00   51.49    0.99    0.00    0.00    0.00
05:15:12 AM  all   39.39    0.00    3.03    0.00    0.00   57.58    0.00    0.00    0.00    0.00
05:15:13 AM  all   40.59    0.00    1.98    0.00    0.00   53.47    3.96    0.00    0.00    0.00
05:15:14 AM  all   46.00    0.00    2.00    0.00    0.00   52.00    0.00    0.00    0.00    0.00
05:15:15 AM  all   41.58    0.00    1.98    0.00    0.00   56.44    0.00    0.00    0.00    0.00
05:15:16 AM  all   40.00    0.00    1.00    0.00    0.00   57.00    2.00    0.00    0.00    0.00
05:15:17 AM  all   40.00    0.00    2.00    0.00    0.00   58.00    0.00    0.00    0.00    0.00
05:15:18 AM  all   42.00    0.00    3.00    0.00    0.00   53.00    2.00    0.00    0.00    0.00
05:15:19 AM  all   38.38    0.00    2.02    0.00    0.00   58.59    1.01    0.00    0.00    0.00
05:15:20 AM  all   43.00    0.00    1.00    0.00    0.00   55.00    1.00    0.00    0.00    0.00
05:15:21 AM  all   41.00    0.00    2.00    0.00    0.00   57.00    0.00    0.00    0.00    0.00
05:15:22 AM  all   35.64    0.00    4.95    0.00    0.00   57.43    1.98    0.00    0.00    0.00
05:15:23 AM  all   43.00    0.00    1.00    0.00    0.00   55.00    1.00    0.00    0.00    0.00
05:15:24 AM  all   39.00    0.00    4.00    0.00    0.00   56.00    1.00    0.00    0.00    0.00
05:15:25 AM  all   43.00    0.00    1.00    0.00    0.00   54.00    2.00    0.00    0.00    0.00
05:15:26 AM  all   43.43    0.00    2.02    0.00    0.00   53.54    1.01    0.00    0.00    0.00
05:15:27 AM  all   41.58    0.00    1.98    0.00    0.00   55.45    0.99    0.00    0.00    0.00
05:15:28 AM  all   39.60    0.00    2.97    0.00    0.00   56.44    0.99    0.00    0.00    0.00
05:15:29 AM  all   41.41    0.00    1.01    0.00    0.00   56.57    1.01    0.00    0.00    0.00
05:15:30 AM  all   43.00    0.00    2.00    0.00    0.00   54.00    1.00    0.00    0.00    0.00
05:15:31 AM  all   41.58    0.00    1.98    0.00    0.00   54.46    1.98    0.00    0.00    0.00
05:15:32 AM  all   45.45    0.00    1.01    0.00    0.00   52.53    1.01    0.00    0.00    0.00
05:15:33 AM  all   42.00    0.00    3.00    0.00    0.00   54.00    1.00    0.00    0.00    0.00
05:15:34 AM  all   42.00    0.00    3.00    0.00    0.00   54.00    1.00    0.00    0.00    0.00
05:15:35 AM  all   40.00    0.00    3.00    0.00    0.00   56.00    1.00    0.00    0.00    0.00
05:15:36 AM  all   41.58    0.00    3.96    0.00    0.00   53.47    0.99    0.00    0.00    0.00
05:15:37 AM  all    9.09    0.00    1.01    0.00    0.00    4.04    0.00    0.00    0.00   85.86
05:15:38 AM  all    2.02    0.00    2.02    0.00    0.00    0.00    0.00    0.00    0.00   95.96
05:15:39 AM  all    2.04    0.00    2.04    0.00    0.00    0.00    0.00    0.00    0.00   95.92
Average:     all   36.68    0.00    2.06    0.11    0.00   46.34    1.17    0.00    0.00   13.63
