Linux 4.4.0-31-generic (dpi-suricata) 	12/10/2017 	_i686_	(1 CPU)

02:20:50 AM  CPU    %usr   %nice    %sys %iowait    %irq   %soft  %steal  %guest  %gnice   %idle
02:20:51 AM  all    1.00    0.00   10.00    0.00    0.00    0.00    0.00    0.00    0.00   89.00
02:20:52 AM  all    2.00    0.00    3.00    0.00    0.00    0.00    0.00    0.00    0.00   95.00
02:20:53 AM  all    2.02    0.00    3.03    0.00    0.00    0.00    0.00    0.00    0.00   94.95
02:20:54 AM  all    2.04    0.00    1.02    0.00    0.00    0.00    1.02    0.00    0.00   95.92
02:20:55 AM  all    2.04    0.00    2.04    3.06    0.00    0.00    0.00    0.00    0.00   92.86
02:20:56 AM  all   60.00    0.00    1.00    1.00    0.00   37.00    1.00    0.00    0.00    0.00
02:20:57 AM  all   55.00    0.00    2.00    0.00    0.00   42.00    1.00    0.00    0.00    0.00
02:20:58 AM  all   60.40    0.00    1.98    0.00    0.00   36.63    0.99    0.00    0.00    0.00
02:20:59 AM  all   63.64    0.00    0.00    0.00    0.00   36.36    0.00    0.00    0.00    0.00
02:21:00 AM  all   55.45    0.00    0.99    0.00    0.00   43.56    0.00    0.00    0.00    0.00
02:21:01 AM  all   58.42    0.00    1.98    0.00    0.00   38.61    0.99    0.00    0.00    0.00
02:21:02 AM  all   57.00    0.00    1.00    0.00    0.00   41.00    1.00    0.00    0.00    0.00
02:21:03 AM  all   60.20    0.00    1.02    0.00    0.00   38.78    0.00    0.00    0.00    0.00
02:21:04 AM  all   57.43    0.00    0.99    0.00    0.00   39.60    1.98    0.00    0.00    0.00
02:21:05 AM  all   61.00    0.00    0.00    0.00    0.00   38.00    1.00    0.00    0.00    0.00
02:21:06 AM  all   41.00    0.00    1.00    0.00    0.00   57.00    1.00    0.00    0.00    0.00
02:21:07 AM  all   39.60    0.00    1.98    0.00    0.00   54.46    3.96    0.00    0.00    0.00
02:21:08 AM  all   41.58    0.00    0.99    0.00    0.00   56.44    0.99    0.00    0.00    0.00
02:21:09 AM  all   47.00    0.00    2.00    0.00    0.00   50.00    1.00    0.00    0.00    0.00
02:21:10 AM  all   51.00    0.00    1.00    0.00    0.00   45.00    3.00    0.00    0.00    0.00
02:21:11 AM  all   46.00    0.00    1.00    0.00    0.00   51.00    2.00    0.00    0.00    0.00
02:21:12 AM  all   48.00    0.00    2.00    0.00    0.00   48.00    2.00    0.00    0.00    0.00
02:21:13 AM  all   52.00    0.00    2.00    0.00    0.00   44.00    2.00    0.00    0.00    0.00
02:21:14 AM  all   45.54    0.00    1.98    0.00    0.00   49.50    2.97    0.00    0.00    0.00
02:21:15 AM  all   44.00    0.00    2.00    0.00    0.00   52.00    2.00    0.00    0.00    0.00
02:21:16 AM  all   48.00    0.00    1.00    0.00    0.00   50.00    1.00    0.00    0.00    0.00
02:21:17 AM  all   36.00    0.00    2.00    0.00    0.00   60.00    2.00    0.00    0.00    0.00
02:21:18 AM  all   48.00    0.00    2.00    0.00    0.00   50.00    0.00    0.00    0.00    0.00
02:21:19 AM  all   36.00    0.00    2.00    0.00    0.00   61.00    1.00    0.00    0.00    0.00
02:21:20 AM  all   55.00    0.00    0.00    0.00    0.00   44.00    1.00    0.00    0.00    0.00
02:21:21 AM  all   48.51    0.00    1.98    0.00    0.00   47.52    1.98    0.00    0.00    0.00
02:21:22 AM  all   48.00    0.00    0.00    0.00    0.00   50.00    2.00    0.00    0.00    0.00
02:21:23 AM  all   36.00    0.00    0.00    0.00    0.00   63.00    1.00    0.00    0.00    0.00
02:21:24 AM  all   54.00    0.00    2.00    0.00    0.00   43.00    1.00    0.00    0.00    0.00
02:21:25 AM  all   41.58    0.00    1.98    0.00    0.00   55.45    0.99    0.00    0.00    0.00
02:21:26 AM  all   43.00    0.00    0.00    0.00    0.00   56.00    1.00    0.00    0.00    0.00
02:21:27 AM  all   44.55    0.00    0.99    0.00    0.00   52.48    1.98    0.00    0.00    0.00
02:21:28 AM  all   50.51    0.00    1.01    0.00    0.00   47.47    1.01    0.00    0.00    0.00
02:21:29 AM  all   48.00    0.00    2.00    0.00    0.00   49.00    1.00    0.00    0.00    0.00
02:21:30 AM  all   38.00    0.00    1.00    0.00    0.00   60.00    1.00    0.00    0.00    0.00
02:21:31 AM  all   40.20    0.00    1.96    0.00    0.00   54.90    2.94    0.00    0.00    0.00
02:21:32 AM  all   37.62    0.00    0.99    0.00    0.00   60.40    0.99    0.00    0.00    0.00
02:21:33 AM  all   44.55    0.00    1.98    0.00    0.00   51.49    1.98    0.00    0.00    0.00
02:21:34 AM  all   43.00    0.00    2.00    0.00    0.00   53.00    2.00    0.00    0.00    0.00
02:21:35 AM  all   48.48    0.00    0.00    0.00    0.00   49.49    2.02    0.00    0.00    0.00
02:21:36 AM  all   43.56    0.00    1.98    0.00    0.00   52.48    1.98    0.00    0.00    0.00
02:21:37 AM  all   47.00    0.00    2.00    0.00    0.00   48.00    3.00    0.00    0.00    0.00
02:21:38 AM  all   33.66    0.00    0.99    0.00    0.00   64.36    0.99    0.00    0.00    0.00
02:21:39 AM  all   43.00    0.00    2.00    0.00    0.00   51.00    4.00    0.00    0.00    0.00
02:21:40 AM  all   54.00    0.00    0.00    0.00    0.00   44.00    2.00    0.00    0.00    0.00
02:21:41 AM  all   37.00    0.00    2.00    0.00    0.00   60.00    1.00    0.00    0.00    0.00
02:21:42 AM  all   33.00    0.00    1.00    0.00    0.00   65.00    1.00    0.00    0.00    0.00
02:21:43 AM  all   51.00    0.00    2.00    0.00    0.00   46.00    1.00    0.00    0.00    0.00
02:21:44 AM  all   37.62    0.00    0.99    0.00    0.00   59.41    1.98    0.00    0.00    0.00
02:21:45 AM  all   42.00    0.00    1.00    0.00    0.00   54.00    3.00    0.00    0.00    0.00
02:21:46 AM  all   44.44    0.00    2.02    0.00    0.00   53.54    0.00    0.00    0.00    0.00
02:21:47 AM  all   37.00    0.00    0.00    0.00    0.00   61.00    2.00    0.00    0.00    0.00
02:21:48 AM  all   48.51    0.00    0.99    0.00    0.00   48.51    1.98    0.00    0.00    0.00
02:21:49 AM  all   46.00    0.00    1.00    0.00    0.00   52.00    1.00    0.00    0.00    0.00
02:21:50 AM  all   54.55    0.00    0.00    0.00    0.00   44.44    1.01    0.00    0.00    0.00
02:21:51 AM  all   44.00    0.00    1.00    0.00    0.00   53.00    2.00    0.00    0.00    0.00
02:21:52 AM  all   55.45    0.00    0.99    0.00    0.00   43.56    0.00    0.00    0.00    0.00
02:21:53 AM  all   42.57    0.00    2.97    0.00    0.00   52.48    1.98    0.00    0.00    0.00
02:21:54 AM  all   51.00    0.00    1.00    0.00    0.00   47.00    1.00    0.00    0.00    0.00
02:21:55 AM  all   48.48    0.00    2.02    0.00    0.00   45.45    4.04    0.00    0.00    0.00
02:21:56 AM  all   42.00    0.00    2.00    0.00    0.00   53.00    3.00    0.00    0.00    0.00
02:21:57 AM  all   45.54    0.00    0.99    0.00    0.00   51.49    1.98    0.00    0.00    0.00
02:21:58 AM  all   47.52    0.00    1.98    0.00    0.00   48.51    1.98    0.00    0.00    0.00
02:21:59 AM  all   44.44    0.00    2.02    0.00    0.00   51.52    2.02    0.00    0.00    0.00
02:22:00 AM  all   39.60    0.00    0.99    0.00    0.00   58.42    0.99    0.00    0.00    0.00
02:22:01 AM  all   43.43    0.00    0.00    0.00    0.00   55.56    1.01    0.00    0.00    0.00
02:22:02 AM  all   40.00    0.00    2.00    0.00    0.00   56.00    2.00    0.00    0.00    0.00
02:22:03 AM  all   50.50    0.00    0.99    0.00    0.00   44.55    3.96    0.00    0.00    0.00
02:22:04 AM  all   48.51    0.00    0.99    0.00    0.00   48.51    1.98    0.00    0.00    0.00
02:22:05 AM  all   50.00    0.00    1.00    0.00    0.00   48.00    1.00    0.00    0.00    0.00
02:22:06 AM  all   40.82    0.00    1.02    0.00    0.00   57.14    1.02    0.00    0.00    0.00
02:22:07 AM  all   48.51    0.00    0.99    0.00    0.00   47.52    2.97    0.00    0.00    0.00
02:22:08 AM  all   52.94    0.00    2.94    0.00    0.00   43.14    0.98    0.00    0.00    0.00
02:22:09 AM  all   45.45    0.00    1.01    0.00    0.00   51.52    2.02    0.00    0.00    0.00
02:22:10 AM  all   48.48    0.00    1.01    0.00    0.00   49.49    1.01    0.00    0.00    0.00
02:22:11 AM  all   53.47    0.00    1.98    0.00    0.00   43.56    0.99    0.00    0.00    0.00
02:22:12 AM  all   43.56    0.00    0.99    0.00    0.00   54.46    0.99    0.00    0.00    0.00
02:22:13 AM  all   50.50    0.00    1.98    0.00    0.00   47.52    0.00    0.00    0.00    0.00
02:22:14 AM  all   39.00    0.00    1.00    0.00    0.00   59.00    1.00    0.00    0.00    0.00
02:22:15 AM  all   30.39    0.00    1.96    0.00    0.00   64.71    2.94    0.00    0.00    0.00
02:22:16 AM  all   48.98    0.00    2.04    0.00    0.00   48.98    0.00    0.00    0.00    0.00
02:22:17 AM  all   46.00    0.00    1.00    0.00    0.00   52.00    1.00    0.00    0.00    0.00
02:22:18 AM  all   50.00    0.00    1.00    0.00    0.00   48.00    1.00    0.00    0.00    0.00
02:22:19 AM  all   45.54    0.00    0.99    0.00    0.00   51.49    1.98    0.00    0.00    0.00
02:22:20 AM  all   35.00    0.00    2.00    0.00    0.00   58.00    5.00    0.00    0.00    0.00
02:22:21 AM  all   41.41    0.00    1.01    0.00    0.00   54.55    3.03    0.00    0.00    0.00
02:22:22 AM  all   47.06    0.00    1.96    0.00    0.00   50.00    0.98    0.00    0.00    0.00
02:22:23 AM  all   45.00    0.00    0.00    0.00    0.00   52.00    3.00    0.00    0.00    0.00
02:22:24 AM  all   46.00    0.00    1.00    0.00    0.00   51.00    2.00    0.00    0.00    0.00
02:22:25 AM  all   43.00    0.00    1.00    0.00    0.00   54.00    2.00    0.00    0.00    0.00
02:22:26 AM  all   34.00    0.00    1.00    0.00    0.00   62.00    3.00    0.00    0.00    0.00
02:22:27 AM  all   45.45    0.00    1.01    0.00    0.00   51.52    2.02    0.00    0.00    0.00
02:22:28 AM  all   52.00    0.00    1.00    0.00    0.00   45.00    2.00    0.00    0.00    0.00
02:22:29 AM  all   50.00    0.00    1.00    0.00    0.00   45.00    4.00    0.00    0.00    0.00
02:22:30 AM  all   41.75    0.00    0.97    0.00    0.00   53.40    3.88    0.00    0.00    0.00
02:22:31 AM  all   47.42    0.00    1.03    0.00    0.00   49.48    2.06    0.00    0.00    0.00
02:22:32 AM  all   41.58    0.00    1.98    0.00    0.00   54.46    1.98    0.00    0.00    0.00
02:22:33 AM  all   49.50    0.00    0.99    0.00    0.00   48.51    0.99    0.00    0.00    0.00
02:22:34 AM  all   49.00    0.00    1.00    0.00    0.00   47.00    3.00    0.00    0.00    0.00
02:22:35 AM  all   44.44    0.00    0.00    0.00    0.00   53.54    2.02    0.00    0.00    0.00
02:22:36 AM  all   44.55    0.00    1.98    0.00    0.00   53.47    0.00    0.00    0.00    0.00
02:22:37 AM  all   42.00    0.00    0.00    0.00    0.00   54.00    4.00    0.00    0.00    0.00
02:22:38 AM  all   40.00    0.00    0.00    0.00    0.00   59.00    1.00    0.00    0.00    0.00
02:22:39 AM  all   46.46    0.00    1.01    0.00    0.00   51.52    1.01    0.00    0.00    0.00
02:22:40 AM  all   60.40    0.00    0.99    0.00    0.00   37.62    0.99    0.00    0.00    0.00
02:22:41 AM  all   45.00    0.00    2.00    0.00    0.00   51.00    2.00    0.00    0.00    0.00
02:22:42 AM  all   42.00    0.00    1.00    0.00    0.00   56.00    1.00    0.00    0.00    0.00
02:22:43 AM  all   43.00    0.00    2.00    0.00    0.00   55.00    0.00    0.00    0.00    0.00
02:22:44 AM  all   36.27    0.00    1.96    0.00    0.00   58.82    2.94    0.00    0.00    0.00
02:22:45 AM  all   34.69    0.00    1.02    0.00    0.00   63.27    1.02    0.00    0.00    0.00
02:22:46 AM  all   42.57    0.00    0.99    0.00    0.00   54.46    1.98    0.00    0.00    0.00
02:22:47 AM  all   58.42    0.00    0.99    0.00    0.00   39.60    0.99    0.00    0.00    0.00
02:22:48 AM  all   48.48    0.00    0.00    0.00    0.00   49.49    2.02    0.00    0.00    0.00
02:22:49 AM  all   43.56    0.00    0.99    0.00    0.00   51.49    3.96    0.00    0.00    0.00
02:22:50 AM  all   28.00    0.00    0.00    0.00    0.00   70.00    2.00    0.00    0.00    0.00
02:22:51 AM  all   35.00    0.00    1.00    0.00    0.00   61.00    3.00    0.00    0.00    0.00
02:22:52 AM  all   46.00    0.00    2.00    0.00    0.00   51.00    1.00    0.00    0.00    0.00
02:22:53 AM  all   47.52    0.00    0.99    0.00    0.00   48.51    2.97    0.00    0.00    0.00
02:22:54 AM  all   45.45    0.00    2.02    0.00    0.00   52.53    0.00    0.00    0.00    0.00
02:22:55 AM  all   47.06    0.00    1.96    0.00    0.00   47.06    0.98    0.00    0.00    2.94
02:22:56 AM  all    3.06    0.00    3.06    0.00    0.00    2.04    1.02    0.00    0.00   90.82
02:22:57 AM  all    3.03    0.00    2.02    0.00    0.00    0.00    0.00    0.00    0.00   94.95
02:22:58 AM  all    0.00    0.00    2.06    0.00    0.00    0.00    0.00    0.00    0.00   97.94
02:22:59 AM  all    1.00    0.00    2.00    0.00    0.00    0.00    1.00    0.00    0.00   96.00
02:23:00 AM  all    2.02    0.00    4.04    0.00    0.00    0.00    0.00    0.00    0.00   93.94
02:23:01 AM  all    1.02    0.00    1.02    7.14    0.00    0.00    1.02    0.00    0.00   89.80
02:23:02 AM  all    2.00    0.00    3.00    0.00    0.00    1.00    0.00    0.00    0.00   94.00
02:23:03 AM  all    3.00    0.00    2.00    0.00    0.00    0.00    0.00    0.00    0.00   95.00
02:23:04 AM  all    3.03    0.00    2.02    0.00    0.00    0.00    0.00    0.00    0.00   94.95
02:23:05 AM  all    1.00    0.00    4.00    0.00    0.00    0.00    1.00    0.00    0.00   94.00
02:23:06 AM  all    2.00    0.00    2.00    2.00    0.00    0.00    0.00    0.00    0.00   94.00
02:23:07 AM  all    1.00    0.00    2.00    0.00    0.00    0.00    1.00    0.00    0.00   96.00
02:23:08 AM  all    0.00    0.00    4.08    0.00    0.00    0.00    0.00    0.00    0.00   95.92
02:23:09 AM  all    3.96    0.00    1.98    0.00    0.00    0.00    0.00    0.00    0.00   94.06
02:23:10 AM  all    2.00    0.00    4.00    0.00    0.00    0.00    0.00    0.00    0.00   94.00
Average:     all   39.68    0.00    1.49    0.09    0.00   43.87    1.50    0.00    0.00   13.36
