Linux 4.4.0-31-generic (fw-suricata) 	12/10/2017 	_i686_	(1 CPU)

12:17:31 AM kbmemfree kbmemused  %memused kbbuffers  kbcached  kbcommit   %commit  kbactive   kbinact   kbdirty
12:17:32 AM   1681096    381592     18.50     20264    119176    736208     28.48    272336     71960       528
12:17:33 AM   1681128    381560     18.50     20264    119208    736208     28.48    272400     71940       548
12:17:34 AM   1680972    381716     18.51     20264    119228    736208     28.48    272432     71936       568
12:17:35 AM   1681004    381684     18.50     20264    119244    736208     28.48    272444     71936       584
12:17:36 AM   1680972    381716     18.51     20264    119264    736208     28.48    272468     71936       604
12:17:37 AM   1680848    381840     18.51     20272    119276    736208     28.48    272480     71940       624
12:17:38 AM   1680848    381840     18.51     20272    119312    736208     28.48    272520     71936       652
12:17:39 AM   1680724    381964     18.52     20272    119328    736208     28.48    272544     71936       668
12:17:40 AM   1680848    381840     18.51     20272    119348    736208     28.48    272560     71936       572
12:17:41 AM   1680848    381840     18.51     20272    119364    736208     28.48    272580     71936       544
12:17:42 AM   1680756    381932     18.52     20280    119376    736208     28.48    272604     71936       568
12:17:43 AM   1680756    381932     18.52     20280    119400    736208     28.48    272628     71936       584
12:17:44 AM   1680724    381964     18.52     20280    119428    736208     28.48    272652     71936       612
12:17:45 AM   1680508    382180     18.53     20288    119436    736208     28.48    272656     71936       292
12:17:46 AM   1680508    382180     18.53     20288    119464    736208     28.48    272712     71936       288
12:17:47 AM   1680508    382180     18.53     20296    119488    736208     28.48    272740     71944       320
12:17:48 AM   1680504    382184     18.53     20296    119520    736208     28.48    272780     71940       388
12:17:49 AM   1680472    382216     18.53     20296    119532    736208     28.48    272796     71936       400
12:17:50 AM   1680504    382184     18.53     20296    119556    736208     28.48    272804     71936       424
12:17:51 AM   1680504    382184     18.53     20296    119576    736208     28.48    272824     71936       448
12:17:52 AM   1680380    382308     18.53     20304    119592    736208     28.48    272860     71940       472
12:17:53 AM   1680380    382308     18.53     20304    119616    736208     28.48    272904     71936       492
12:17:54 AM   1680420    382268     18.53     20304    119636    736208     28.48    272936     71936       512
12:17:55 AM   1680496    382192     18.53     20304    119652    736208     28.48    272948     71936       528
12:17:56 AM   1680504    382184     18.53     20304    119672    736208     28.48    272968     71936       544
12:17:57 AM   1680380    382308     18.53     20312    119680    736208     28.48    272980     71936       560
12:17:58 AM   1680312    382376     18.54     20312    119712    736208     28.48    273048     71932       584
12:17:59 AM   1680504    382184     18.53     20312    119728    736208     28.48    273020     71932       600
12:18:00 AM   1680472    382216     18.53     20312    119748    736208     28.48    273064     71932       620
12:18:01 AM   1680380    382308     18.53     20312    119768    736208     28.48    273080     71936       624
12:18:02 AM   1680224    382464     18.54     20320    119784    736208     28.48    273068     71936       648
12:18:03 AM   1680188    382500     18.54     20320    119816    736208     28.48    273160     71936       672
12:18:04 AM   1680100    382588     18.55     20320    119844    736208     28.48    273184     71932       700
12:18:05 AM   1680100    382588     18.55     20320    119864    736208     28.48    273196     71936       256
12:18:06 AM   1680132    382556     18.55     20320    119888    736208     28.48    273224     71936       228
12:18:07 AM   1680212    382476     18.54     20328    119904    736208     28.48    273228     71940       272
12:18:08 AM   1680108    382580     18.55     20328    119928    736208     28.48    273272     71936       288
12:18:09 AM   1680132    382556     18.55     20328    119940    736208     28.48    273288     71936       300
12:18:10 AM   1680108    382580     18.55     20328    119956    736208     28.48    273320     71936       316
12:18:11 AM   1679948    382740     18.56     20328    119968    736208     28.48    273464     71936       328
12:18:12 AM   1679860    382828     18.56     20336    119984    736208     28.48    273468     71940       352
12:18:13 AM   1679844    382844     18.56     20336    120008    736208     28.48    273508     71944       368
12:18:14 AM   1679724    382964     18.57     20336    120024    736208     28.48    273712     71940       384
12:18:15 AM   1679828    382860     18.56     20336    120036    736208     28.48    273420     71940       280
12:18:16 AM   1679728    382960     18.57     20336    120052    736208     28.48    273608     71940       272
12:18:17 AM   1679448    383240     18.58     20344    120056    736208     28.48    273628     71940       284
12:18:18 AM   1679480    383208     18.58     20344    120080    736208     28.48    273648     71940       304
12:18:19 AM   1679480    383208     18.58     20344    120108    736208     28.48    273684     71944       336
12:18:20 AM   1679480    383208     18.58     20344    120124    736208     28.48    273712     71936       300
12:18:21 AM   1679488    383200     18.58     20344    120140    736208     28.48    273656     71936       296
12:18:22 AM   1679488    383200     18.58     20344    120156    736208     28.48    273668     71936       312
12:18:23 AM   1679568    383120     18.57     20352    120172    736208     28.48    273696     71936       348
12:18:24 AM   1679572    383116     18.57     20352    120188    736208     28.48    273796     71936       364
12:18:25 AM   1679448    383240     18.58     20352    120204    736208     28.48    273820     71940       380
12:18:26 AM   1679488    383200     18.58     20352    120224    736208     28.48    273808     71936       404
12:18:27 AM   1679488    383200     18.58     20352    120236    736208     28.48    273808     71936       416
12:18:28 AM   1679612    383076     18.57     20360    120252    736208     28.48    273828     71936       436
12:18:29 AM   1679488    383200     18.58     20360    120264    736208     28.48    273868     71936       448
12:18:30 AM   1679488    383200     18.58     20360    120280    736208     28.48    273844     71936       464
12:18:31 AM   1679488    383200     18.58     20360    120292    736208     28.48    273908     71936       476
12:18:32 AM   1679204    383484     18.59     20360    120312    736208     28.48    273928     71940       496
12:18:33 AM   1679240    383448     18.59     20368    120324    736208     28.48    273916     71932       508
12:18:34 AM   1679448    383240     18.58     20368    120340    736208     28.48    273864     71932       524
12:18:35 AM   1679496    383192     18.58     20368    120356    736208     28.48    273904     71932         0
12:18:36 AM   1679496    383192     18.58     20368    120388    736208     28.48    273900     71936        36
12:18:37 AM   1679496    383192     18.58     20368    120400    736208     28.48    273964     71932        76
12:18:38 AM   1679484    383204     18.58     20376    120416    736208     28.48    273984     71932       132
12:18:39 AM   1679372    383316     18.58     20376    120432    736208     28.48    274004     71932       148
12:18:40 AM   1679372    383316     18.58     20376    120452    736208     28.48    273984     71936       172
12:18:41 AM   1679248    383440     18.59     20376    120472    736208     28.48    274040     71940       192
12:18:42 AM   1679124    383564     18.60     20376    120496    736208     28.48    274080     71936       216
12:18:43 AM   1679124    383564     18.60     20384    120508    736208     28.48    274100     71936       228
12:18:44 AM   1679248    383440     18.59     20384    120532    736208     28.48    274116     71940       252
12:18:45 AM   1679248    383440     18.59     20384    120548    736208     28.48    274108     71936       268
12:18:46 AM   1679248    383440     18.59     20384    120568    736208     28.48    274168     71936       288
12:18:47 AM   1679248    383440     18.59     20384    120584    736208     28.48    274156     71936       304
12:18:48 AM   1679124    383564     18.60     20392    120612    736208     28.48    274248     71940       332
12:18:49 AM   1679092    383596     18.60     20392    120636    736208     28.48    274252     71940       356
12:18:50 AM   1679096    383592     18.60     20392    120656    736208     28.48    274236     71936       376
12:18:51 AM   1679092    383596     18.60     20392    120696    736208     28.48    274376     71952       416
12:18:52 AM   1678956    383732     18.60     20392    120724    736208     28.48    274268     71936       444
12:18:53 AM   1678992    383696     18.60     20400    120748    736208     28.48    274340     71936       468
12:18:54 AM   1679000    383688     18.60     20400    120772    736208     28.48    274380     71936       492
12:18:55 AM   1679000    383688     18.60     20400    120808    736208     28.48    274408     71940       528
12:18:56 AM   1678900    383788     18.61     20400    120828    736208     28.48    274476     71936       548
12:18:57 AM   1678872    383816     18.61     20400    120852    736208     28.48    274440     71936       572
12:18:58 AM   1678720    383968     18.61     20408    120868    736208     28.48    274476     71936       592
12:18:59 AM   1678992    383696     18.60     20408    120900    736208     28.48    274496     71936       624
12:19:00 AM   1678844    383844     18.61     20408    120920    736208     28.48    274528     71940       644
12:19:01 AM   1678852    383836     18.61     20408    120944    736208     28.48    274648     71936       668
12:19:02 AM   1678588    384100     18.62     20408    120972    736208     28.48    274660     71940       696
12:19:03 AM   1678552    384136     18.62     20416    120992    736208     28.48    274700     71940       724
12:19:04 AM   1678620    384068     18.62     20416    121020    736208     28.48    274776     71936       744
12:19:05 AM   1678496    384192     18.63     20416    121048    736208     28.48    274772     71936       772
12:19:06 AM   1678496    384192     18.63     20416    121068    736208     28.48    274788     71940       328
12:19:07 AM   1678496    384192     18.63     20416    121096    736208     28.48    274816     71936       372
12:19:08 AM   1678372    384316     18.63     20424    121116    736208     28.48    274884     71944       400
12:19:09 AM   1678248    384440     18.64     20424    121156    736208     28.48    274924     71936       432
12:19:10 AM   1678240    384448     18.64     20424    121184    736208     28.48    274948     71936       460
12:19:11 AM   1678504    384184     18.63     20424    121204    736208     28.48    274900     71936       104
12:19:12 AM   1678492    384196     18.63     20424    121224    736208     28.48    274916     71940       144
12:19:13 AM   1678380    384308     18.63     20432    121240    736208     28.48    274944     71936       168
12:19:14 AM   1678236    384452     18.64     20432    121268    736208     28.48    274932     71936       224
12:19:15 AM   1678380    384308     18.63     20432    121288    736208     28.48    274980     71936       244
12:19:16 AM   1678336    384352     18.63     20432    121312    736208     28.48    275016     71932       272
12:19:17 AM   1678256    384432     18.64     20432    121340    736208     28.48    275024     71932       300
12:19:18 AM   1678132    384556     18.64     20440    121348    736208     28.48    275084     71932       316
12:19:19 AM   1678096    384592     18.65     20440    121380    736208     28.48    275112     71932       340
12:19:20 AM   1678132    384556     18.64     20440    121400    736208     28.48    275168     71932       360
12:19:21 AM   1678084    384604     18.65     20440    121428    736208     28.48    275172     71936       388
12:19:22 AM   1678132    384556     18.64     20440    121452    736208     28.48    275160     71932       412
12:19:23 AM   1678132    384556     18.64     20448    121480    736208     28.48    275192     71936       448
12:19:24 AM   1678000    384688     18.65     20448    121524    736208     28.48    275368     71936       492
12:19:25 AM   1677876    384812     18.66     20448    121548    736208     28.48    275388     71936       516
12:19:26 AM   1677844    384844     18.66     20448    121568    736208     28.48    275416     71936       536
12:19:27 AM   1677836    384852     18.66     20448    121596    736208     28.48    275496     71936       564
12:19:28 AM   1677620    385068     18.67     20456    121608    736208     28.48    275556     71936       584
12:19:29 AM   1677496    385192     18.67     20456    121636    736208     28.48    275560     71936       604
12:19:30 AM   1677432    385256     18.68     20456    121664    736208     28.48    275612     71936       632
12:19:31 AM   1677372    385316     18.68     20456    121692    736208     28.48    275660     71936         4
12:19:32 AM   1677440    385248     18.68     20456    121716    736208     28.48    275880     71940        72
12:19:33 AM   1677604    385084     18.67     20464    121740    736208     28.48    275656     71940       156
12:19:34 AM   1677584    385104     18.67     20464    121768    736208     28.48    275600     71936       164
12:19:35 AM   1677628    385060     18.67     20464    121796    736208     28.48    275632     71936       192
12:19:36 AM   1677628    385060     18.67     20464    121816    736208     28.48    275652     71936       212
12:19:37 AM   1677596    385092     18.67     20464    121848    736208     28.48    275596     71936       248
12:19:38 AM   1677596    385092     18.67     20472    121868    736208     28.48    275624     71936       276
12:19:39 AM   1677596    385092     18.67     20472    121908    736208     28.48    275652     71944       308
12:19:40 AM   1677600    385088     18.67     20472    121936    736208     28.48    275708     71936       336
12:19:41 AM   1677604    385084     18.67     20472    121960    736208     28.48    275700     71936       360
12:19:42 AM   1677388    385300     18.68     20472    121980    736208     28.48    275740     71936       380
12:19:43 AM   1677348    385340     18.68     20480    122000    736208     28.48    275768     71936       408
12:19:44 AM   1677388    385300     18.68     20480    122028    736208     28.48    275796     71940       428
12:19:45 AM   1677336    385352     18.68     20480    122048    736208     28.48    275832     71936       448
12:19:46 AM   1677252    385436     18.69     20480    122072    736208     28.48    275832     71940       472
12:19:47 AM   1677356    385332     18.68     20480    122104    736208     28.48    275876     71936       504
12:19:48 AM   1677356    385332     18.68     20488    122108    736208     28.48    275884     71936       516
12:19:49 AM   1677388    385300     18.68     20488    122152    736208     28.48    275932     71936       552
12:19:50 AM   1677320    385368     18.68     20488    122176    736208     28.48    275836     71940       576
12:19:51 AM   1677444    385244     18.68     20488    122200    736208     28.48    275792     71940       600
Average:      1679150    383538     18.59     20378    120595    736208     28.48    274157     71937       412
Linux 4.4.0-31-generic (fw-suricata) 	12/10/2017 	_i686_	(1 CPU)

04:08:00 AM kbmemfree kbmemused  %memused kbbuffers  kbcached  kbcommit   %commit  kbactive   kbinact   kbdirty
04:08:01 AM   1357996    704692     34.16     43252    411852    736396     28.49    588896     72496       204
04:08:02 AM   1357840    704848     34.17     43252    411868    736396     28.49    588936     72492       224
04:08:03 AM   1357584    705104     34.18     43252    411888    736396     28.49    588940     72492       244
04:08:04 AM   1357872    704816     34.17     43260    411904    736396     28.49    588968     72496       268
04:08:05 AM   1357716    704972     34.18     43260    411928    736396     28.49    589008     72492       288
04:08:06 AM   1357716    704972     34.18     43260    411948    736396     28.49    589028     72492       308
04:08:07 AM   1357716    704972     34.18     43260    411980    736396     28.49    589040     72496       340
04:08:08 AM   1357592    705096     34.18     43260    411996    736396     28.49    589108     72496       356
04:08:09 AM   1357624    705064     34.18     43260    412020    736396     28.49    589060     72500       380
04:08:10 AM   1357500    705188     34.19     43268    412040    736396     28.49    589112     72496       400
04:08:11 AM   1357500    705188     34.19     43268    412056    736396     28.49    589128     72496       416
04:08:12 AM   1357500    705188     34.19     43268    412080    736396     28.49    589148     72500       440
04:08:13 AM   1357588    705100     34.18     43268    412100    736396     28.49    589200     72500       460
04:08:14 AM   1357344    705344     34.20     43268    412128    736396     28.49    589204     72496       488
04:08:15 AM   1357344    705344     34.20     43276    412144    736396     28.49    589232     72496       504
04:08:16 AM   1357592    705096     34.18     43276    412164    736396     28.49    589224     72496       524
04:08:17 AM   1357500    705188     34.19     43276    412192    736396     28.49    589264     72508       552
04:08:18 AM   1357500    705188     34.19     43276    412212    736396     28.49    589304     72496       572
04:08:19 AM   1357500    705188     34.19     43276    412228    736396     28.49    589328     72496       588
04:08:20 AM   1357376    705312     34.19     43284    412252    736396     28.49    589360     72496       612
04:08:21 AM   1357344    705344     34.20     43284    412276    736396     28.49    589364     72496       636
04:08:22 AM   1357344    705344     34.20     43284    412296    736396     28.49    589396     72496       656
04:08:23 AM   1357344    705344     34.20     43284    412316    736396     28.49    589416     72500       676
04:08:24 AM   1357376    705312     34.19     43284    412336    736396     28.49    589432     72500       696
04:08:25 AM   1357376    705312     34.19     43292    412344    736396     28.49    589456     72496       532
04:08:26 AM   1357092    705596     34.21     43292    412372    736396     28.49    589484     72500       576
04:08:27 AM   1357128    705560     34.21     43292    412392    736396     28.49    589520     72496       600
04:08:28 AM   1357184    705504     34.20     43292    412420    736396     28.49    589572     72500       628
04:08:29 AM   1357252    705436     34.20     43292    412436    736396     28.49    589624     72496       644
04:08:30 AM   1357128    705560     34.21     43300    412448    736396     28.49    589640     72496       612
04:08:31 AM   1357004    705684     34.21     43300    412472    736396     28.49    589652     72496       584
04:08:32 AM   1356864    705824     34.22     43300    412492    736396     28.49    589628     72496       604
04:08:33 AM   1356864    705824     34.22     43300    412524    736396     28.49    589672     72496       636
04:08:34 AM   1356952    705736     34.21     43300    412544    736396     28.49    589704     72496       656
04:08:35 AM   1356828    705860     34.22     43324    412544    736396     28.49    589720     72496       196
04:08:36 AM   1356972    705716     34.21     43324    412592    736396     28.49    589868     72496       212
04:08:37 AM   1356956    705732     34.21     43324    412608    736396     28.49    589764     72500       228
04:08:38 AM   1356864    705824     34.22     43324    412628    736396     28.49    589804     72500       248
04:08:39 AM   1356708    705980     34.23     43324    412640    736396     28.49    589784     72500       260
04:08:40 AM   1356688    706000     34.23     43332    412652    736396     28.49    589816     72500       280
04:08:41 AM   1356828    705860     34.22     43332    412672    736396     28.49    589876     72496       292
04:08:42 AM   1356820    705868     34.22     43332    412692    736396     28.49    589876     72496       312
04:08:43 AM   1356856    705832     34.22     43332    412704    736396     28.49    589904     72492       324
04:08:44 AM   1356856    705832     34.22     43332    412720    736396     28.49    589904     72492       340
04:08:45 AM   1356732    705956     34.23     43340    412728    736396     28.49    589924     72492       356
04:08:46 AM   1356828    705860     34.22     43340    412752    736396     28.49    589976     72492       372
04:08:47 AM   1356668    706020     34.23     43340    412764    736396     28.49    589968     72492       384
04:08:48 AM   1356576    706112     34.23     43340    412780    736396     28.49    589980     72492       400
04:08:49 AM   1356608    706080     34.23     43340    412808    736396     28.49    589964     72508       428
04:08:50 AM   1356732    705956     34.23     43348    412816    736396     28.49    590036     72496       444
04:08:51 AM   1356608    706080     34.23     43348    412836    736396     28.49    590040     72496       456
04:08:52 AM   1356576    706112     34.23     43348    412856    736396     28.49    590064     72496       476
04:08:53 AM   1356576    706112     34.23     43348    412872    736396     28.49    590040     72496       492
04:08:54 AM   1356608    706080     34.23     43348    412888    736396     28.49    590104     72496       508
04:08:55 AM   1356416    706272     34.24     43356    412892    736396     28.49    590124     72496       520
04:08:56 AM   1356360    706328     34.24     43356    412920    736396     28.49    590144     72496       540
04:08:57 AM   1356568    706120     34.23     43356    412940    736396     28.49    590136     72496       560
04:08:58 AM   1356360    706328     34.24     43356    412956    736396     28.49    590172     72500       576
04:08:59 AM   1356360    706328     34.24     43356    412968    736396     28.49    590196     72496       588
04:09:00 AM   1356360    706328     34.24     43356    412984    736396     28.49    590204     72496       540
04:09:01 AM   1356424    706264     34.24     43364    412996    736396     28.49    590252     72496       536
04:09:02 AM   1356484    706204     34.24     43364    413012    736396     28.49    590264     72496       552
04:09:03 AM   1356360    706328     34.24     43364    413028    736396     28.49    590256     72500       572
04:09:04 AM   1356360    706328     34.24     43364    413052    736396     28.49    590280     72500       596
04:09:05 AM   1356328    706360     34.24     43364    413072    736396     28.49    590308     72504       564
04:09:06 AM   1356360    706328     34.24     43372    413088    736396     28.49    590316     72496       532
04:09:07 AM   1356360    706328     34.24     43372    413104    736396     28.49    590388     72496       576
04:09:08 AM   1356236    706452     34.25     43372    413132    736396     28.49    590372     72504       604
04:09:09 AM   1356212    706476     34.25     43372    413148    736396     28.49    590400     72496       620
04:09:10 AM   1356204    706484     34.25     43372    413168    736396     28.49    590680     72496       100
04:09:11 AM   1356236    706452     34.25     43380    413180    736396     28.49    590436     72496       164
04:09:12 AM   1356204    706484     34.25     43380    413208    736396     28.49    590468     72496       172
04:09:13 AM   1356112    706576     34.26     43380    413224    736396     28.49    590524     72500       188
04:09:14 AM   1356112    706576     34.26     43380    413240    736396     28.49    590496     72496       204
04:09:15 AM   1355988    706700     34.26     43380    413256    736396     28.49    590568     72496       220
04:09:16 AM   1356112    706576     34.26     43388    413268    736396     28.49    590532     72496       240
04:09:17 AM   1356112    706576     34.26     43388    413296    736396     28.49    590604     72500       260
04:09:18 AM   1355988    706700     34.26     43388    413320    736396     28.49    590596     72492       284
04:09:19 AM   1356076    706612     34.26     43388    413340    736396     28.49    590652     72492       304
04:09:20 AM   1356080    706608     34.26     43388    413368    736396     28.49    590664     72492       332
04:09:21 AM   1355984    706704     34.26     43396    413384    736396     28.49    590696     72492       356
04:09:22 AM   1355984    706704     34.26     43396    413424    736396     28.49    590740     72492       388
04:09:23 AM   1355984    706704     34.26     43396    413444    736396     28.49    590772     72492       408
04:09:24 AM   1355984    706704     34.26     43396    413472    736396     28.49    590768     72492       436
04:09:25 AM   1355860    706828     34.27     43396    413500    736396     28.49    590840     72496       464
04:09:26 AM   1355860    706828     34.27     43404    413520    736396     28.49    590800     72496       492
04:09:27 AM   1355860    706828     34.27     43404    413556    736396     28.49    590876     72500       520
04:09:28 AM   1355692    706996     34.28     43404    413584    736396     28.49    590992     72500       548
04:09:29 AM   1355572    707116     34.28     43404    413608    736396     28.49    591020     72496       572
04:09:30 AM   1355604    707084     34.28     43404    413632    736396     28.49    591048     72496       596
04:09:31 AM   1355604    707084     34.28     43412    413648    736396     28.49    591092     72496       620
04:09:32 AM   1355604    707084     34.28     43412    413688    736396     28.49    591128     72496       652
04:09:33 AM   1355604    707084     34.28     43412    413716    736396     28.49    591112     72496       680
04:09:34 AM   1355604    707084     34.28     43412    413736    736396     28.49    591176     72496       700
04:09:35 AM   1355324    707364     34.29     43412    413756    736396     28.49    591168     72496       476
04:09:36 AM   1355356    707332     34.29     43420    413768    736396     28.49    591184     72496       512
04:09:37 AM   1355596    707092     34.28     43420    413812    736396     28.49    591268     72508       556
04:09:38 AM   1355612    707076     34.28     43420    413836    736396     28.49    591172     72500       580
04:09:39 AM   1355612    707076     34.28     43420    413868    736396     28.49    591180     72496       612
04:09:40 AM   1355480    707208     34.29     43420    413892    736396     28.49    591336     72496       584
04:09:41 AM   1355480    707208     34.29     43428    413916    736396     28.49    591312     72500       576
04:09:42 AM   1355224    707464     34.30     43428    413940    736396     28.49    591412     72500       616
04:09:43 AM   1355200    707488     34.30     43428    413960    736396     28.49    591376     72496       636
04:09:44 AM   1355200    707488     34.30     43428    413984    736396     28.49    591448     72496       660
04:09:45 AM   1355156    707532     34.30     43428    414004    736396     28.49    591556     72496       116
04:09:46 AM   1355232    707456     34.30     43436    414024    736396     28.49    591456     72496       228
04:09:47 AM   1355216    707472     34.30     43436    414056    736396     28.49    591496     72496       236
04:09:48 AM   1355224    707464     34.30     43436    414076    736396     28.49    591500     72496       256
04:09:49 AM   1355200    707488     34.30     43436    414096    736396     28.49    591524     72496       276
04:09:50 AM   1355336    707352     34.29     43436    414108    736396     28.49    591436     72496       288
04:09:51 AM   1355232    707456     34.30     43444    414132    736396     28.49    591452     72500       320
04:09:52 AM   1355116    707572     34.30     43444    414164    736396     28.49    591520     72496       344
04:09:53 AM   1355116    707572     34.30     43444    414200    736396     28.49    591596     72504       380
04:09:54 AM   1355076    707612     34.31     43444    414228    736396     28.49    591716     72500       408
04:09:55 AM   1354860    707828     34.32     43444    414252    736396     28.49    591752     72496       432
04:09:56 AM   1354984    707704     34.31     43452    414272    736396     28.49    591752     72496       460
04:09:57 AM   1354984    707704     34.31     43452    414304    736396     28.49    591752     72496       484
04:09:58 AM   1354860    707828     34.32     43452    414328    736396     28.49    591776     72500       508
04:09:59 AM   1354860    707828     34.32     43452    414348    736396     28.49    591840     72496       528
04:10:00 AM   1354860    707828     34.32     43452    414368    736396     28.49    591872     72492       548
04:10:01 AM   1354860    707828     34.32     43452    414396    736396     28.49    591900     72492       576
04:10:02 AM   1354736    707952     34.32     43460    414416    736396     28.49    591888     72496       596
04:10:03 AM   1354716    707972     34.32     43460    414436    736396     28.49    591908     72492       616
04:10:04 AM   1354744    707944     34.32     43460    414456    736396     28.49    591840     72496       636
04:10:05 AM   1354744    707944     34.32     43460    414480    736396     28.49    591864     72492       660
04:10:06 AM   1354744    707944     34.32     43460    414504    736396     28.49    591888     72492       684
04:10:07 AM   1354704    707984     34.32     43468    414532    736396     28.49    591960     72496       712
04:10:08 AM   1354704    707984     34.32     43468    414556    736396     28.49    591944     72500       736
04:10:09 AM   1354712    707976     34.32     43468    414592    736396     28.49    592008     72508       772
04:10:10 AM   1354620    708068     34.33     43468    414620    736396     28.49    592052     72496       492
04:10:11 AM   1354612    708076     34.33     43468    414644    736396     28.49    592080     72496       520
04:10:12 AM   1354336    708352     34.34     43476    414668    736396     28.49    592124     72496       552
04:10:13 AM   1354432    708256     34.34     43476    414696    736396     28.49    592204     72496       580
04:10:14 AM   1354332    708356     34.34     43476    414716    736396     28.49    592256     72500       600
04:10:15 AM   1354364    708324     34.34     43476    414748    736396     28.49    592252     72496       580
04:10:16 AM   1354208    708480     34.35     43476    414772    736396     28.49    592320     72496       576
04:10:17 AM   1354172    708516     34.35     43484    414796    736396     28.49    592352     72496       620
04:10:18 AM   1354208    708480     34.35     43484    414812    736396     28.49    592364     72496       636
04:10:19 AM   1354332    708356     34.34     43484    414828    736396     28.49    592284     72496       652
04:10:20 AM   1354340    708348     34.34     43488    414852    736396     28.49    592264     72500       128
Average:      1356119    706569     34.25     43373    413275    736396     28.49    590558     72497       470
