Linux 4.4.0-31-generic (dpi-suricata) 	12/10/2017 	_i686_	(1 CPU)

01:07:52 AM kbmemfree kbmemused  %memused kbbuffers  kbcached  kbcommit   %commit  kbactive   kbinact   kbdirty
01:07:53 AM    354928   1707760     82.79     89116    742856    984572     38.09    821240    818412       572
01:07:54 AM    354804   1707884     82.80     89116    742888    984572     38.09    821264    818392       608
01:07:55 AM    354804   1707884     82.80     89116    742920    984572     38.09    821300    818392       640
01:07:56 AM    354556   1708132     82.81     89124    742980    984572     38.09    821340    818388       708
01:07:57 AM    354340   1708348     82.82     89124    742980    984572     38.09    821364    818388       740
01:07:58 AM    353688   1709000     82.85     89124    743080    984572     38.09    822196    818388       840
01:07:59 AM    352076   1710612     82.93     89124    743076    984572     38.09    823884    818388       836
01:08:00 AM    350432   1712256     83.01     89124    743120    984572     38.09    825440    818388       880
01:08:01 AM    348976   1713712     83.08     89128    743156    984572     38.09    827080    818388       920
01:08:02 AM    347704   1714984     83.14     89128    743192    984572     38.09    828180    818388       952
01:08:03 AM    346340   1716348     83.21     89128    743236    984572     38.09    829556    818388       996
01:08:04 AM    344544   1718144     83.30     89128    743280    984572     38.09    831564    818388      1040
01:08:05 AM    343180   1719508     83.36     89128    743328    984572     38.09    832768    818388      1088
01:08:06 AM    341752   1720936     83.43     89136    743364    984572     38.09    834124    818392      1132
01:08:07 AM    340204   1722484     83.51     89136    743424    984572     38.09    835816    818392      1184
01:08:08 AM    338868   1723820     83.57     89136    743480    984572     38.09    836824    818392      1240
01:08:09 AM    338840   1723848     83.57     89136    743536    984572     38.09    837048    818396      1296
01:08:10 AM    338280   1724408     83.60     89136    743572    984572     38.09    837520    818388      1332
01:08:11 AM    337752   1724936     83.63     89144    743604    984572     38.09    838048    818388      1372
01:08:12 AM    336980   1725708     83.66     89144    743648    984572     38.09    838684    818392      1408
01:08:13 AM    336388   1726300     83.69     89144    743688    984572     38.09    839324    818396       484
01:08:14 AM    336280   1726408     83.70     89144    743724    984572     38.09    839572    818392       492
01:08:15 AM    335768   1726920     83.72     89144    743768    984572     38.09    839856    818388       540
01:08:16 AM    335088   1727600     83.75     89148    743860    984572     38.09    840652    818388       636
01:08:17 AM    334496   1728192     83.78     89148    743868    984572     38.09    841184    818396       660
01:08:18 AM    333964   1728724     83.81     89148    743912    984572     38.09    841680    818396       704
01:08:19 AM    333600   1729088     83.83     89148    743952    984572     38.09    842348    818396       720
01:08:20 AM    333352   1729336     83.84     89148    743980    984572     38.09    842672    818396       748
01:08:21 AM    332764   1729924     83.87     89156    744004    984572     38.09    843184    818400       780
01:08:22 AM    332452   1730236     83.88     89156    744052    984572     38.09    843332    818396       820
01:08:23 AM    331708   1730980     83.92     89156    744108    984572     38.09    844424    818404       324
01:08:24 AM    331204   1731484     83.94     89156    744148    984572     38.09    844748    818396       372
01:08:25 AM    330776   1731912     83.96     89156    744188    984572     38.09    845304    818400       372
01:08:26 AM    329912   1732776     84.01     89164    744232    984572     38.09    846176    818396       424
01:08:27 AM    329260   1733428     84.04     89164    744280    984572     38.09    846548    818400       496
01:08:28 AM    328756   1733932     84.06     89164    744304    984572     38.09    847152    818404       520
01:08:29 AM    328452   1734236     84.08     89164    744344    984572     38.09    847340    818400       560
01:08:30 AM    327752   1734936     84.11     89164    744368    984572     38.09    848064    818396       584
01:08:31 AM    327340   1735348     84.13     89172    744392    984572     38.09    848444    818396       616
01:08:32 AM    326668   1736020     84.16     89172    744424    984572     38.09    849096    818396       644
01:08:33 AM    326608   1736080     84.17     89172    744448    984572     38.09    849276    818396       668
01:08:34 AM    326308   1736380     84.18     89172    744484    984572     38.09    849640    818408       704
01:08:35 AM    325996   1736692     84.20     89172    744512    984572     38.09    849676    818400       732
01:08:36 AM    325716   1736972     84.21     89180    744532    984572     38.09    850012    818400       760
01:08:37 AM    325376   1737312     84.23     89180    744572    984572     38.09    850164    818396       792
01:08:38 AM    324748   1737940     84.26     89180    744604    984572     38.09    851116    818396       824
01:08:39 AM    324408   1738280     84.27     89184    744628    984572     38.09    851472    818396       852
01:08:40 AM    323936   1738752     84.30     89184    744656    984572     38.09    852028    818384       884
01:08:41 AM    323548   1739140     84.31     89188    744688    984572     38.09    852068    818388       920
01:08:42 AM    322712   1739976     84.35     89188    744724    984572     38.09    853048    818392       960
01:08:43 AM    322308   1740380     84.37     89188    744764    984572     38.09    853784    818388      1000
01:08:44 AM    321780   1740908     84.40     89188    744792    984572     38.09    853916    818384      1028
01:08:45 AM    321684   1741004     84.40     89188    744820    984572     38.09    853996    818384      1056
01:08:46 AM    321252   1741436     84.43     89196    744840    984572     38.09    854552    818384      1084
01:08:47 AM    320912   1741776     84.44     89196    744880    984572     38.09    855052    818388      1116
01:08:48 AM    320080   1742608     84.48     89196    744972    984572     38.09    855584    818384       528
01:08:49 AM    319972   1742716     84.49     89196    744976    984572     38.09    855852    818408       524
01:08:50 AM    319664   1743024     84.50     89196    745012    984572     38.09    856296    818412       564
01:08:51 AM    318844   1743844     84.54     89200    745032    984572     38.09    857420    818412       588
01:08:52 AM    318128   1744560     84.58     89200    745064    984572     38.09    857856    818412       620
01:08:53 AM    317604   1745084     84.60     89200    745088    984572     38.09    858596    818420       644
01:08:54 AM    317160   1745528     84.62     89200    745116    984572     38.09    858752    818412       652
01:08:55 AM    316424   1746264     84.66     89200    745148    984572     38.09    859376    818408       688
01:08:56 AM    316300   1746388     84.67     89204    745184    984572     38.09    859840    818408       728
01:08:57 AM    315588   1747100     84.70     89204    745208    984572     38.09    860564    818408       748
01:08:58 AM    315224   1747464     84.72     89204    745244    984572     38.09    860684    818408       168
01:08:59 AM    314944   1747744     84.73     89204    745276    984572     38.09    860840    818408       244
01:09:00 AM    314380   1748308     84.76     89204    745316    984572     38.09    861196    818408       244
01:09:01 AM    314132   1748556     84.77     89208    745340    984572     38.09    861760    818408       324
01:09:02 AM    313604   1749084     84.80     89208    745388    984572     38.09    862028    818412       348
01:09:03 AM    313232   1749456     84.81     89208    745424    984572     38.09    862356    818412       384
01:09:04 AM    313000   1749688     84.83     89208    745468    984572     38.09    862572    818416       428
01:09:05 AM    312960   1749728     84.83     89208    745508    984572     38.09    862704    818416       468
01:09:06 AM    313016   1749672     84.82     89216    745528    984572     38.09    862672    818408       496
01:09:07 AM    312984   1749704     84.83     89216    745568    984572     38.09    862696    818408       532
01:09:08 AM    312860   1749828     84.83     89216    745600    984572     38.09    862732    818408       564
01:09:09 AM    312892   1749796     84.83     89216    745636    984572     38.09    862820    818412       600
01:09:10 AM    312828   1749860     84.83     89216    745684    984572     38.09    862860    818412       648
01:09:11 AM    312548   1750140     84.85     89220    745776    984572     38.09    862896    818412       744
01:09:12 AM    312520   1750168     84.85     89220    745780    984572     38.09    862964    818408       744
01:09:13 AM    312488   1750200     84.85     89220    745824    984572     38.09    863016    818408       788
01:09:14 AM    312736   1749952     84.84     89220    745872    984572     38.09    863032    818412       828
01:09:15 AM    312456   1750232     84.85     89220    745916    984572     38.09    863196    818412       872
01:09:16 AM    312364   1750324     84.86     89224    745968    984572     38.09    863512    818420       928
01:09:17 AM    311900   1750788     84.88     89224    746008    984572     38.09    863756    818412       964
01:09:18 AM    311744   1750944     84.89     89224    746116    984572     38.09    863920    818412      1072
01:09:19 AM    311712   1750976     84.89     89224    746108    984572     38.09    863964    818420      1064
01:09:20 AM    311620   1751068     84.89     89224    746152    984572     38.09    864048    818420      1108
01:09:21 AM    311248   1751440     84.91     89232    746180    984572     38.09    864412    818420      1144
01:09:22 AM    311148   1751540     84.92     89232    746232    984572     38.09    864676    818424      1188
01:09:23 AM    310900   1751788     84.93     89232    746272    984572     38.09    865084    818424       508
01:09:24 AM    310752   1751936     84.93     89232    746360    984572     38.09    865200    818424       552
01:09:25 AM    310040   1752648     84.97     89232    746352    984572     38.09    865956    818428       548
01:09:26 AM    309512   1753176     84.99     89236    746400    984572     38.09    866608    818424       600
01:09:27 AM    308924   1753764     85.02     89236    746432    984572     38.09    866788    818420       628
01:09:28 AM    308644   1754044     85.04     89236    746544    984572     38.09    867396    818424       324
01:09:29 AM    307680   1755008     85.08     89236    746528    984572     38.09    868396    818420       292
01:09:30 AM    306504   1756184     85.14     89236    746560    984572     38.09    869364    818424       332
01:09:31 AM    306196   1756492     85.16     89244    746612    984572     38.09    869512    818424       392
01:09:32 AM    306196   1756492     85.16     89244    746724    984572     38.09    869848    818424       496
01:09:33 AM    305376   1757312     85.20     89244    746708    984572     38.09    870176    818424       364
01:09:34 AM    305384   1757304     85.19     89244    746804    984572     38.09    870524    818420       432
01:09:35 AM    305164   1757524     85.21     89244    746836    984572     38.09    870720    818420       488
01:09:36 AM    304016   1758672     85.26     89252    746880    984572     38.09    871628    818420       540
01:09:37 AM    304024   1758664     85.26     89252    746880    984572     38.09    871760    818428       536
01:09:38 AM    304008   1758680     85.26     89252    746920    984572     38.09    871764    818424       604
01:09:39 AM    303908   1758780     85.27     89252    747020    984572     38.09    872108    818424       704
01:09:40 AM    303552   1759136     85.28     89252    747016    984572     38.09    872564    818420       700
01:09:41 AM    302996   1759692     85.31     89256    747112    984572     38.09    872984    818420       800
01:09:42 AM    302312   1760376     85.34     89256    747100    984572     38.09    873680    818416       784
01:09:43 AM    301972   1760716     85.36     89256    747140    984572     38.09    874032    818420       824
01:09:44 AM    301880   1760808     85.36     89256    747180    984572     38.09    874044    818416       864
01:09:45 AM    301296   1761392     85.39     89256    747288    984572     38.09    874384    818416       972
01:09:46 AM    300832   1761856     85.42     89264    747324    984572     38.09    874940    818416      1016
01:09:47 AM    300024   1762664     85.45     89264    747392    984572     38.09    875680    818420      1076
01:09:48 AM    299716   1762972     85.47     89264    747436    984572     38.09    876048    818428      1120
01:09:49 AM    299684   1763004     85.47     89264    747420    984572     38.09    876260    818424      1104
01:09:50 AM    299220   1763468     85.49     89264    747456    984572     38.09    876508    818428      1140
01:09:51 AM    298912   1763776     85.51     89268    747540    984572     38.09    876844    818424      1224
01:09:52 AM    298848   1763840     85.51     89268    747572    984572     38.09    877260    818416      1256
01:09:53 AM    297484   1765204     85.58     89268    747616    984572     38.09    878272    818416      1284
01:09:54 AM    296816   1765872     85.61     89268    747648    984572     38.09    879036    818416      1328
01:09:55 AM    296728   1765960     85.61     89268    747676    984572     38.09    879048    818416      1356
01:09:56 AM    296368   1766320     85.63     89276    747692    984572     38.09    879792    818416      1380
01:09:57 AM    295904   1766784     85.65     89276    747740    984572     38.09    880300    818420      1420
01:09:58 AM    295640   1767048     85.67     89276    747764    984572     38.09    880384    818424       120
01:09:59 AM    295640   1767048     85.67     89276    747792    984572     38.09    880396    818420       156
01:10:00 AM    295564   1767124     85.67     89276    747832    984572     38.09    880560    818420       196
01:10:01 AM    295284   1767404     85.68     89280    747860    984572     38.09    880480    818420       228
01:10:02 AM    295316   1767372     85.68     89280    747896    984572     38.09    880508    818420       268
01:10:03 AM    295316   1767372     85.68     89280    747932    984572     38.09    880540    818420       304
01:10:04 AM    295160   1767528     85.69     89280    747960    984572     38.09    880580    818416       320
01:10:05 AM    295036   1767652     85.70     89280    747988    984572     38.09    880612    818420       352
01:10:06 AM    294912   1767776     85.70     89288    748008    984572     38.09    880644    818420       380
01:10:07 AM    295160   1767528     85.69     89288    748056    984572     38.09    880672    818420       420
01:10:08 AM    294944   1767744     85.70     89288    748076    984572     38.09    880724    818416       440
01:10:09 AM    294912   1767776     85.70     89288    748104    984572     38.09    880736    818416       364
01:10:10 AM    294944   1767744     85.70     89288    748132    984572     38.09    880772    818416       392
01:10:11 AM    295032   1767656     85.70     89288    748168    984572     38.09    880712    818416       432
01:10:12 AM    295076   1767612     85.69     89288    748200    984572     38.09    880652    818420       488
Average:       317617   1745071     84.60     89207    745542    984572     38.09    858222    818408       719
Linux 4.4.0-31-generic (dpi-suricata) 	12/10/2017 	_i686_	(1 CPU)

04:58:25 AM kbmemfree kbmemused  %memused kbbuffers  kbcached  kbcommit   %commit  kbactive   kbinact   kbdirty
04:58:26 AM    382312   1680376     81.47     62952    740708    984708     38.09    745960    867152       480
04:58:27 AM    382344   1680344     81.46     62952    740728    984708     38.09    745996    867148       504
04:58:28 AM    382220   1680468     81.47     62952    740772    984708     38.09    746044    867144       548
04:58:29 AM    382188   1680500     81.47     62952    740816    984708     38.09    746084    867148       592
04:58:30 AM    382220   1680468     81.47     62960    740840    984708     38.09    746112    867144       588
04:58:31 AM    381228   1681460     81.52     62960    740952    984708     38.09    747460    867144       704
04:58:32 AM    380328   1682360     81.56     62960    740952    984708     38.09    748268    867148       704
04:58:33 AM    378872   1683816     81.63     62960    741000    984708     38.09    749852    867148       752
04:58:34 AM    377632   1685056     81.69     62960    741040    984708     38.09    751048    867152       792
04:58:35 AM    376764   1685924     81.73     62968    741076    984708     38.09    751820    867148       836
04:58:36 AM    375120   1687568     81.81     62968    741128    984708     38.09    753408    867148       880
04:58:37 AM    373600   1689088     81.89     62968    741244    984708     38.09    754904    867148       996
04:58:38 AM    371432   1691256     81.99     62968    741240    984708     38.09    756968    867144       992
04:58:39 AM    369200   1693488     82.10     62968    741300    984708     38.09    759376    867148       988
04:58:40 AM    367648   1695040     82.18     62976    741340    984708     38.09    760788    867152      1000
04:58:41 AM    366936   1695752     82.21     62976    741396    984708     38.09    761572    867148      1048
04:58:42 AM    366248   1696440     82.24     62976    741444    984708     38.09    761780    867148      1096
04:58:43 AM    366472   1696216     82.23     62976    741488    984708     38.09    761912    867152      1140
04:58:44 AM    365976   1696712     82.26     62976    741520    984708     38.09    762512    867148      1172
04:58:45 AM    365308   1697380     82.29     62984    741572    984708     38.09    762932    867148      1184
04:58:46 AM    364828   1697860     82.31     62984    741624    984708     38.09    763468    867144      1228
04:58:47 AM    364192   1698496     82.34     62984    741664    984708     38.09    764192    867144      1268
04:58:48 AM    363184   1699504     82.39     62984    741704    984708     38.09    765100    867144      1308
04:58:49 AM    362596   1700092     82.42     62984    741748    984708     38.09    765612    867148      1248
04:58:50 AM    362256   1700432     82.44     62992    741772    984708     38.09    766208    867144      1268
04:58:51 AM    361480   1701208     82.48     62992    741820    984708     38.09    767012    867148      1316
04:58:52 AM    360704   1701984     82.51     62992    741860    984708     38.09    767716    867144      1356
04:58:53 AM    360424   1702264     82.53     62992    741900    984708     38.09    767904    867144      1396
04:58:54 AM    360052   1702636     82.54     62992    741948    984708     38.09    768324    867152       532
04:58:55 AM    359464   1703224     82.57     63000    742016    984708     38.09    768896    867148       584
04:58:56 AM    359216   1703472     82.59     63000    742032    984708     38.09    769244    867156       612
04:58:57 AM    358616   1704072     82.61     63000    742076    984708     38.09    769540    867152       656
04:58:58 AM    358100   1704588     82.64     63000    742120    984708     38.09    770092    867152       700
04:58:59 AM    357664   1705024     82.66     63020    742188    984708     38.09    770456    867148       196
04:59:00 AM    357488   1705200     82.67     63024    742200    984708     38.09    770856    867132       308
04:59:01 AM    356912   1705776     82.70     63024    742244    984708     38.09    771440    867132       348
04:59:02 AM    356644   1706044     82.71     63024    742276    984708     38.09    771548    867136       380
04:59:03 AM    356272   1706416     82.73     63024    742300    984708     38.09    772172    867132       404
04:59:04 AM    355992   1706696     82.74     63024    742324    984708     38.09    772580    867132       428
04:59:05 AM    355868   1706820     82.75     63032    742348    984708     38.09    772636    867136       420
04:59:06 AM    355776   1706912     82.75     63032    742380    984708     38.09    772992    867132       452
04:59:07 AM    354968   1707720     82.79     63032    742412    984708     38.09    773652    867128       488
04:59:08 AM    353852   1708836     82.85     63032    742448    984708     38.09    774420    867132       524
04:59:09 AM    353388   1709300     82.87     63032    742476    984708     38.09    774732    867136       552
04:59:10 AM    352896   1709792     82.89     63040    742492    984708     38.09    775292    867132       576
04:59:11 AM    352120   1710568     82.93     63040    742528    984708     38.09    776376    867132       608
04:59:12 AM    351128   1711560     82.98     63040    742552    984708     38.09    777384    867132       632
04:59:13 AM    350260   1712428     83.02     63040    742584    984708     38.09    778220    867132       664
04:59:14 AM    349640   1713048     83.05     63040    742620    984708     38.09    778692    867128       700
04:59:15 AM    348368   1714320     83.11     63048    742648    984708     38.09    779676    867132       736
04:59:16 AM    348492   1714196     83.10     63048    742684    984708     38.09    779900    867132       764
04:59:17 AM    347492   1715196     83.15     63048    742716    984708     38.09    780760    867136       796
04:59:18 AM    347176   1715512     83.17     63048    742748    984708     38.09    781180    867132       828
04:59:19 AM    346012   1716676     83.23     63048    742784    984708     38.09    782192    867132       864
04:59:20 AM    345920   1716768     83.23     63048    742816    984708     38.09    782416    867132       896
04:59:21 AM    345240   1717448     83.26     63048    742844    984708     38.09    783036    867124       924
04:59:22 AM    344928   1717760     83.28     63048    742876    984708     38.09    783336    867132       956
04:59:23 AM    344680   1718008     83.29     63048    742896    984708     38.09    783464    867128       976
04:59:24 AM    344308   1718380     83.31     63048    742924    984708     38.09    784120    867128       952
04:59:25 AM    343564   1719124     83.34     63052    742944    984708     38.09    784756    867128       952
04:59:26 AM    342884   1719804     83.38     63052    742984    984708     38.09    785424    867132       988
04:59:27 AM    342388   1720300     83.40     63052    743012    984708     38.09    785996    867128      1024
04:59:28 AM    341828   1720860     83.43     63052    743044    984708     38.09    786700    867124      1056
04:59:29 AM    341392   1721296     83.45     63052    743076    984708     38.09    786884    867128       548
04:59:30 AM    341208   1721480     83.46     63056    743100    984708     38.09    787320    867124       592
04:59:31 AM    340484   1722204     83.49     63056    743140    984708     38.09    787680    867128       576
04:59:32 AM    340548   1722140     83.49     63056    743180    984708     38.09    787732    867124       644
04:59:33 AM    340152   1722536     83.51     63056    743220    984708     38.09    788012    867128       684
04:59:34 AM    340016   1722672     83.52     63056    743236    984708     38.09    788260    867124       212
04:59:35 AM    339764   1722924     83.53     63064    743268    984708     38.09    788472    867124       260
04:59:36 AM    339628   1723060     83.53     63064    743312    984708     38.09    788840    867128       296
04:59:37 AM    339216   1723472     83.55     63064    743344    984708     38.09    788984    867128       296
04:59:38 AM    339216   1723472     83.55     63064    743372    984708     38.09    788960    867128       324
04:59:39 AM    339092   1723596     83.56     63064    743416    984708     38.09    789024    867132       368
04:59:40 AM    338532   1724156     83.59     63072    743436    984708     38.09    789508    867128       356
04:59:41 AM    338224   1724464     83.60     63072    743476    984708     38.09    789880    867128       388
04:59:42 AM    337760   1724928     83.63     63072    743576    984708     38.09    790408    867124       500
04:59:43 AM    337448   1725240     83.64     63072    743564    984708     38.09    790624    867132       488
04:59:44 AM    337108   1725580     83.66     63072    743648    984708     38.09    791308    867132       572
04:59:45 AM    336272   1726416     83.70     63080    743688    984708     38.09    791824    867132       612
04:59:46 AM    336208   1726480     83.70     63080    743728    984708     38.09    791932    867128       652
04:59:47 AM    336032   1726656     83.71     63080    743776    984708     38.09    792396    867128       700
04:59:48 AM    334912   1727776     83.76     63080    743828    984708     38.09    793500    867124       752
04:59:49 AM    334544   1728144     83.78     63080    743872    984708     38.09    793644    867128       796
04:59:50 AM    334544   1728144     83.78     63084    743908    984708     38.09    793864    867128       832
04:59:51 AM    334436   1728252     83.79     63084    743952    984708     38.09    794076    867128       876
04:59:52 AM    334184   1728504     83.80     63084    743988    984708     38.09    794352    867128       912
04:59:53 AM    334048   1728640     83.81     63084    744032    984708     38.09    794260    867128       956
04:59:54 AM    333552   1729136     83.83     63084    744068    984708     38.09    794768    867128       992
04:59:55 AM    333148   1729540     83.85     63084    744120    984708     38.09    795184    867132      1044
04:59:56 AM    332840   1729848     83.86     63084    744168    984708     38.09    795556    867124      1092
04:59:57 AM    332032   1730656     83.90     63084    744244    984708     38.09    796500    867160      1168
04:59:58 AM    331784   1730904     83.91     63084    744292    984708     38.09    796844    867160      1216
04:59:59 AM    331196   1731492     83.94     63084    744336    984708     38.09    797188    867160      1196
05:00:00 AM    331040   1731648     83.95     63092    744368    984708     38.09    797216    867160      1236
05:00:01 AM    330544   1732144     83.98     63092    744416    984708     38.09    797912    867160      1284
05:00:02 AM    330204   1732484     83.99     63092    744452    984708     38.09    798292    867160      1320
05:00:03 AM    329148   1733540     84.04     63092    744512    984708     38.09    799284    867160      1380
05:00:04 AM    328492   1734196     84.07     63092    744552    984708     38.09    799968    867156       496
05:00:05 AM    328220   1734468     84.09     63100    744592    984708     38.09    800200    867156       568
05:00:06 AM    327568   1735120     84.12     63100    744648    984708     38.09    801172    867160       652
05:00:07 AM    327164   1735524     84.14     63100    744684    984708     38.09    801416    867156       688
05:00:08 AM    326980   1735708     84.15     63100    744720    984708     38.09    801588    867156       724
05:00:09 AM    326664   1736024     84.16     63100    744764    984708     38.09    801936    867156       240
05:00:10 AM    325900   1736788     84.20     63104    744812    984708     38.09    802640    867160       316
05:00:11 AM    325864   1736824     84.20     63104    744856    984708     38.09    802624    867164       364
05:00:12 AM    325368   1737320     84.23     63104    744880    984708     38.09    803240    867160       388
05:00:13 AM    324872   1737816     84.25     63104    744916    984708     38.09    803512    867160       424
05:00:14 AM    324592   1738096     84.26     63104    744960    984708     38.09    803708    867160       424
05:00:15 AM    324500   1738188     84.27     63104    745000    984708     38.09    803824    867164       464
05:00:16 AM    324500   1738188     84.27     63104    745036    984708     38.09    803860    867164       508
05:00:17 AM    324064   1738624     84.29     63104    745088    984708     38.09    803920    867164       564
05:00:18 AM    324376   1738312     84.27     63104    745124    984708     38.09    803960    867164       600
05:00:19 AM    323352   1739336     84.32     63104    745168    984708     38.09    804920    867164       644
05:00:20 AM    322856   1739832     84.35     63104    745204    984708     38.09    805484    867160       680
05:00:21 AM    322732   1739956     84.35     63104    745248    984708     38.09    805536    867160       724
05:00:22 AM    322548   1740140     84.36     63104    745292    984708     38.09    805592    867160       768
05:00:23 AM    322112   1740576     84.38     63104    745352    984708     38.09    805872    867168       828
05:00:24 AM    321616   1741072     84.41     63104    745404    984708     38.09    806400    867168       880
05:00:25 AM    321044   1741644     84.44     63108    745440    984708     38.09    807004    867168       920
05:00:26 AM    320700   1741988     84.45     63108    745476    984708     38.09    807400    867160       952
05:00:27 AM    320236   1742452     84.47     63108    745516    984708     38.09    808248    867164       992
05:00:28 AM    319880   1742808     84.49     63108    745548    984708     38.09    808568    867160      1024
05:00:29 AM    319664   1743024     84.50     63108    745584    984708     38.09    808820    867160      1060
05:00:30 AM    319292   1743396     84.52     63112    745616    984708     38.09    809156    867160      1096
05:00:31 AM    319076   1743612     84.53     63112    745656    984708     38.09    809196    867156      1132
05:00:32 AM    319076   1743612     84.53     63112    745684    984708     38.09    809248    867152      1160
05:00:33 AM    318904   1743784     84.54     63112    745712    984708     38.09    809280    867156      1188
05:00:34 AM    318936   1743752     84.54     63112    745744    984708     38.09    809320    867152      1160
05:00:35 AM    318936   1743752     84.54     63120    745764    984708     38.09    809332    867152      1188
05:00:36 AM    318688   1744000     84.55     63120    745808    984708     38.09    809384    867160      1232
05:00:37 AM    318656   1744032     84.55     63120    745832    984708     38.09    809420    867152      1256
05:00:38 AM    318688   1744000     84.55     63120    745872    984708     38.09    809456    867156      1296
05:00:39 AM    318656   1744032     84.55     63120    745904    984708     38.09    809488    867156       500
05:00:40 AM    318688   1744000     84.55     63124    745940    984708     38.09    809528    867160       564
05:00:41 AM    318656   1744032     84.55     63124    745964    984708     38.09    809560    867152       620
05:00:42 AM    318408   1744280     84.56     63124    745996    984708     38.09    809588    867156       652
05:00:43 AM    318524   1744164     84.56     63124    746028    984708     38.09    809716    867152       684
05:00:44 AM    318432   1744256     84.56     63128    746060    984708     38.09    809668    867156       180
05:00:45 AM    318424   1744264     84.56     63128    746088    984708     38.09    809604    867148       232
Average:       342712   1719976     83.39     63054    743441    984708     38.09    785624    867144       772
