Linux 4.4.0-31-generic (ids-suricata) 	12/10/2017 	_i686_	(1 CPU)

03:46:17 AM kbmemfree kbmemused  %memused kbbuffers  kbcached  kbcommit   %commit  kbactive   kbinact   kbdirty
03:46:18 AM    129788   1932900     93.71     84216    949660    739076     28.59   1065624    803032       288
03:46:19 AM    129540   1933148     93.72     84216    949696    739076     28.59   1065680    803016       324
03:46:20 AM    129572   1933116     93.72     84216    949720    739076     28.59   1065708    803012       348
03:46:21 AM    129580   1933108     93.72     84216    949740    739076     28.59   1065728    803012       368
03:46:22 AM    129580   1933108     93.72     84216    949768    739076     28.59   1065760    803012       448
03:46:23 AM    129300   1933388     93.73     84216    949792    739076     28.59   1065796    803004       476
03:46:24 AM    129456   1933232     93.72     84216    949824    739076     28.59   1065828    803004       508
03:46:25 AM    129332   1933356     93.73     84216    949844    739076     28.59   1065852    803004       528
03:46:26 AM    129320   1933368     93.73     84216    949876    739076     28.59   1065880    803004       560
03:46:27 AM    129332   1933356     93.73     84220    949892    739076     28.59   1065900    803004       580
03:46:28 AM    129300   1933388     93.73     84220    949920    739076     28.59   1065932    803004       604
03:46:29 AM    129332   1933356     93.73     84220    949944    739076     28.59   1065960    803000       628
03:46:30 AM    129176   1933512     93.74     84220    949968    739076     28.59   1065984    803000       652
03:46:31 AM    129192   1933496     93.74     84220    950004    739076     28.59   1066016    803000        44
03:46:32 AM    129176   1933512     93.74     84220    950032    739076     28.59   1066048    803000        60
03:46:33 AM    129176   1933512     93.74     84220    950072    739076     28.59   1066064    803012       148
03:46:34 AM    129084   1933604     93.74     84220    950104    739076     28.59   1066140    803000       184
03:46:35 AM    129020   1933668     93.75     84220    950124    739076     28.59   1066172    803000       204
03:46:36 AM    128952   1933736     93.75     84220    950152    739076     28.59   1066192    803000       232
03:46:37 AM    128912   1933776     93.75     84220    950176    739076     28.59   1066200    803000       256
03:46:38 AM    128960   1933728     93.75     84220    950200    739076     28.59   1066208    802992       280
03:46:39 AM    128744   1933944     93.76     84220    950224    739076     28.59   1066268    802992       304
03:46:40 AM    129052   1933636     93.74     84220    950256    739076     28.59   1066260    802992       336
03:46:41 AM    128784   1933904     93.76     84220    950356    739076     28.59   1066320    802992       436
03:46:42 AM    128836   1933852     93.75     84220    950352    739076     28.59   1066368    802992       432
03:46:43 AM    128680   1934008     93.76     84220    950380    739076     28.59   1066424    802984       460
03:46:44 AM    128712   1933976     93.76     84220    950416    739076     28.59   1066516    802984       496
03:46:45 AM    128684   1934004     93.76     84220    950448    739076     28.59   1066512    802984       528
03:46:46 AM    128664   1934024     93.76     84220    950472    739076     28.59   1066492    802984       552
03:46:47 AM    128588   1934100     93.77     84220    950512    739076     28.59   1066548    802988       592
03:46:48 AM    128588   1934100     93.77     84228    950616    739076     28.59   1066664    802984       696
03:46:49 AM    128456   1934232     93.77     84228    950608    739076     28.59   1066636    802988       688
03:46:50 AM    128520   1934168     93.77     84228    950700    739076     28.59   1066772    802984       780
03:46:51 AM    128556   1934132     93.77     84228    950700    739076     28.59   1066744    802984       780
03:46:52 AM    128328   1934360     93.78     84228    950740    739076     28.59   1066808    802984       820
03:46:53 AM    128332   1934356     93.78     84236    950776    739076     28.59   1066852    802992       856
03:46:54 AM    128340   1934348     93.78     84236    950808    739076     28.59   1066852    802984       888
03:46:55 AM    128216   1934472     93.78     84236    950904    739076     28.59   1066944    802984       984
03:46:56 AM    128064   1934624     93.79     84236    950904    739076     28.59   1067000    802984       984
03:46:57 AM    128184   1934504     93.79     84236    950924    739076     28.59   1066980    802984      1004
03:46:58 AM    128060   1934628     93.79     84236    951036    739076     28.59   1067100    802980      1116
03:46:59 AM    128084   1934604     93.79     84236    951040    739076     28.59   1067120    802988      1120
03:47:00 AM    127936   1934752     93.80     84236    951080    739076     28.59   1067172    802984      1160
03:47:01 AM    127900   1934788     93.80     84236    951120    739076     28.59   1067236    802980       596
03:47:02 AM    128028   1934660     93.79     84236    951140    739076     28.59   1067208    802980       592
03:47:03 AM    127844   1934844     93.80     84236    951180    739076     28.59   1067280    802972       636
03:47:04 AM    127844   1934844     93.80     84236    951212    739076     28.59   1067312    802976       668
03:47:05 AM    127836   1934852     93.80     84236    951260    739076     28.59   1067348    802984       716
03:47:06 AM    127792   1934896     93.80     84236    951284    739076     28.59   1067412    802976        84
03:47:07 AM    127688   1935000     93.81     84236    951316    739076     28.59   1067388    802972       128
03:47:08 AM    127968   1934720     93.80     84240    951344    739076     28.59   1067464    802972       212
03:47:09 AM    127844   1934844     93.80     84240    951368    739076     28.59   1067484    802968       240
03:47:10 AM    127712   1934976     93.81     84240    951392    739076     28.59   1067468    802968       264
03:47:11 AM    127720   1934968     93.81     84240    951420    739076     28.59   1067532    802968       292
03:47:12 AM    127652   1935036     93.81     84240    951436    739076     28.59   1067576    802968       308
03:47:13 AM    127556   1935132     93.82     84248    951456    739076     28.59   1067564    802968       328
03:47:14 AM    127712   1934976     93.81     84248    951476    739076     28.59   1067600    802968       348
03:47:15 AM    127596   1935092     93.81     84248    951504    739076     28.59   1067628    802972       376
03:47:16 AM    127588   1935100     93.81     84248    951532    739076     28.59   1067616    802972       404
03:47:17 AM    127560   1935128     93.82     84248    951556    739076     28.59   1067700    802972       428
03:47:18 AM    127556   1935132     93.82     84256    951576    739076     28.59   1067684    802972       448
03:47:19 AM    127440   1935248     93.82     84256    951608    739076     28.59   1067740    802972       480
03:47:20 AM    127348   1935340     93.83     84256    951632    739076     28.59   1067764    802972       504
03:47:21 AM    127300   1935388     93.83     84256    951660    739076     28.59   1067796    802972       532
03:47:22 AM    127436   1935252     93.82     84256    951676    739076     28.59   1067844    802972       548
03:47:23 AM    127224   1935464     93.83     84256    951704    739076     28.59   1067892    802960       576
03:47:24 AM    127468   1935220     93.82     84256    951720    739076     28.59   1067884    802960       592
03:47:25 AM    127348   1935340     93.83     84256    951748    739076     28.59   1067864    802960       620
03:47:26 AM    127340   1935348     93.83     84256    951772    739076     28.59   1067920    802964       644
03:47:27 AM    127348   1935340     93.83     84256    951792    739076     28.59   1067944    802960       664
03:47:28 AM    127168   1935520     93.83     84256    951808    739076     28.59   1067988    802956       680
03:47:29 AM    127348   1935340     93.83     84256    951828    739076     28.59   1067968    802956       700
03:47:30 AM    127216   1935472     93.83     84256    951856    739076     28.59   1068016    802960       728
03:47:31 AM    127224   1935464     93.83     84256    951880    739076     28.59   1068040    802960       752
03:47:32 AM    127176   1935512     93.83     84256    951904    739076     28.59   1068060    802960       776
03:47:33 AM    127140   1935548     93.84     84260    951924    739076     28.59   1068112    802956       796
03:47:34 AM    127096   1935592     93.84     84260    951944    739076     28.59   1068104    802960       816
03:47:35 AM    127192   1935496     93.83     84260    951968    739076     28.59   1068112    802960       840
03:47:36 AM    127052   1935636     93.84     84260    951996    739076     28.59   1068156    802964       560
03:47:37 AM    126968   1935720     93.84     84260    952036    739076     28.59   1068200    802960       584
03:47:38 AM    126936   1935752     93.85     84260    952056    739076     28.59   1068240    802948       612
03:47:39 AM    126940   1935748     93.85     84260    952084    739076     28.59   1068296    802948       640
03:47:40 AM    127044   1935644     93.84     84260    952108    739076     28.59   1068272    802948       664
03:47:41 AM    126976   1935712     93.84     84260    952132    739076     28.59   1068312    802952        84
03:47:42 AM    126936   1935752     93.85     84260    952156    739076     28.59   1068336    802952        88
03:47:43 AM    126984   1935704     93.84     84264    952176    739076     28.59   1068356    802952       160
03:47:44 AM    127044   1935644     93.84     84264    952208    739076     28.59   1068420    802948       196
03:47:45 AM    126824   1935864     93.85     84264    952228    739076     28.59   1068444    802952       216
03:47:46 AM    126980   1935708     93.84     84264    952248    739076     28.59   1068468    802948       236
03:47:47 AM    126816   1935872     93.85     84264    952272    739076     28.59   1068520    802948       260
03:47:48 AM    126692   1935996     93.86     84268    952312    739076     28.59   1068604    802944       300
03:47:49 AM    126684   1936004     93.86     84268    952332    739076     28.59   1068628    802944       320
03:47:50 AM    126568   1936120     93.86     84268    952356    739076     28.59   1068672    802944       344
03:47:51 AM    126708   1935980     93.86     84268    952380    739076     28.59   1068696    802944       368
03:47:52 AM    126560   1936128     93.86     84268    952416    739076     28.59   1068668    802952       404
03:47:53 AM    126568   1936120     93.86     84272    952448    739076     28.59   1068748    802940       436
03:47:54 AM    126568   1936120     93.86     84272    952472    739076     28.59   1068780    802940       460
03:47:55 AM    126552   1936136     93.86     84272    952500    739076     28.59   1068800    802940       488
03:47:56 AM    126484   1936204     93.87     84272    952528    739076     28.59   1068832    802940       516
03:47:57 AM    126476   1936212     93.87     84272    952548    739076     28.59   1068832    802940       536
03:47:58 AM    126528   1936160     93.87     84272    952572    739076     28.59   1068896    802940       560
03:47:59 AM    126472   1936216     93.87     84272    952592    739076     28.59   1068920    802940       580
03:48:00 AM    126528   1936160     93.87     84272    952620    739076     28.59   1068992    802940       608
03:48:01 AM    126560   1936128     93.86     84272    952644    739076     28.59   1069056    802940         0
03:48:02 AM    126568   1936120     93.86     84272    952672    739076     28.59   1068900    802940        60
03:48:03 AM    126456   1936232     93.87     84276    952696    739076     28.59   1068928    802936       124
03:48:04 AM    126208   1936480     93.88     84276    952724    739076     28.59   1068964    802936       152
03:48:05 AM    126612   1936076     93.86     84276    952756    739076     28.59   1068992    802936       188
03:48:06 AM    126488   1936200     93.87     84276    952780    739076     28.59   1069016    802936       212
03:48:07 AM    126332   1936356     93.88     84276    952808    739076     28.59   1069040    802940       240
03:48:08 AM    126364   1936324     93.87     84284    952832    739076     28.59   1069068    802936       264
03:48:09 AM    126364   1936324     93.87     84284    952860    739076     28.59   1069104    802936       292
03:48:10 AM    126488   1936200     93.87     84284    952884    739076     28.59   1069116    802940       316
03:48:11 AM    126084   1936604     93.89     84284    952912    739076     28.59   1069156    802944       344
03:48:12 AM    126240   1936448     93.88     84284    952944    739076     28.59   1069192    802936       376
03:48:13 AM    126320   1936368     93.88     84292    952960    739076     28.59   1069216    802936       392
03:48:14 AM    126240   1936448     93.88     84292    952984    739076     28.59   1069244    802936       416
03:48:15 AM    126256   1936432     93.88     84292    953000    739076     28.59   1069256    802940       432
03:48:16 AM    125984   1936704     93.89     84292    953020    739076     28.59   1069284    802940       452
03:48:17 AM    125960   1936728     93.89     84292    953032    739076     28.59   1069328    802936       464
03:48:18 AM    125820   1936868     93.90     84292    953052    739076     28.59   1069324    802932       484
03:48:19 AM    125976   1936712     93.89     84292    953076    739076     28.59   1069344    802932       508
03:48:20 AM    125968   1936720     93.89     84292    953104    739076     28.59   1069372    802932       536
03:48:21 AM    125820   1936868     93.90     84292    953120    739076     28.59   1069496    802932       552
03:48:22 AM    125664   1937024     93.91     84292    953148    739076     28.59   1069548    802932       580
03:48:23 AM    125688   1937000     93.91     84296    953172    739076     28.59   1069532    802944       604
03:48:24 AM    125720   1936968     93.91     84296    953196    739076     28.59   1069584    802944       628
03:48:25 AM    125560   1937128     93.91     84296    953220    739076     28.59   1069592    802932       652
03:48:26 AM    125696   1936992     93.91     84296    953244    739076     28.59   1069648    802932       676
03:48:27 AM    125720   1936968     93.91     84296    953264    739076     28.59   1069672    802932       696
03:48:28 AM    125572   1937116     93.91     84300    953280    739076     28.59   1069660    802932       712
03:48:29 AM    125556   1937132     93.91     84300    953308    739076     28.59   1069616    802932       740
03:48:30 AM    125572   1937116     93.91     84300    953332    739076     28.59   1069616    802932       764
03:48:31 AM    125540   1937148     93.91     84300    953348    739076     28.59   1069668    802932       780
03:48:32 AM    125572   1937116     93.91     84316    953360    739076     28.59   1069700    802932       296
03:48:33 AM    125540   1937148     93.91     84316    953380    739076     28.59   1069696    802928       360
03:48:34 AM    125448   1937240     93.92     84316    953392    739076     28.59   1069700    802928       372
03:48:35 AM    125540   1937148     93.91     84316    953412    739076     28.59   1069716    802932       392
03:48:36 AM    125612   1937076     93.91     84316    953424    739076     28.59   1069656    802928       404
03:48:37 AM    125768   1936920     93.90     84316    953444    739076     28.59   1069588    802932       128
Average:       127389   1935299     93.82     84256    951709    739076     28.59   1067873    802964       485
