Linux 4.4.0-31-generic (ids-suricata) 	12/10/2017 	_i686_	(1 CPU)

12:04:45 AM kbmemfree kbmemused  %memused kbbuffers  kbcached  kbcommit   %commit  kbactive   kbinact   kbdirty
12:04:46 AM    140152   1922536     93.21    135120   1020860    738812     28.58   1155504    703128       136
12:04:47 AM    140028   1922660     93.21    135120   1020892    738812     28.58   1155572    703108       168
12:04:48 AM    140060   1922628     93.21    135120   1020916    738812     28.58   1155596    703104       192
12:04:49 AM    140028   1922660     93.21    135124   1020940    738812     28.58   1155616    703108       272
12:04:50 AM    140060   1922628     93.21    135124   1020972    738812     28.58   1155656    703104       308
12:04:51 AM    139408   1923280     93.24    135124   1020988    738812     28.58   1156292    703104       324
12:04:52 AM    134796   1927892     93.47    135124   1021020    759352     29.38   1158924    703104       356
12:04:53 AM    134208   1928480     93.49    135124   1021056    759352     29.38   1158980    703104       404
12:04:54 AM    134208   1928480     93.49    135128   1021080    759352     29.38   1159008    703108       432
12:04:55 AM    134176   1928512     93.50    135128   1021104    759352     29.38   1159036    703104       472
12:04:56 AM    134208   1928480     93.49    135128   1021128    759352     29.38   1159064    703104       496
12:04:57 AM    134052   1928636     93.50    135128   1021152    759352     29.38   1159084    703108       520
12:04:58 AM    134068   1928620     93.50    135128   1021176    759352     29.38   1159108    703108       544
12:04:59 AM    134036   1928652     93.50    135132   1021196    759352     29.38   1159148    703104       568
12:05:00 AM    134084   1928604     93.50    135132   1021232    759352     29.38   1159188    703104       600
12:05:01 AM    134084   1928604     93.50    135132   1021260    759352     29.38   1159196    703104       628
12:05:02 AM    133836   1928852     93.51    135132   1021300    759352     29.38   1159296    703112       668
12:05:03 AM    133804   1928884     93.51    135132   1021332    759352     29.38   1159340    703108       700
12:05:04 AM    133804   1928884     93.51    135136   1021364    759352     29.38   1159380    703104       788
12:05:05 AM    133804   1928884     93.51    135136   1021408    759352     29.38   1159404    703100       796
12:05:06 AM    133712   1928976     93.52    135136   1021496    759352     29.38   1159476    703100       884
12:05:07 AM    133712   1928976     93.52    135136   1021496    759352     29.38   1159532    703100       884
12:05:08 AM    133712   1928976     93.52    135136   1021532    759352     29.38   1159580    703100       920
12:05:09 AM    133588   1929100     93.52    135136   1021572    759352     29.38   1159636    703100       960
12:05:10 AM    133588   1929100     93.52    135136   1021620    759352     29.38   1159680    703100      1008
12:05:11 AM    133464   1929224     93.53    135136   1021664    759352     29.38   1159716    703100       624
12:05:12 AM    133464   1929224     93.53    135136   1021696    759352     29.38   1159764    703100       604
12:05:13 AM    133464   1929224     93.53    135136   1021776    759352     29.38   1159876    703100       684
12:05:14 AM    133340   1929348     93.54    135140   1021780    759352     29.38   1159892    703104       692
12:05:15 AM    133216   1929472     93.54    135140   1021824    759352     29.38   1160012    703104       732
12:05:16 AM    133216   1929472     93.54    135140   1021876    759352     29.38   1160080    703100       252
12:05:17 AM    133060   1929628     93.55    135140   1021964    759352     29.38   1160136    703104       276
12:05:18 AM    133060   1929628     93.55    135140   1021976    759352     29.38   1160184    703100       296
12:05:19 AM    132904   1929784     93.56    135144   1022004    759352     29.38   1160244    703104       380
12:05:20 AM    132936   1929752     93.56    135144   1022044    759352     29.38   1160324    703096       396
12:05:21 AM    132828   1929860     93.56    135144   1022088    759352     29.38   1160372    703100       444
12:05:22 AM    132820   1929868     93.56    135144   1022136    759352     29.38   1160452    703096       492
12:05:23 AM    132616   1930072     93.57    135144   1022164    759352     29.38   1160676    703096       520
12:05:24 AM    132680   1930008     93.57    135144   1022196    759352     29.38   1160704    703096       604
12:05:25 AM    132588   1930100     93.57    135144   1022244    759352     29.38   1160596    703092       604
12:05:26 AM    132596   1930092     93.57    135144   1022272    759352     29.38   1160680    703092       632
12:05:27 AM    132440   1930248     93.58    135144   1022304    759352     29.38   1160744    703092       640
12:05:28 AM    132408   1930280     93.58    135144   1022336    759352     29.38   1160800    703088       672
12:05:29 AM    132348   1930340     93.58    135144   1022376    759352     29.38   1160848    703088       764
12:05:30 AM    132348   1930340     93.58    135144   1022420    759352     29.38   1160924    703088       764
12:05:31 AM    132224   1930464     93.59    135144   1022464    759352     29.38   1160944    703088       808
12:05:32 AM    132224   1930464     93.59    135144   1022500    759352     29.38   1161036    703088       844
12:05:33 AM    132160   1930528     93.59    135144   1022544    759352     29.38   1161088    703088       888
12:05:34 AM    132100   1930588     93.60    135144   1022580    759352     29.38   1161144    703096       924
12:05:35 AM    132036   1930652     93.60    135144   1022608    759352     29.38   1161208    703088       952
12:05:36 AM    131976   1930712     93.60    135144   1022640    759352     29.38   1161212    703088       984
12:05:37 AM    131976   1930712     93.60    135144   1022668    759352     29.38   1161288    703088      1012
12:05:38 AM    131820   1930868     93.61    135144   1022692    759352     29.38   1161332    703088      1036
12:05:39 AM    131852   1930836     93.61    135148   1022712    759352     29.38   1161384    703088      1060
12:05:40 AM    131820   1930868     93.61    135148   1022748    759352     29.38   1161440    703084      1092
12:05:41 AM    131728   1930960     93.61    135148   1022772    759352     29.38   1161484    703084       492
12:05:42 AM    131728   1930960     93.61    135148   1022804    759352     29.38   1161480    703084       524
12:05:43 AM    131728   1930960     93.61    135148   1022852    759352     29.38   1161524    703088       572
12:05:44 AM    131604   1931084     93.62    135148   1022880    759352     29.38   1161588    703088       600
12:05:45 AM    131596   1931092     93.62    135148   1022908    759352     29.38   1161752    703084       632
12:05:46 AM    131572   1931116     93.62    135148   1022936    759352     29.38   1161660    703084       608
12:05:47 AM    131604   1931084     93.62    135148   1022964    759352     29.38   1161692    703084       660
12:05:48 AM    131480   1931208     93.63    135148   1022992    759352     29.38   1161724    703084       688
12:05:49 AM    131480   1931208     93.63    135148   1023032    759352     29.38   1161764    703084       728
12:05:50 AM    131448   1931240     93.63    135148   1023072    759352     29.38   1161812    703084       768
12:05:51 AM    131356   1931332     93.63    135148   1023100    759352     29.38   1161840    703084       224
12:05:52 AM    131324   1931364     93.63    135148   1023128    759352     29.38   1161876    703084       236
12:05:53 AM    131364   1931324     93.63    135148   1023164    759352     29.38   1161884    703084       276
12:05:54 AM    131232   1931456     93.64    135148   1023184    759352     29.38   1161968    703084       296
12:05:55 AM    131168   1931520     93.64    135148   1023224    759352     29.38   1162008    703088       360
12:05:56 AM    131232   1931456     93.64    135148   1023252    759352     29.38   1162012    703088       388
12:05:57 AM    131232   1931456     93.64    135148   1023292    759352     29.38   1162044    703088       432
12:05:58 AM    131076   1931612     93.65    135148   1023324    759352     29.38   1162104    703092       464
12:05:59 AM    131044   1931644     93.65    135148   1023360    759352     29.38   1162132    703088       500
12:06:00 AM    131100   1931588     93.64    135148   1023376    759352     29.38   1162248    703084       520
12:06:01 AM    130944   1931744     93.65    135148   1023400    759352     29.38   1162256    703084       544
12:06:02 AM    130976   1931712     93.65    135148   1023424    759352     29.38   1162316    703084       568
12:06:03 AM    130852   1931836     93.66    135148   1023452    759352     29.38   1162312    703084       596
12:06:04 AM    130820   1931868     93.66    135148   1023500    759352     29.38   1162352    703088       644
12:06:05 AM    130852   1931836     93.66    135148   1023536    759352     29.38   1162396    703080       680
12:06:06 AM    130820   1931868     93.66    135148   1023568    759352     29.38   1162448    703092       712
12:06:07 AM    130728   1931960     93.66    135148   1023604    759352     29.38   1162500    703080       748
12:06:08 AM    130720   1931968     93.66    135148   1023636    759352     29.38   1162608    703080       780
12:06:09 AM    130472   1932216     93.67    135148   1023680    759352     29.38   1162636    703084       824
12:06:10 AM    130540   1932148     93.67    135148   1023716    759352     29.38   1162608    703076       860
12:06:11 AM    130480   1932208     93.67    135148   1023760    759352     29.38   1162668    703072       904
12:06:12 AM    130324   1932364     93.68    135148   1023792    759352     29.38   1162704    703072       936
12:06:13 AM    130480   1932208     93.67    135148   1023840    759352     29.38   1162716    703076       984
12:06:14 AM    130332   1932356     93.68    135148   1023876    759352     29.38   1162752    703072      1020
12:06:15 AM    130284   1932404     93.68    135156   1023920    759352     29.38   1162876    703072      1068
12:06:16 AM    130292   1932396     93.68    135156   1023956    759352     29.38   1162840    703072       480
12:06:17 AM    130200   1932488     93.69    135156   1023992    759352     29.38   1162888    703072       508
12:06:18 AM    130332   1932356     93.68    135156   1024032    759352     29.38   1162844    703072       548
12:06:19 AM    128876   1933812     93.75    135156   1024072    759352     29.38   1164556    703072       588
12:06:20 AM    126892   1935796     93.85    135164   1024116    759352     29.38   1166400    703072       636
12:06:21 AM    124288   1938400     93.97    135164   1024164    759352     29.38   1169236    703072       684
12:06:22 AM    121064   1941624     94.13    135164   1024204    759352     29.38   1172204    703076       676
12:06:23 AM    118716   1943972     94.24    135164   1024240    759352     29.38   1174668    703084       728
12:06:24 AM    116444   1946244     94.35    135164   1024328    759352     29.38   1176948    703072       816
12:06:25 AM    113436   1949252     94.50    135164   1024336    759352     29.38   1180048    703068       828
12:06:26 AM    111268   1951420     94.61    135164   1024380    759352     29.38   1182268    703068       300
12:06:27 AM    151972   1910716     92.63    128128    990560    759352     29.38   1115740    728640       328
12:06:28 AM    150112   1912576     92.72    128128    990572    759352     29.38   1117568    728640       388
12:06:29 AM    147136   1915552     92.87    128128    990608    759352     29.38   1121228    728640       424
12:06:30 AM    144036   1918652     93.02    128128    990640    759352     29.38   1123788    728640       456
12:06:31 AM    143788   1918900     93.03    128128    990692    759352     29.38   1123880    728640       528
12:06:32 AM    142548   1920140     93.09    128128    990728    759352     29.38   1125340    728640       564
12:06:33 AM    140748   1921940     93.18    128128    990760    759352     29.38   1126888    728640       600
12:06:34 AM    140624   1922064     93.18    128128    990820    759352     29.38   1126908    728640       660
12:06:35 AM    138828   1923860     93.27    128128    990864    759352     29.38   1128732    728644       712
12:06:36 AM    137960   1924728     93.31    128128    990892    759352     29.38   1129724    728632       740
12:06:37 AM    136688   1926000     93.37    128128    990944    759352     29.38   1130932    728632       792
12:06:38 AM    134392   1928296     93.48    128128    990988    759352     29.38   1133260    728632       836
12:06:39 AM    128408   1934280     93.77    128128    991048    759352     29.38   1139244    728632       896
12:06:40 AM    126300   1936388     93.88    128136    991080    759352     29.38   1141348    728636       928
12:06:41 AM    125848   1936840     93.90    128136    991136    759352     29.38   1141844    728632       984
12:06:42 AM    124936   1937752     93.94    128136    991176    759352     29.38   1142748    728640      1024
12:06:43 AM    124620   1938068     93.96    128136    991216    759352     29.38   1143096    728632      1064
12:06:44 AM    121712   1940976     94.10    128136    991264    759352     29.38   1145976    728636      1112
12:06:45 AM    119820   1942868     94.19    128136    991300    759352     29.38   1148240    728632      1148
12:06:46 AM    117960   1944728     94.28    128136    991388    759352     29.38   1149764    728632      1240
12:06:47 AM    117844   1944844     94.29    128136    991384    759352     29.38   1149772    728636      1236
12:06:48 AM    117672   1945016     94.30    128136    991416    759352     29.38   1150056    728632      1268
12:06:49 AM    116000   1946688     94.38    128136    991448    759352     29.38   1151604    728636      1300
12:06:50 AM    114884   1947804     94.43    128144    991484    759352     29.38   1152988    728636      1344
12:06:51 AM    113396   1949292     94.50    128144    991572    759352     29.38   1154176    728636       468
12:06:52 AM    113364   1949324     94.50    128144    991576    759352     29.38   1154232    728632       504
12:06:53 AM    113340   1949348     94.51    128144    991616    759352     29.38   1154224    728632       544
12:06:54 AM    112652   1950036     94.54    128144    991700    759352     29.38   1155008    728632       628
12:06:55 AM    112528   1950160     94.54    128144    991696    759352     29.38   1155040    728644       624
12:06:56 AM    112528   1950160     94.54    128144    991728    759352     29.38   1155072    728628       660
12:06:57 AM    112528   1950160     94.54    128144    991764    759352     29.38   1155088    728628       660
12:06:58 AM    112520   1950168     94.54    128144    991800    759352     29.38   1155076    728632       696
12:06:59 AM    112536   1950152     94.54    128144    991836    759352     29.38   1155100    728628       732
12:07:00 AM    159684   1903004     92.26    107500    964888    759352     29.38   1076420    759860       772
12:07:01 AM    156980   1905708     92.39    107500    964872    759352     29.38   1079128    759876       296
12:07:02 AM    155288   1907400     92.47    107500    964928    759352     29.38   1080872    759876       280
12:07:03 AM    155212   1907476     92.48    107500    964956    759352     29.38   1080848    759876       312
12:07:04 AM    155212   1907476     92.48    107500    964984    759352     29.38   1080808    759876       340
12:07:05 AM    155252   1907436     92.47    107500    965012    759352     29.38   1080732    759876       368
Average:       131576   1931112     93.62    132307   1012706    758472     29.34   1153297    711545       656
Linux 4.4.0-31-generic (ids-suricata) 	12/10/2017 	_i686_	(1 CPU)

03:55:16 AM kbmemfree kbmemused  %memused kbbuffers  kbcached  kbcommit   %commit  kbactive   kbinact   kbdirty
03:55:17 AM    170536   1892152     91.73     83652    910452    739076     28.59   1019624    808168       276
03:55:18 AM    170544   1892144     91.73     83652    910488    739076     28.59   1019688    808168       316
03:55:19 AM    170420   1892268     91.74     83652    910524    739076     28.59   1019740    808168       352
03:55:20 AM    170264   1892424     91.75     83652    910632    739076     28.59   1019812    808168       444
03:55:21 AM    169000   1893688     91.81     83652    910628    747128     28.90   1020808    808132       440
03:55:22 AM    164768   1897920     92.01     83656    910708    759616     29.39   1023208    808108       524
03:55:23 AM    164536   1898152     92.02     83656    910708    759616     29.39   1023236    808108       528
03:55:24 AM    164688   1898000     92.02     83660    910744    759616     29.39   1023244    808108       400
03:55:25 AM    164588   1898100     92.02     83660    910784    759616     29.39   1023300    808108       428
03:55:26 AM    164580   1898108     92.02     83664    910828    759616     29.39   1023328    808112       476
03:55:27 AM    164408   1898280     92.03     83664    910860    759616     29.39   1023340    808104       608
03:55:28 AM    164412   1898276     92.03     83664    910892    759616     29.39   1023432    808104       616
03:55:29 AM    164340   1898348     92.03     83664    910924    759616     29.39   1023468    808108       648
03:55:30 AM    164200   1898488     92.04     83664    910964    759616     29.39   1023540    808104       688
03:55:31 AM    164192   1898496     92.04     83668    911012    759616     29.39   1023552    808104       740
03:55:32 AM    164200   1898488     92.04     83668    911064    759616     29.39   1023596    808104       788
03:55:33 AM    164216   1898472     92.04     83668    911112    759616     29.39   1023688    808108       836
03:55:34 AM    164168   1898520     92.04     83668    911232    759616     29.39   1023776    808104       956
03:55:35 AM    163968   1898720     92.05     83668    911292    759616     29.39   1023844    808100      1008
03:55:36 AM    163952   1898736     92.05     83668    911360    759616     29.39   1023920    808104      1076
03:55:37 AM    163828   1898860     92.06     83668    911356    759616     29.39   1023996    808096      1072
03:55:38 AM    163764   1898924     92.06     83668    911420    759616     29.39   1024028    808096      1136
03:55:39 AM    163720   1898968     92.06     83668    911540    759616     29.39   1024124    808096      1256
03:55:40 AM    163704   1898984     92.06     83668    911584    759616     29.39   1024144    808100      1300
03:55:41 AM    163596   1899092     92.07     83672    911624    759616     29.39   1024232    808104      1344
03:55:42 AM    163388   1899300     92.08     83672    911620    759616     29.39   1024300    808096      1336
03:55:43 AM    163472   1899216     92.07     83672    911720    759616     29.39   1024412    808092      1436
03:55:44 AM    163580   1899108     92.07     83688    911704    759616     29.39   1024456    808092         0
03:55:45 AM    163472   1899216     92.07     83688    911800    759616     29.39   1024532    808092       108
03:55:46 AM    163300   1899388     92.08     83696    911880    759616     29.39   1024612    808100       188
03:55:47 AM    163224   1899464     92.09     83696    911936    759616     29.39   1024704    808092       304
03:55:48 AM    163044   1899644     92.10     83696    912000    759616     29.39   1024872    808092       372
03:55:49 AM    162796   1899892     92.11     83696    912040    759616     29.39   1024940    808092       412
03:55:50 AM    162672   1900016     92.11     83696    912084    759616     29.39   1025008    808092       456
03:55:51 AM    162672   1900016     92.11     83704    912124    759616     29.39   1025080    808092       496
03:55:52 AM    162772   1899916     92.11     83704    912164    759616     29.39   1025380    808096       540
03:55:53 AM    162780   1899908     92.11     83704    912220    759616     29.39   1025284    808092       596
03:55:54 AM    162648   1900040     92.11     83704    912244    759616     29.39   1025152    808092       620
03:55:55 AM    162548   1900140     92.12     83704    912292    759616     29.39   1025324    808092       668
03:55:56 AM    162548   1900140     92.12     83712    912328    759616     29.39   1025380    808096       712
03:55:57 AM    162456   1900232     92.12     83712    912392    759616     29.39   1025468    808092       772
03:55:58 AM    162324   1900364     92.13     83712    912432    759616     29.39   1025432    808092       812
03:55:59 AM    162432   1900256     92.13     83712    912472    759616     29.39   1025488    808092       852
03:56:00 AM    162356   1900332     92.13     83712    912512    759616     29.39   1025556    808092       892
03:56:01 AM    162216   1900472     92.14     83712    912560    759616     29.39   1025624    808096       940
03:56:02 AM    162220   1900468     92.14     83720    912600    759616     29.39   1025688    808092       980
03:56:03 AM    162308   1900380     92.13     83720    912632    759616     29.39   1025744    808096      1012
03:56:04 AM    162232   1900456     92.13     83720    912668    759616     29.39   1025788    808100      1048
03:56:05 AM    162060   1900628     92.14     83720    912700    759616     29.39   1025836    808092      1080
03:56:06 AM    162076   1900612     92.14     83720    912724    759616     29.39   1025892    808092      1104
03:56:07 AM    162092   1900596     92.14     83724    912760    759616     29.39   1025940    808092      1140
03:56:08 AM    161944   1900744     92.15     83724    912788    759616     29.39   1026068    808092      1168
03:56:09 AM    161836   1900852     92.15     83732    912824    759616     29.39   1026136    808092         0
03:56:10 AM    161852   1900836     92.15     83732    912852    759616     29.39   1026176    808092        76
03:56:11 AM    161680   1901008     92.16     83732    912884    759616     29.39   1026216    808092       108
03:56:12 AM    161540   1901148     92.17     83732    912964    759616     29.39   1026280    808132       252
03:56:13 AM    161464   1901224     92.17     83732    912988    759616     29.39   1026332    808132       276
03:56:14 AM    161356   1901332     92.18     83732    913012    759616     29.39   1026392    808128       300
03:56:15 AM    161324   1901364     92.18     83732    913040    759616     29.39   1026440    808132       328
03:56:16 AM    161316   1901372     92.18     83732    913072    759616     29.39   1026480    808136       364
03:56:17 AM    161308   1901380     92.18     83736    913100    759616     29.39   1026492    808128       396
03:56:18 AM    161316   1901372     92.18     83736    913136    759616     29.39   1026424    808132       432
03:56:19 AM    161348   1901340     92.18     83736    913160    759616     29.39   1026472    808128       456
03:56:20 AM    161364   1901324     92.18     83736    913196    759616     29.39   1026532    808132       492
03:56:21 AM    161284   1901404     92.18     83736    913236    759616     29.39   1026568    808136       532
03:56:22 AM    161192   1901496     92.19     83736    913260    759616     29.39   1026600    808124       560
03:56:23 AM    161200   1901488     92.18     83736    913296    759616     29.39   1026632    808124       596
03:56:24 AM    161216   1901472     92.18     83736    913332    759616     29.39   1026648    808120       632
03:56:25 AM    161208   1901480     92.18     83736    913364    759616     29.39   1026720    808120       664
03:56:26 AM    161068   1901620     92.19     83736    913392    759616     29.39   1026748    808124       692
03:56:27 AM    161116   1901572     92.19     83740    913420    759616     29.39   1026792    808116       720
03:56:28 AM    161100   1901588     92.19     83740    913452    759616     29.39   1026824    808116       752
03:56:29 AM    160992   1901696     92.20     83740    913480    759616     29.39   1026856    808116       780
03:56:30 AM    160912   1901776     92.20     83740    913516    759616     29.39   1026884    808116       816
03:56:31 AM    160960   1901728     92.20     83740    913544    759616     29.39   1026916    808120       844
03:56:32 AM    160944   1901744     92.20     83744    913572    759616     29.39   1026968    808116       872
03:56:33 AM    160960   1901728     92.20     83744    913608    759616     29.39   1027000    808120       908
03:56:34 AM    160852   1901836     92.20     83748    913648    759616     29.39   1027048    808116        80
03:56:35 AM    160868   1901820     92.20     83748    913688    759616     29.39   1027076    808128        56
03:56:36 AM    160696   1901992     92.21     83748    913732    759616     29.39   1027120    808124       104
03:56:37 AM    160588   1902100     92.21     83752    913776    759616     29.39   1027168    808120       224
03:56:38 AM    160480   1902208     92.22     83752    913812    759616     29.39   1027212    808124       260
03:56:39 AM    160620   1902068     92.21     83752    913856    759616     29.39   1027260    808116       308
03:56:40 AM    160480   1902208     92.22     83752    913892    759616     29.39   1027296    808116       344
03:56:41 AM    160496   1902192     92.22     83752    913928    759616     29.39   1027372    808116       380
03:56:42 AM    160464   1902224     92.22     83756    913948    759616     29.39   1027400    808112       400
03:56:43 AM    160348   1902340     92.23     83756    913988    759616     29.39   1027456    808112       440
03:56:44 AM    160452   1902236     92.22     83756    914024    759616     29.39   1027536    808112       476
03:56:45 AM    160480   1902208     92.22     83756    914068    759616     29.39   1027484    808120       520
03:56:46 AM    160356   1902332     92.23     83756    914100    759616     29.39   1027512    808112       552
03:56:47 AM    160324   1902364     92.23     83760    914148    759616     29.39   1027580    808108       600
03:56:48 AM    160356   1902332     92.23     83760    914192    759616     29.39   1027632    808108       644
03:56:49 AM    160200   1902488     92.23     83760    914228    759616     29.39   1027664    808108       680
03:56:50 AM    160108   1902580     92.24     83760    914264    759616     29.39   1027692    808108       716
03:56:51 AM    160092   1902596     92.24     83760    914308    759616     29.39   1027740    808108       760
03:56:52 AM    160076   1902612     92.24     83768    914352    759616     29.39   1027792    808108       804
03:56:53 AM    159952   1902736     92.25     83768    914400    759616     29.39   1027788    808120       852
03:56:54 AM    159844   1902844     92.25     83768    914448    759616     29.39   1027896    808108       900
03:56:55 AM    159860   1902828     92.25     83768    914484    759616     29.39   1027928    808108       936
03:56:56 AM    159844   1902844     92.25     83768    914532    759616     29.39   1027984    808108       984
03:56:57 AM    159860   1902828     92.25     83768    914568    759616     29.39   1028012    808104      1024
03:56:58 AM    159876   1902812     92.25     83768    914600    759616     29.39   1028056    808104      1056
03:56:59 AM    159736   1902952     92.26     83768    914636    759616     29.39   1028088    808104      1092
03:57:00 AM    159720   1902968     92.26     83768    914676    759616     29.39   1028132    808104      1132
03:57:01 AM    159736   1902952     92.26     83768    914704    759616     29.39   1028156    808108      1160
03:57:02 AM    159752   1902936     92.26     83776    914760    759616     29.39   1028224    808108      1216
03:57:03 AM    159580   1903108     92.26     83776    914796    759616     29.39   1028248    808116      1252
03:57:04 AM    159596   1903092     92.26     83776    914812    759616     29.39   1028272    808108      1268
03:57:05 AM    159580   1903108     92.26     83776    914864    759616     29.39   1028324    808108       644
03:57:06 AM    159504   1903184     92.27     83776    914900    759616     29.39   1028372    808108       684
03:57:07 AM    159364   1903324     92.27     83780    914936    759616     29.39   1028448    808108       720
03:57:08 AM    159440   1903248     92.27     83780    914952    759616     29.39   1028636    808108       736
03:57:09 AM    159416   1903272     92.27     83780    914988    759616     29.39   1028568    808104       772
03:57:10 AM    159488   1903200     92.27     83780    915040    759616     29.39   1028520    808100       164
03:57:11 AM    159208   1903480     92.28     83780    915084    759616     29.39   1028568    808100       224
03:57:12 AM    159256   1903432     92.28     83780    915112    759616     29.39   1028588    808096       308
03:57:13 AM    159240   1903448     92.28     83780    915160    759616     29.39   1028640    808096       356
03:57:14 AM    159224   1903464     92.28     83780    915188    759616     29.39   1028668    808096       384
03:57:15 AM    159332   1903356     92.28     83780    915228    759616     29.39   1028708    808100       424
03:57:16 AM    159224   1903464     92.28     83780    915256    759616     29.39   1028748    808096       452
03:57:17 AM    159208   1903480     92.28     83784    915292    759616     29.39   1028788    808092       492
03:57:18 AM    159116   1903572     92.29     83784    915324    759616     29.39   1028824    808092       524
03:57:19 AM    158992   1903696     92.29     83784    915360    759616     29.39   1028864    808092       560
03:57:20 AM    158964   1903724     92.29     83784    915392    759616     29.39   1028884    808092       592
03:57:21 AM    158960   1903728     92.29     83784    915436    759616     29.39   1028936    808092       636
03:57:22 AM    158836   1903852     92.30     83784    915448    759616     29.39   1028956    808088       652
03:57:23 AM    158804   1903884     92.30     83784    915500    759616     29.39   1029008    808092       704
03:57:24 AM    158852   1903836     92.30     83784    915544    759616     29.39   1029052    808088       748
03:57:25 AM    158744   1903944     92.30     83784    915596    759616     29.39   1029084    808096       800
03:57:26 AM    158744   1903944     92.30     83784    915628    759616     29.39   1029128    808092       832
03:57:27 AM    158588   1904100     92.31     83788    915656    759616     29.39   1029168    808084       860
03:57:28 AM    158724   1903964     92.30     83788    915700    759616     29.39   1029224    808084       904
03:57:29 AM    158720   1903968     92.31     83788    915732    759616     29.39   1029216    808084       936
03:57:30 AM    158576   1904112     92.31     83788    915748    759616     29.39   1029268    808088       952
03:57:31 AM    158636   1904052     92.31     83788    915824    759616     29.39   1029344    808084      1028
03:57:32 AM    158496   1904192     92.32     83788    915856    759616     29.39   1029380    808084      1060
03:57:33 AM    158512   1904176     92.32     83788    915876    759616     29.39   1029392    808084      1080
03:57:34 AM    158496   1904192     92.32     83788    915900    759616     29.39   1029424    808084      1104
03:57:35 AM    158480   1904208     92.32     83792    915932    759616     29.39   1029380    808080        44
03:57:36 AM    158692   1903996     92.31     83792    915952    759616     29.39   1029044    808076        84
Average:       161508   1901180     92.17     83733    913369    758940     29.36   1026444    808106       663
