Linux 4.4.0-31-generic (fw-suricata) 	12/10/2017 	_i686_	(1 CPU)

02:56:03 AM kbmemfree kbmemused  %memused kbbuffers  kbcached  kbcommit   %commit  kbactive   kbinact   kbdirty
02:56:04 AM   1453640    609048     29.53     36044    325468    736396     28.49    495348     72380        60
02:56:05 AM   1453424    609264     29.54     36044    325492    736396     28.49    495404     72364        84
02:56:06 AM   1453392    609296     29.54     36044    325512    736396     28.49    495432     72360       104
02:56:07 AM   1453052    609636     29.56     36052    325528    736396     28.49    495448     72360       220
02:56:08 AM   1453176    609512     29.55     36052    325544    736396     28.49    495476     72360       236
02:56:09 AM   1453144    609544     29.55     36052    325568    736396     28.49    495496     72360       260
02:56:10 AM   1453020    609668     29.56     36052    325588    736396     28.49    495516     72360       280
02:56:11 AM   1453020    609668     29.56     36052    325612    736396     28.49    495532     72360       304
02:56:12 AM   1453020    609668     29.56     36060    325624    736396     28.49    495572     72360       324
02:56:13 AM   1453052    609636     29.56     36060    325648    736396     28.49    495588     72360       344
02:56:14 AM   1453052    609636     29.56     36060    325668    736396     28.49    495608     72360       364
02:56:15 AM   1452896    609792     29.56     36060    325684    736396     28.49    495632     72360       380
02:56:16 AM   1452928    609760     29.56     36060    325704    736396     28.49    495652     72360       400
02:56:17 AM   1452928    609760     29.56     36068    325716    736396     28.49    495668     72360       420
02:56:18 AM   1452772    609916     29.57     36068    325752    736396     28.49    495708     72360       448
02:56:19 AM   1452928    609760     29.56     36068    325784    736396     28.49    495740     72368       480
02:56:20 AM   1452772    609916     29.57     36068    325804    736396     28.49    495772     72360       500
02:56:21 AM   1452804    609884     29.57     36068    325820    736396     28.49    495784     72360       516
02:56:22 AM   1452772    609916     29.57     36068    325836    736396     28.49    495804     72360       532
02:56:23 AM   1452804    609884     29.57     36076    325856    736396     28.49    495824     72364       552
02:56:24 AM   1452680    610008     29.57     36076    325880    736396     28.49    495848     72360       576
02:56:25 AM   1452804    609884     29.57     36076    325904    736396     28.49    495876     72360       600
02:56:26 AM   1452648    610040     29.58     36076    325924    736396     28.49    495892     72364       620
02:56:27 AM   1452648    610040     29.58     36076    325940    736396     28.49    495904     72364       636
02:56:28 AM   1452680    610008     29.57     36084    325960    736396     28.49    495944     72360       656
02:56:29 AM   1452680    610008     29.57     36084    325976    736396     28.49    495964     72360       672
02:56:30 AM   1452648    610040     29.58     36084    325996    736396     28.49    495988     72360       692
02:56:31 AM   1452680    610008     29.57     36084    326012    736396     28.49    496000     72360       708
02:56:32 AM   1452556    610132     29.58     36084    326032    736396     28.49    496024     72356       728
02:56:33 AM   1452680    610008     29.57     36092    326056    736396     28.49    496052     72360       592
02:56:34 AM   1452368    610320     29.59     36092    326080    736396     28.49    496084     72360       620
02:56:35 AM   1452556    610132     29.58     36092    326108    736396     28.49    496112     72356       648
02:56:36 AM   1452400    610288     29.59     36092    326128    736396     28.49    496132     72356       668
02:56:37 AM   1452400    610288     29.59     36092    326144    736396     28.49    496152     72356       684
02:56:38 AM   1452432    610256     29.59     36100    326164    736396     28.49    496180     72356        48
02:56:39 AM   1452400    610288     29.59     36100    326188    736396     28.49    496196     72364        96
02:56:40 AM   1452276    610412     29.59     36100    326204    736396     28.49    496212     72360       112
02:56:41 AM   1452308    610380     29.59     36100    326216    736396     28.49    496236     72360       124
02:56:42 AM   1452308    610380     29.59     36100    326232    736396     28.49    496236     72360       140
02:56:43 AM   1452272    610416     29.59     36108    326244    736396     28.49    496276     72360       184
02:56:44 AM   1452400    610288     29.59     36108    326260    736396     28.49    496284     72360       200
02:56:45 AM   1452276    610412     29.59     36108    326276    736396     28.49    496308     72364       216
02:56:46 AM   1452292    610396     29.59     36108    326300    736396     28.49    496284     72364       240
02:56:47 AM   1452260    610428     29.59     36108    326312    736396     28.49    496456     72364       252
02:56:48 AM   1452024    610664     29.61     36116    326328    736396     28.49    496396     72364       268
02:56:49 AM   1452036    610652     29.60     36116    326340    736396     28.49    496384     72360       280
02:56:50 AM   1452128    610560     29.60     36116    326356    736396     28.49    496636     72360       296
02:56:51 AM   1452152    610536     29.60     36116    326384    736396     28.49    496492     72368       324
02:56:52 AM   1452028    610660     29.61     36116    326400    736396     28.49    496440     72360       340
02:56:53 AM   1452060    610628     29.60     36124    326420    736396     28.49    496456     72360       360
02:56:54 AM   1452028    610660     29.61     36124    326436    736396     28.49    496472     72364       376
02:56:55 AM   1452184    610504     29.60     36124    326448    736396     28.49    496492     72364       388
02:56:56 AM   1452028    610660     29.61     36124    326464    736396     28.49    496508     72360       404
02:56:57 AM   1451904    610784     29.61     36124    326476    736396     28.49    496532     72360       416
02:56:58 AM   1451904    610784     29.61     36132    326492    736396     28.49    496556     72360         0
02:56:59 AM   1452060    610628     29.60     36132    326504    736396     28.49    496572     72360        56
02:57:00 AM   1452060    610628     29.60     36132    326524    736396     28.49    496588     72360        84
02:57:01 AM   1451936    610752     29.61     36132    326536    736396     28.49    496608     72360        96
02:57:02 AM   1451904    610784     29.61     36132    326552    736396     28.49    496616     72360       112
02:57:03 AM   1451904    610784     29.61     36140    326568    736396     28.49    496640     72364       164
02:57:04 AM   1451904    610784     29.61     36140    326584    736396     28.49    496656     72360       180
02:57:05 AM   1451936    610752     29.61     36140    326600    736396     28.49    496672     72364       196
02:57:06 AM   1451904    610784     29.61     36140    326620    736396     28.49    496692     72364       216
02:57:07 AM   1451936    610752     29.61     36140    326644    736396     28.49    496716     72356       240
02:57:08 AM   1451936    610752     29.61     36148    326660    736396     28.49    496744     72356       256
02:57:09 AM   1451780    610908     29.62     36148    326672    736396     28.49    496756     72356       268
02:57:10 AM   1451780    610908     29.62     36148    326692    736396     28.49    496784     72356       288
02:57:11 AM   1451780    610908     29.62     36148    326708    736396     28.49    496800     72356       304
02:57:12 AM   1451812    610876     29.62     36148    326732    736396     28.49    496820     72360       328
02:57:13 AM   1451812    610876     29.62     36156    326748    736396     28.49    496852     72356       344
02:57:14 AM   1451804    610884     29.62     36156    326772    736396     28.49    496968     72360       368
02:57:15 AM   1451648    611040     29.62     36156    326784    736396     28.49    496980     72360       380
02:57:16 AM   1451432    611256     29.63     36156    326808    736396     28.49    496996     72364       404
02:57:17 AM   1451416    611272     29.63     36156    326824    736396     28.49    497024     72360       420
02:57:18 AM   1451508    611180     29.63     36164    326844    736396     28.49    497044     72360       440
02:57:19 AM   1451384    611304     29.64     36164    326860    736396     28.49    497068     72360       456
02:57:20 AM   1451384    611304     29.64     36164    326888    736396     28.49    497096     72364       484
02:57:21 AM   1451384    611304     29.64     36164    326916    736396     28.49    497116     72364       512
02:57:22 AM   1451416    611272     29.63     36164    326948    736396     28.49    497140     72372       544
02:57:23 AM   1451416    611272     29.63     36172    326984    736396     28.49    497196     72364       580
02:57:24 AM   1451392    611296     29.64     36172    327000    736396     28.49    497124     72360       596
02:57:25 AM   1451392    611296     29.64     36172    327032    736396     28.49    497164     72360       628
02:57:26 AM   1451424    611264     29.63     36172    327056    736396     28.49    497180     72360       652
02:57:27 AM   1451392    611296     29.64     36172    327092    736396     28.49    497212     72364       688
02:57:28 AM   1451300    611388     29.64     36180    327120    736396     28.49    497220     72364       716
02:57:29 AM   1451268    611420     29.64     36180    327144    736396     28.49    497284     72360       272
02:57:30 AM   1451268    611420     29.64     36180    327168    736396     28.49    497308     72364       312
02:57:31 AM   1451388    611300     29.64     36180    327200    736396     28.49    497324     72360       344
02:57:32 AM   1451052    611636     29.65     36180    327224    736396     28.49    497372     72368       368
02:57:33 AM   1451028    611660     29.65     36188    327240    736396     28.49    497408     72368       392
02:57:34 AM   1451028    611660     29.65     36188    327268    736396     28.49    497420     72360       104
02:57:35 AM   1451028    611660     29.65     36188    327300    736396     28.49    497440     72364       160
02:57:36 AM   1451012    611676     29.65     36188    327316    736396     28.49    497556     72360       176
02:57:37 AM   1451020    611668     29.65     36188    327340    736396     28.49    497484     72360       200
02:57:38 AM   1451160    611528     29.65     36196    327360    736396     28.49    497508     72364       228
02:57:39 AM   1450896    611792     29.66     36196    327408    736396     28.49    497556     72368       304
02:57:40 AM   1450772    611916     29.67     36196    327424    736396     28.49    497576     72364       320
02:57:41 AM   1450772    611916     29.67     36196    327448    736396     28.49    497608     72360       344
02:57:42 AM   1450928    611760     29.66     36196    327468    736396     28.49    497628     72364       364
02:57:43 AM   1450680    612008     29.67     36204    327496    736396     28.49    497672     72360       400
02:57:44 AM   1450836    611852     29.66     36204    327524    736396     28.49    497700     72364       420
02:57:45 AM   1450648    612040     29.67     36204    327544    736396     28.49    497716     72364       440
02:57:46 AM   1450668    612020     29.67     36204    327564    736396     28.49    497740     72360       460
02:57:47 AM   1450680    612008     29.67     36204    327588    736396     28.49    497768     72360       484
02:57:48 AM   1450680    612008     29.67     36212    327604    736396     28.49    497792     72360       508
02:57:49 AM   1450648    612040     29.67     36212    327636    736396     28.49    497824     72360       532
02:57:50 AM   1450556    612132     29.68     36212    327660    736396     28.49    497856     72356       556
02:57:51 AM   1450524    612164     29.68     36212    327688    736396     28.49    497876     72360       584
02:57:52 AM   1450556    612132     29.68     36212    327708    736396     28.49    497908     72356       604
02:57:53 AM   1450556    612132     29.68     36220    327736    736396     28.49    497932     72364       640
02:57:54 AM   1450400    612288     29.68     36220    327764    736396     28.49    497968     72356        40
02:57:55 AM   1450432    612256     29.68     36220    327804    736396     28.49    498004     72360        96
02:57:56 AM   1450556    612132     29.68     36220    327824    736396     28.49    498032     72356       116
02:57:57 AM   1450400    612288     29.68     36220    327856    736396     28.49    498060     72360       152
02:57:58 AM   1450400    612288     29.68     36220    327880    736396     28.49    498080     72360       176
02:57:59 AM   1450400    612288     29.68     36228    327908    736396     28.49    498116     72360       240
02:58:00 AM   1450400    612288     29.68     36228    327928    736396     28.49    498132     72364       260
02:58:01 AM   1450400    612288     29.68     36228    327952    736396     28.49    498168     72360       284
02:58:02 AM   1450276    612412     29.69     36228    327976    736396     28.49    498192     72364       308
02:58:03 AM   1450308    612380     29.69     36228    328004    736396     28.49    498220     72360       336
02:58:04 AM   1450276    612412     29.69     36236    328032    736396     28.49    498264     72360       364
02:58:05 AM   1450152    612536     29.70     36236    328060    736396     28.49    498292     72360       392
02:58:06 AM   1450184    612504     29.69     36236    328076    736396     28.49    498304     72360       408
02:58:07 AM   1450060    612628     29.70     36236    328112    736396     28.49    498332     72364       444
02:58:08 AM   1450052    612636     29.70     36236    328136    736396     28.49    498356     72360       468
02:58:09 AM   1450060    612628     29.70     36244    328164    736396     28.49    498408     72360       500
02:58:10 AM   1449900    612788     29.71     36244    328196    736396     28.49    498452     72368       532
02:58:11 AM   1450044    612644     29.70     36244    328232    736396     28.49    498472     72360       568
02:58:12 AM   1449780    612908     29.71     36244    328252    736396     28.49    498496     72360       588
02:58:13 AM   1449788    612900     29.71     36244    328276    736396     28.49    498528     72360       612
02:58:14 AM   1449780    612908     29.71     36252    328296    736396     28.49    498528     72360       632
02:58:15 AM   1449760    612928     29.72     36252    328320    736396     28.49    498556     72360       656
02:58:16 AM   1449880    612808     29.71     36252    328340    736396     28.49    498564     72360       676
02:58:17 AM   1449764    612924     29.71     36252    328368    736396     28.49    498616     72360       704
02:58:18 AM   1449812    612876     29.71     36252    328384    736396     28.49    498644     72360       720
02:58:19 AM   1449772    612916     29.71     36260    328412    736396     28.49    498664     72360       756
02:58:20 AM   1449780    612908     29.71     36260    328440    736396     28.49    498720     72360       776
02:58:21 AM   1449512    613176     29.73     36260    328460    736396     28.49    498732     72360       796
02:58:22 AM   1449640    613048     29.72     36260    328488    736396     28.49    498588     72364       824
02:58:23 AM   1449696    612992     29.72     36260    328512    736396     28.49    498588     72360       848
Average:      1451544    611144     29.63     36153    326886    736396     28.49    496988     72361       398
