Linux 4.4.0-31-generic (fw-suricata) 	12/10/2017 	_i686_	(1 CPU)

02:13:16 AM kbmemfree kbmemused  %memused kbbuffers  kbcached  kbcommit   %commit  kbactive   kbinact   kbdirty
02:13:17 AM   1513528    549160     26.62     31840    270836    736264     28.48    436552     72284       524
02:13:18 AM   1513280    549408     26.64     31840    270864    736264     28.48    436604     72268       552
02:13:19 AM   1513156    549532     26.64     31840    270888    736264     28.48    436628     72264       576
02:13:20 AM   1513124    549564     26.64     31848    270900    736264     28.48    436652     72264       648
02:13:21 AM   1513032    549656     26.65     31848    270936    736264     28.48    436696     72264       672
02:13:22 AM   1513032    549656     26.65     31848    270948    736264     28.48    436704     72264       684
02:13:23 AM   1513024    549664     26.65     31848    270988    736264     28.48    436736     72264       724
02:13:24 AM   1513032    549656     26.65     31848    271012    736264     28.48    436764     72264       748
02:13:25 AM   1512908    549780     26.65     31856    271036    736264     28.48    436800     72264       780
02:13:26 AM   1512876    549812     26.66     31856    271064    736264     28.48    436832     72264       800
02:13:27 AM   1512908    549780     26.65     31856    271088    736264     28.48    436860     72264       824
02:13:28 AM   1512908    549780     26.65     31856    271112    736264     28.48    436884     72264       848
02:13:29 AM   1512908    549780     26.65     31856    271136    736264     28.48    436908     72264       520
02:13:30 AM   1512744    549944     26.66     31864    271148    736264     28.48    437020     72264       544
02:13:31 AM   1512620    550068     26.67     31864    271184    736264     28.48    437060     72264       576
02:13:32 AM   1512652    550036     26.67     31864    271228    736264     28.48    437092     72276       620
02:13:33 AM   1512496    550192     26.67     31864    271256    736264     28.48    437132     72264       648
02:13:34 AM   1512496    550192     26.67     31864    271276    736264     28.48    437164     72264       404
02:13:35 AM   1512372    550316     26.68     31868    271296    736264     28.48    437184     72268       428
02:13:36 AM   1512372    550316     26.68     31872    271320    736264     28.48    437212     72264       480
02:13:37 AM   1512496    550192     26.67     31872    271344    736264     28.48    437236     72264       504
02:13:38 AM   1512248    550440     26.69     31872    271368    736264     28.48    437256     72264       528
02:13:39 AM   1512280    550408     26.68     31872    271396    736264     28.48    437292     72260       528
02:13:40 AM   1512412    550276     26.68     31872    271420    736264     28.48    437220     72260       552
02:13:41 AM   1512380    550308     26.68     31880    271452    736264     28.48    437268     72260       584
02:13:42 AM   1512412    550276     26.68     31880    271472    736264     28.48    437280     72260       604
02:13:43 AM   1512380    550308     26.68     31880    271496    736264     28.48    437312     72260       628
02:13:44 AM   1512380    550308     26.68     31880    271520    736264     28.48    437316     72260       632
02:13:45 AM   1512412    550276     26.68     31880    271544    736264     28.48    437364     72260       656
02:13:46 AM   1512256    550432     26.69     31888    271580    736264     28.48    437444     72268       696
02:13:47 AM   1512132    550556     26.69     31888    271604    736264     28.48    437404     72268       720
02:13:48 AM   1512164    550524     26.69     31888    271636    736264     28.48    437460     72268       752
02:13:49 AM   1512224    550464     26.69     31888    271672    736264     28.48    437528     72264       260
02:13:50 AM   1512132    550556     26.69     31888    271696    736264     28.48    437528     72264       328
02:13:51 AM   1512008    550680     26.70     31896    271724    736264     28.48    437564     72264       356
02:13:52 AM   1512040    550648     26.70     31896    271744    736264     28.48    437584     72268       376
02:13:53 AM   1512040    550648     26.70     31896    271764    736264     28.48    437624     72264       396
02:13:54 AM   1512040    550648     26.70     31896    271776    736264     28.48    437640     72264       408
02:13:55 AM   1512040    550648     26.70     31896    271792    736264     28.48    437640     72264       424
02:13:56 AM   1512040    550648     26.70     31904    271804    736264     28.48    437656     72264       440
02:13:57 AM   1511972    550716     26.70     31904    271820    736264     28.48    437704     72264       456
02:13:58 AM   1512144    550544     26.69     31904    271836    736264     28.48    437708     72268       472
02:13:59 AM   1511892    550796     26.70     31904    271852    736264     28.48    437668     72264       488
02:14:00 AM   1511868    550820     26.70     31904    271872    736264     28.48    437772     72268       508
02:14:01 AM   1511892    550796     26.70     31912    271888    736264     28.48    437760     72264       524
02:14:02 AM   1511880    550808     26.70     31912    271900    736264     28.48    437812     72264       536
02:14:03 AM   1511892    550796     26.70     31912    271916    736264     28.48    437784     72264       552
02:14:04 AM   1512000    550688     26.70     31912    271944    736264     28.48    437904     72272       332
02:14:05 AM   1511884    550804     26.70     31912    271960    736264     28.48    437828     72264       348
02:14:06 AM   1511884    550804     26.70     31920    271972    736264     28.48    437848     72264       364
02:14:07 AM   1511884    550804     26.70     31920    271996    736264     28.48    437860     72268       392
02:14:08 AM   1512040    550648     26.70     31920    272008    736264     28.48    437880     72268       404
02:14:09 AM   1511784    550904     26.71     31920    272024    736264     28.48    437992     72264       356
02:14:10 AM   1511660    551028     26.71     31920    272036    736264     28.48    438000     72264       368
02:14:11 AM   1511628    551060     26.72     31928    272052    736264     28.48    438028     72264       412
02:14:12 AM   1511504    551184     26.72     31928    272064    736264     28.48    438040     72264       424
02:14:13 AM   1511504    551184     26.72     31928    272080    736264     28.48    438064     72264       440
02:14:14 AM   1511380    551308     26.73     31928    272092    736264     28.48    438088     72260       456
02:14:15 AM   1511660    551028     26.71     31928    272108    736264     28.48    438096     72260       472
02:14:16 AM   1511536    551152     26.72     31936    272128    736264     28.48    438120     72264       492
02:14:17 AM   1511504    551184     26.72     31936    272144    736264     28.48    438140     72260       508
02:14:18 AM   1511380    551308     26.73     31936    272156    736264     28.48    438152     72260       520
02:14:19 AM   1511544    551144     26.72     31936    272172    736264     28.48    438092     72260       536
02:14:20 AM   1511604    551084     26.72     31936    272188    736264     28.48    438116     72260       552
02:14:21 AM   1511668    551020     26.71     31944    272216    736264     28.48    438132     72268       588
02:14:22 AM   1511668    551020     26.71     31944    272236    736264     28.48    438152     72268       600
02:14:23 AM   1511668    551020     26.71     31944    272252    736264     28.48    438188     72264       616
02:14:24 AM   1511544    551144     26.72     31944    272268    736264     28.48    438232     72264         0
02:14:25 AM   1511512    551176     26.72     31944    272288    736264     28.48    438208     72268        68
02:14:26 AM   1511420    551268     26.73     31952    272296    736264     28.48    438272     72268       136
02:14:27 AM   1511384    551304     26.73     31952    272324    736264     28.48    438264     72264       140
02:14:28 AM   1511544    551144     26.72     31952    272344    736264     28.48    438288     72264       164
02:14:29 AM   1511396    551292     26.73     31952    272368    736264     28.48    438336     72268       188
02:14:30 AM   1511412    551276     26.73     31952    272384    736264     28.48    438316     72264       204
02:14:31 AM   1511388    551300     26.73     31960    272396    736264     28.48    438376     72264       224
02:14:32 AM   1511228    551460     26.74     31960    272420    736264     28.48    438384     72264       244
02:14:33 AM   1511364    551324     26.73     31960    272436    736264     28.48    438432     72264       260
02:14:34 AM   1511372    551316     26.73     31960    272468    736264     28.48    438496     72268       292
02:14:35 AM   1511388    551300     26.73     31960    272492    736264     28.48    438428     72268       316
02:14:36 AM   1511420    551268     26.73     31968    272532    736264     28.48    438472     72276       364
02:14:37 AM   1511264    551424     26.73     31968    272560    736264     28.48    438516     72264       388
02:14:38 AM   1511264    551424     26.73     31968    272584    736264     28.48    438536     72264       412
02:14:39 AM   1511172    551516     26.74     31968    272604    736264     28.48    438564     72264       432
02:14:40 AM   1511140    551548     26.74     31968    272640    736264     28.48    438588     72272       468
02:14:41 AM   1511172    551516     26.74     31976    272656    736264     28.48    438620     72268       492
02:14:42 AM   1511140    551548     26.74     31976    272700    736264     28.48    438664     72268       528
02:14:43 AM   1511016    551672     26.75     31976    272716    736264     28.48    438684     72264       544
02:14:44 AM   1511048    551640     26.74     31976    272740    736264     28.48    438708     72264       568
02:14:45 AM   1511048    551640     26.74     31976    272760    736264     28.48    438724     72264       588
02:14:46 AM   1510924    551764     26.75     31984    272784    736264     28.48    438752     72272       620
02:14:47 AM   1510892    551796     26.75     31984    272812    736264     28.48    438796     72264       640
02:14:48 AM   1510924    551764     26.75     31984    272836    736264     28.48    438820     72264       664
02:14:49 AM   1510800    551888     26.76     31984    272856    736264     28.48    438844     72264       684
02:14:50 AM   1510800    551888     26.76     31984    272888    736264     28.48    438868     72264       716
02:14:51 AM   1510768    551920     26.76     31992    272904    736264     28.48    438896     72268       740
02:14:52 AM   1510800    551888     26.76     31992    272952    736264     28.48    438940     72272       780
02:14:53 AM   1510800    551888     26.76     31992    272972    736264     28.48    438968     72264       800
02:14:54 AM   1510800    551888     26.76     31992    272996    736264     28.48    439016     72264       824
02:14:55 AM   1510800    551888     26.76     31992    273024    736264     28.48    439064     72264       800
02:14:56 AM   1510676    552012     26.76     32000    273044    736264     28.48    439084     72264       848
02:14:57 AM   1510644    552044     26.76     32000    273080    736264     28.48    439116     72260       876
02:14:58 AM   1510552    552136     26.77     32000    273104    736264     28.48    439148     72260       900
02:14:59 AM   1510516    552172     26.77     32000    273128    736264     28.48    439172     72260        36
02:15:00 AM   1510536    552152     26.77     32000    273152    736264     28.48    439192     72260        72
02:15:01 AM   1510548    552140     26.77     32008    273168    736264     28.48    439204     72260        96
02:15:02 AM   1510300    552388     26.78     32008    273200    736264     28.48    439280     72260       152
02:15:03 AM   1510268    552420     26.78     32008    273220    736264     28.48    439248     72260       180
02:15:04 AM   1510300    552388     26.78     32008    273252    736264     28.48    439320     72264       216
02:15:05 AM   1510388    552300     26.78     32008    273272    736264     28.48    439440     72264       236
02:15:06 AM   1510168    552520     26.79     32016    273300    736264     28.48    439484     72268       272
02:15:07 AM   1510292    552396     26.78     32016    273328    736264     28.48    439488     72264       324
02:15:08 AM   1509988    552700     26.80     32016    273356    736264     28.48    439836     72264       352
02:15:09 AM   1510160    552528     26.79     32016    273380    736264     28.48    439604     72264       376
02:15:10 AM   1509912    552776     26.80     32016    273412    736264     28.48    439640     72264       408
02:15:11 AM   1509844    552844     26.80     32024    273436    736264     28.48    439684     72264       440
02:15:12 AM   1509880    552808     26.80     32024    273468    736264     28.48    439688     72264       464
02:15:13 AM   1509756    552932     26.81     32024    273492    736264     28.48    439732     72264       488
02:15:14 AM   1509756    552932     26.81     32024    273520    736264     28.48    439756     72264       516
02:15:15 AM   1509904    552784     26.80     32024    273540    736264     28.48    439708     72264       536
02:15:16 AM   1509976    552712     26.80     32032    273560    736264     28.48    439704     72268       564
02:15:17 AM   1510044    552644     26.79     32032    273592    736264     28.48    439740     72264       588
02:15:18 AM   1509796    552892     26.80     32032    273628    736264     28.48    439776     72268       624
02:15:19 AM   1509796    552892     26.80     32032    273648    736264     28.48    439708     72264       644
02:15:20 AM   1509812    552876     26.80     32032    273668    736264     28.48    439680     72264       664
02:15:21 AM   1509928    552760     26.80     32040    273688    736264     28.48    439760     72268       692
02:15:22 AM   1509928    552760     26.80     32040    273720    736264     28.48    439796     72264       716
02:15:23 AM   1509772    552916     26.81     32040    273748    736264     28.48    439816     72264       744
02:15:24 AM   1509772    552916     26.81     32040    273788    736264     28.48    439848     72272       784
02:15:25 AM   1509804    552884     26.80     32040    273808    736264     28.48    439880     72268       804
02:15:26 AM   1509648    553040     26.81     32044    273836    736264     28.48    439912     72264       836
02:15:27 AM   1509648    553040     26.81     32048    273860    736264     28.48    439948     72264       856
02:15:28 AM   1509680    553008     26.81     32048    273876    736264     28.48    439960     72264       872
02:15:29 AM   1509648    553040     26.81     32048    273904    736264     28.48    439984     72264       900
02:15:30 AM   1509680    553008     26.81     32048    273932    736264     28.48    440016     72264       900
02:15:31 AM   1509524    553164     26.82     32048    273952    736264     28.48    440040     72264       920
02:15:32 AM   1509432    553256     26.82     32056    273980    736264     28.48    440076     72264       952
02:15:33 AM   1509400    553288     26.82     32056    274004    736264     28.48    440096     72268       976
02:15:34 AM   1509556    553132     26.82     32056    274032    736264     28.48    440136     72264        28
02:15:35 AM   1509508    553180     26.82     32056    274056    736264     28.48    440084     72268        72
02:15:36 AM   1509676    553012     26.81     32056    274080    736264     28.48    440008     72264        96
Average:      1511316    551372     26.73     31950    272417    736264     28.48    438378     72265       514
