Linux 4.4.0-31-generic (fw-suricata) 	12/10/2017 	_i686_	(1 CPU)

12:25:03 AM  CPU    %usr   %nice    %sys %iowait    %irq   %soft  %steal  %guest  %gnice   %idle
12:25:04 AM  all    0.00    0.00    8.08    0.00    0.00    1.01    0.00    0.00    0.00   90.91
12:25:05 AM  all    1.98    0.00    1.98    0.99    0.00    0.00    0.99    0.00    0.00   94.06
12:25:06 AM  all    0.00    0.00    3.03    0.00    0.00    1.01    0.00    0.00    0.00   95.96
12:25:07 AM  all    2.02    0.00    2.02    0.00    0.00    0.00    0.00    0.00    0.00   95.96
12:25:08 AM  all    4.08    0.00    2.04    0.00    0.00    2.04    1.02    0.00    0.00   90.82
12:25:09 AM  all   31.71    0.00    3.66    0.00    0.00   23.17    1.22    0.00    0.00   40.24
12:25:10 AM  all   35.71    0.00    3.57    0.00    0.00   29.76    0.00    0.00    0.00   30.95
12:25:11 AM  all   33.33    0.00    1.19    0.00    0.00   38.10    1.19    0.00    0.00   26.19
12:25:12 AM  all   33.33    0.00    2.38    0.00    0.00   30.95    0.00    0.00    0.00   33.33
12:25:13 AM  all   37.04    0.00    2.47    0.00    0.00   24.69    2.47    0.00    0.00   33.33
12:25:14 AM  all   39.53    0.00    2.33    0.00    0.00   26.74    0.00    0.00    0.00   31.40
12:25:15 AM  all   34.15    0.00    2.44    0.00    0.00   28.05    1.22    0.00    0.00   34.15
12:25:16 AM  all   34.52    0.00    2.38    0.00    0.00   25.00    2.38    0.00    0.00   35.71
12:25:17 AM  all   39.74    0.00    1.28    0.00    0.00   26.92    2.56    0.00    0.00   29.49
12:25:18 AM  all   35.63    0.00    2.30    0.00    0.00   33.33    2.30    0.00    0.00   26.44
12:25:19 AM  all   40.82    0.00    0.00    0.00    0.00   56.12    1.02    0.00    0.00    2.04
12:25:20 AM  all   40.00    0.00    1.05    0.00    0.00   50.53    1.05    0.00    0.00    7.37
12:25:21 AM  all   42.55    0.00    2.13    1.06    0.00   41.49    2.13    0.00    0.00   10.64
12:25:22 AM  all   32.98    0.00    2.13    0.00    0.00   53.19    2.13    0.00    0.00    9.57
12:25:23 AM  all   42.86    0.00    2.20    0.00    0.00   40.66    2.20    0.00    0.00   12.09
12:25:24 AM  all   37.63    0.00    2.15    0.00    0.00   47.31    0.00    0.00    0.00   12.90
12:25:25 AM  all   35.42    0.00    2.08    0.00    0.00   51.04    2.08    0.00    0.00    9.38
12:25:26 AM  all   38.30    0.00    1.06    2.13    0.00   47.87    2.13    0.00    0.00    8.51
12:25:27 AM  all   40.62    0.00    1.04    0.00    0.00   41.67    1.04    0.00    0.00   15.62
12:25:28 AM  all   37.89    0.00    1.05    0.00    0.00   47.37    1.05    0.00    0.00   12.63
12:25:29 AM  all   37.76    0.00    1.02    0.00    0.00   55.10    3.06    0.00    0.00    3.06
12:25:30 AM  all   31.46    0.00    2.25    0.00    0.00   44.94    3.37    0.00    0.00   17.98
12:25:31 AM  all   38.89    0.00    2.22    0.00    0.00   41.11    1.11    0.00    0.00   16.67
12:25:32 AM  all   36.56    0.00    2.15    0.00    0.00   45.16    2.15    0.00    0.00   13.98
12:25:33 AM  all   39.13    0.00    1.09    0.00    0.00   46.74    1.09    0.00    0.00   11.96
12:25:34 AM  all   45.45    0.00    1.01    0.00    0.00   49.49    2.02    0.00    0.00    2.02
12:25:35 AM  all   36.26    0.00    1.10    0.00    0.00   48.35    1.10    0.00    0.00   13.19
12:25:36 AM  all   34.94    0.00    4.82    0.00    0.00   31.33    1.20    0.00    0.00   27.71
12:25:37 AM  all   37.50    0.00    2.08    0.00    0.00   56.25    0.00    0.00    0.00    4.17
12:25:38 AM  all   43.62    0.00    2.13    0.00    0.00   40.43    1.06    0.00    0.00   12.77
12:25:39 AM  all   42.11    0.00    1.05    0.00    0.00   44.21    1.05    0.00    0.00   11.58
12:25:40 AM  all   37.89    0.00    0.00    0.00    0.00   48.42    2.11    0.00    0.00   11.58
12:25:41 AM  all   35.11    0.00    2.13    1.06    0.00   53.19    0.00    0.00    0.00    8.51
12:25:42 AM  all   39.58    0.00    2.08    0.00    0.00   43.75    2.08    0.00    0.00   12.50
12:25:43 AM  all   38.95    0.00    1.05    0.00    0.00   48.42    1.05    0.00    0.00   10.53
12:25:44 AM  all   38.04    0.00    3.26    0.00    0.00   41.30    2.17    0.00    0.00   15.22
12:25:45 AM  all   37.63    0.00    2.15    0.00    0.00   43.01    2.15    0.00    0.00   15.05
12:25:46 AM  all   39.13    0.00    1.09    0.00    0.00   41.30    1.09    0.00    0.00   17.39
12:25:47 AM  all   35.48    0.00    3.23    0.00    0.00   45.16    2.15    0.00    0.00   13.98
12:25:48 AM  all   39.33    0.00    2.25    0.00    0.00   35.96    1.12    0.00    0.00   21.35
12:25:49 AM  all   43.16    0.00    0.00    0.00    0.00   48.42    0.00    0.00    0.00    8.42
12:25:50 AM  all   37.37    0.00    1.01    0.00    0.00   58.59    1.01    0.00    0.00    2.02
12:25:51 AM  all   36.84    0.00    2.11    0.00    0.00   53.68    1.05    0.00    0.00    6.32
12:25:52 AM  all   35.96    0.00    1.12    0.00    0.00   43.82    1.12    0.00    0.00   17.98
12:25:53 AM  all   39.56    0.00    2.20    0.00    0.00   38.46    2.20    0.00    0.00   17.58
12:25:54 AM  all   41.46    0.00    4.88    0.00    0.00   18.29    3.66    0.00    0.00   31.71
12:25:55 AM  all   34.69    0.00    0.00    0.00    0.00   58.16    2.04    0.00    0.00    5.10
12:25:56 AM  all   39.13    0.00    2.17    0.00    0.00   40.22    0.00    0.00    0.00   18.48
12:25:57 AM  all   37.36    0.00    3.30    0.00    0.00   39.56    1.10    0.00    0.00   18.68
12:25:58 AM  all   40.45    0.00    2.25    0.00    0.00   40.45    0.00    0.00    0.00   16.85
12:25:59 AM  all   39.18    0.00    1.03    0.00    0.00   49.48    2.06    0.00    0.00    8.25
12:26:00 AM  all   38.30    0.00    2.13    0.00    0.00   44.68    2.13    0.00    0.00   12.77
12:26:01 AM  all   45.05    0.00    1.10    0.00    0.00   37.36    1.10    0.00    0.00   15.38
12:26:02 AM  all   40.43    0.00    2.13    0.00    0.00   36.17    2.13    0.00    0.00   19.15
12:26:03 AM  all   38.95    0.00    2.11    0.00    0.00   47.37    1.05    0.00    0.00   10.53
12:26:04 AM  all   39.36    0.00    2.13    0.00    0.00   47.87    2.13    0.00    0.00    8.51
12:26:05 AM  all   36.67    0.00    3.33    0.00    0.00   42.22    3.33    0.00    0.00   14.44
12:26:06 AM  all   36.96    0.00    3.26    0.00    0.00   41.30    2.17    0.00    0.00   16.30
12:26:07 AM  all   41.00    0.00    2.00    0.00    0.00   52.00    1.00    0.00    0.00    4.00
12:26:08 AM  all   41.94    0.00    2.15    0.00    0.00   43.01    2.15    0.00    0.00   10.75
12:26:09 AM  all   38.30    0.00    2.13    0.00    0.00   45.74    2.13    0.00    0.00   11.70
12:26:10 AM  all   38.54    0.00    1.04    0.00    0.00   51.04    2.08    0.00    0.00    7.29
12:26:11 AM  all   42.39    0.00    2.17    0.00    0.00   36.96    2.17    0.00    0.00   16.30
12:26:12 AM  all   43.16    0.00    2.11    0.00    0.00   45.26    0.00    0.00    0.00    9.47
12:26:13 AM  all   38.14    0.00    2.06    0.00    0.00   51.55    1.03    0.00    0.00    7.22
12:26:14 AM  all   40.22    0.00    1.09    0.00    0.00   38.04    1.09    0.00    0.00   19.57
12:26:15 AM  all   41.67    0.00    2.08    0.00    0.00   46.88    0.00    0.00    0.00    9.38
12:26:16 AM  all   36.47    0.00    2.35    0.00    0.00   30.59    0.00    0.00    0.00   30.59
12:26:17 AM  all   40.00    0.00    1.11    0.00    0.00   33.33    5.56    0.00    0.00   20.00
12:26:18 AM  all   38.95    0.00    2.11    0.00    0.00   45.26    3.16    0.00    0.00   10.53
12:26:19 AM  all   39.13    0.00    2.17    0.00    0.00   43.48    1.09    0.00    0.00   14.13
12:26:20 AM  all   35.87    0.00    0.00    0.00    0.00   51.09    1.09    0.00    0.00   11.96
12:26:21 AM  all   39.18    0.00    1.03    0.00    0.00   47.42    3.09    0.00    0.00    9.28
12:26:22 AM  all   41.76    0.00    2.20    0.00    0.00   42.86    1.10    0.00    0.00   12.09
12:26:23 AM  all   37.78    0.00    1.11    0.00    0.00   41.11    1.11    0.00    0.00   18.89
12:26:24 AM  all   40.62    0.00    1.04    0.00    0.00   47.92    1.04    0.00    0.00    9.38
12:26:25 AM  all   43.01    0.00    1.08    0.00    0.00   40.86    2.15    0.00    0.00   12.90
12:26:26 AM  all   39.18    0.00    0.00    0.00    0.00   55.67    2.06    0.00    0.00    3.09
12:26:27 AM  all   38.78    0.00    2.04    0.00    0.00   54.08    0.00    0.00    0.00    5.10
12:26:28 AM  all   38.89    0.00    2.22    0.00    0.00   37.78    0.00    0.00    0.00   21.11
12:26:29 AM  all   40.82    0.00    2.04    0.00    0.00   51.02    2.04    0.00    0.00    4.08
12:26:30 AM  all   44.21    0.00    2.11    0.00    0.00   42.11    2.11    0.00    0.00    9.47
12:26:31 AM  all   35.71    0.00    2.04    0.00    0.00   58.16    0.00    0.00    0.00    4.08
12:26:32 AM  all   43.82    0.00    1.12    0.00    0.00   24.72    1.12    0.00    0.00   29.21
12:26:33 AM  all   34.12    0.00    2.35    0.00    0.00   35.29    1.18    0.00    0.00   27.06
12:26:34 AM  all   39.78    0.00    2.15    0.00    0.00   43.01    1.08    0.00    0.00   13.98
12:26:35 AM  all   40.86    0.00    1.08    0.00    0.00   44.09    2.15    0.00    0.00   11.83
12:26:36 AM  all   34.83    0.00    2.25    0.00    0.00   46.07    1.12    0.00    0.00   15.73
12:26:37 AM  all   39.77    0.00    1.14    1.14    0.00   38.64    2.27    0.00    0.00   17.05
12:26:38 AM  all   37.36    0.00    1.10    0.00    0.00   48.35    2.20    0.00    0.00   10.99
12:26:39 AM  all   37.89    0.00    2.11    0.00    0.00   52.63    1.05    0.00    0.00    6.32
12:26:40 AM  all   41.76    0.00    2.20    0.00    0.00   37.36    1.10    0.00    0.00   17.58
12:26:41 AM  all   36.96    0.00    2.17    0.00    0.00   40.22    1.09    0.00    0.00   19.57
12:26:42 AM  all   37.50    0.00    2.08    0.00    0.00   46.88    2.08    0.00    0.00   11.46
12:26:43 AM  all   39.80    0.00    1.02    0.00    0.00   50.00    1.02    0.00    0.00    8.16
12:26:44 AM  all   37.78    0.00    2.22    0.00    0.00   46.67    0.00    0.00    0.00   13.33
12:26:45 AM  all   43.48    0.00    1.09    0.00    0.00   39.13    1.09    0.00    0.00   15.22
12:26:46 AM  all   34.15    0.00    6.10    0.00    0.00   32.93    1.22    0.00    0.00   25.61
12:26:47 AM  all   37.93    0.00    1.15    0.00    0.00   33.33    2.30    0.00    0.00   25.29
12:26:48 AM  all   39.53    0.00    1.16    0.00    0.00   44.19    0.00    0.00    0.00   15.12
12:26:49 AM  all   39.13    0.00    1.09    0.00    0.00   43.48    1.09    0.00    0.00   15.22
12:26:50 AM  all   35.71    0.00    3.06    0.00    0.00   51.02    1.02    0.00    0.00    9.18
12:26:51 AM  all   42.05    0.00    1.14    0.00    0.00   45.45    0.00    0.00    0.00   11.36
12:26:52 AM  all   39.56    0.00    2.20    0.00    0.00   46.15    1.10    0.00    0.00   10.99
12:26:53 AM  all   37.23    0.00    2.13    0.00    0.00   47.87    1.06    0.00    0.00   11.70
12:26:54 AM  all   41.94    0.00    2.15    0.00    0.00   41.94    1.08    0.00    0.00   12.90
12:26:55 AM  all   41.30    0.00    2.17    0.00    0.00   44.57    1.09    0.00    0.00   10.87
12:26:56 AM  all   38.71    0.00    2.15    0.00    0.00   44.09    0.00    0.00    0.00   15.05
12:26:57 AM  all   42.39    0.00    2.17    0.00    0.00   39.13    2.17    0.00    0.00   14.13
12:26:58 AM  all   46.74    0.00    1.09    0.00    0.00   43.48    2.17    0.00    0.00    6.52
12:26:59 AM  all   34.04    0.00    1.06    0.00    0.00   52.13    1.06    0.00    0.00   11.70
12:27:00 AM  all   44.79    0.00    1.04    0.00    0.00   43.75    5.21    0.00    0.00    5.21
12:27:01 AM  all   38.04    0.00    3.26    0.00    0.00   47.83    2.17    0.00    0.00    8.70
12:27:02 AM  all   38.14    0.00    2.06    0.00    0.00   50.52    1.03    0.00    0.00    8.25
12:27:03 AM  all   44.90    0.00    1.02    0.00    0.00   50.00    1.02    0.00    0.00    3.06
12:27:04 AM  all   39.18    0.00    2.06    0.00    0.00   53.61    1.03    0.00    0.00    4.12
12:27:05 AM  all   38.95    0.00    3.16    0.00    0.00   46.32    0.00    0.00    0.00   11.58
12:27:06 AM  all   41.30    0.00    1.09    0.00    0.00   42.39    1.09    0.00    0.00   14.13
12:27:07 AM  all   37.76    0.00    2.04    0.00    0.00   52.04    3.06    0.00    0.00    5.10
12:27:08 AM  all   40.43    0.00    1.06    0.00    0.00   43.62    2.13    0.00    0.00   12.77
12:27:09 AM  all    5.26    0.00    2.11    0.00    0.00    5.26    0.00    0.00    0.00   87.37
12:27:10 AM  all    1.98    0.00    2.97    0.00    0.00    0.00    0.99    0.00    0.00   94.06
12:27:11 AM  all    1.98    0.00    2.97    0.00    0.00    0.00    0.00    0.00    0.00   95.05
12:27:12 AM  all    1.01    0.00    2.02    4.04    0.00    0.00    0.00    0.00    0.00   92.93
12:27:13 AM  all    1.02    0.00    2.04    0.00    0.00    1.02    0.00    0.00    0.00   95.92
12:27:14 AM  all    1.00    0.00    2.00    0.00    0.00    0.00    1.00    0.00    0.00   96.00
12:27:15 AM  all    1.02    0.00    2.04    0.00    0.00    0.00    0.00    0.00    0.00   96.94
12:27:16 AM  all    0.00    0.00    4.00    0.00    0.00    0.00    0.00    0.00    0.00   96.00
12:27:17 AM  all    1.02    0.00    2.04    7.14    0.00    0.00    1.02    0.00    0.00   88.78
12:27:18 AM  all    2.00    0.00    2.00    0.00    0.00    0.00    0.00    0.00    0.00   96.00
12:27:19 AM  all    1.01    0.00    2.02    0.00    0.00    0.00    0.00    0.00    0.00   96.97
12:27:20 AM  all    1.02    0.00    2.04    0.00    0.00    0.00    0.00    0.00    0.00   96.94
12:27:21 AM  all    1.00    0.00    3.00    0.00    0.00    0.00    1.00    0.00    0.00   95.00
12:27:22 AM  all    1.01    0.00    1.01    2.02    0.00    0.00    0.00    0.00    0.00   95.96
12:27:23 AM  all    1.02    0.00    2.04    0.00    0.00    0.00    0.00    0.00    0.00   96.94
Average:     all   33.24    0.00    1.96    0.15    0.00   37.25    1.29    0.00    0.00   26.12
Linux 4.4.0-31-generic (fw-suricata) 	12/10/2017 	_i686_	(1 CPU)

04:15:33 AM  CPU    %usr   %nice    %sys %iowait    %irq   %soft  %steal  %guest  %gnice   %idle
04:15:34 AM  all    1.01    0.00    8.08    0.00    0.00    0.00    0.00    0.00    0.00   90.91
04:15:35 AM  all    1.02    0.00    2.04    0.00    0.00    0.00    0.00    0.00    0.00   96.94
04:15:36 AM  all    1.02    0.00    1.02    0.00    0.00    0.00    0.00    0.00    0.00   97.96
04:15:37 AM  all    1.00    0.00    2.00    0.00    0.00    0.00    1.00    0.00    0.00   96.00
04:15:38 AM  all    1.00    0.00    3.00    4.00    0.00    2.00    0.00    0.00    0.00   90.00
04:15:39 AM  all   32.10    0.00    3.70    0.00    0.00   27.16    3.70    0.00    0.00   33.33
04:15:40 AM  all   36.78    0.00    1.15    0.00    0.00   25.29    1.15    0.00    0.00   35.63
04:15:41 AM  all   39.53    0.00    2.33    0.00    0.00   20.93    0.00    0.00    0.00   37.21
04:15:42 AM  all   40.96    0.00    2.41    0.00    0.00   28.92    0.00    0.00    0.00   27.71
04:15:43 AM  all   34.48    0.00    2.30    1.15    0.00   31.03    1.15    0.00    0.00   29.89
04:15:44 AM  all   37.50    0.00    3.41    0.00    0.00   29.55    2.27    0.00    0.00   27.27
04:15:45 AM  all   40.00    0.00    2.35    0.00    0.00   25.88    1.18    0.00    0.00   30.59
04:15:46 AM  all   39.29    0.00    2.38    0.00    0.00   29.76    2.38    0.00    0.00   26.19
04:15:47 AM  all   39.29    0.00    1.19    0.00    0.00   21.43    4.76    0.00    0.00   33.33
04:15:48 AM  all   38.82    0.00    2.35    3.53    0.00   28.24    1.18    0.00    0.00   25.88
04:15:49 AM  all   46.51    0.00    2.33    0.00    0.00   34.88    0.00    0.00    0.00   16.28
04:15:50 AM  all   40.45    0.00    1.12    0.00    0.00   34.83    2.25    0.00    0.00   21.35
04:15:51 AM  all   41.67    0.00    2.08    0.00    0.00   44.79    2.08    0.00    0.00    9.38
04:15:52 AM  all   35.48    0.00    2.15    0.00    0.00   53.76    2.15    0.00    0.00    6.45
04:15:53 AM  all   37.50    0.00    2.08    1.04    0.00   43.75    1.04    0.00    0.00   14.58
04:15:54 AM  all   41.05    0.00    1.05    0.00    0.00   46.32    1.05    0.00    0.00   10.53
04:15:55 AM  all   40.86    0.00    1.08    0.00    0.00   38.71    0.00    0.00    0.00   19.35
04:15:56 AM  all   39.77    0.00    2.27    0.00    0.00   38.64    2.27    0.00    0.00   17.05
04:15:57 AM  all   42.86    0.00    1.10    0.00    0.00   35.16    2.20    0.00    0.00   18.68
04:15:58 AM  all   43.01    0.00    2.15    3.23    0.00   38.71    0.00    0.00    0.00   12.90
04:15:59 AM  all   38.54    0.00    1.04    0.00    0.00   53.12    2.08    0.00    0.00    5.21
04:16:00 AM  all   41.58    0.00    2.97    0.00    0.00   54.46    0.99    0.00    0.00    0.00
04:16:01 AM  all   43.30    0.00    0.00    0.00    0.00   51.55    2.06    0.00    0.00    3.09
04:16:02 AM  all   45.26    0.00    3.16    0.00    0.00   44.21    1.05    0.00    0.00    6.32
04:16:03 AM  all   47.37    0.00    1.05    0.00    0.00   41.05    2.11    0.00    0.00    8.42
04:16:04 AM  all   42.42    0.00    2.02    0.00    0.00   49.49    2.02    0.00    0.00    4.04
04:16:05 AM  all   40.62    0.00    1.04    0.00    0.00   47.92    1.04    0.00    0.00    9.38
04:16:06 AM  all   38.95    0.00    1.05    0.00    0.00   48.42    2.11    0.00    0.00    9.47
04:16:07 AM  all   40.74    0.00    2.47    0.00    0.00   19.75    0.00    0.00    0.00   37.04
04:16:08 AM  all   43.96    0.00    1.10    0.00    0.00   35.16    1.10    0.00    0.00   18.68
04:16:09 AM  all   40.43    0.00    2.13    0.00    0.00   47.87    0.00    0.00    0.00    9.57
04:16:10 AM  all   47.83    0.00    1.09    0.00    0.00   32.61    1.09    0.00    0.00   17.39
04:16:11 AM  all   42.27    0.00    3.09    0.00    0.00   40.21    3.09    0.00    0.00   11.34
04:16:12 AM  all   43.48    0.00    1.09    0.00    0.00   42.39    0.00    0.00    0.00   13.04
04:16:13 AM  all   40.22    0.00    1.09    0.00    0.00   41.30    0.00    0.00    0.00   17.39
04:16:14 AM  all   35.79    0.00    1.05    0.00    0.00   54.74    2.11    0.00    0.00    6.32
04:16:15 AM  all   43.88    0.00    0.00    0.00    0.00   51.02    1.02    0.00    0.00    4.08
04:16:16 AM  all   42.71    0.00    1.04    0.00    0.00   43.75    2.08    0.00    0.00   10.42
04:16:17 AM  all   40.91    0.00    2.27    0.00    0.00   35.23    1.14    0.00    0.00   20.45
04:16:18 AM  all   41.49    0.00    1.06    0.00    0.00   48.94    1.06    0.00    0.00    7.45
04:16:19 AM  all   46.39    0.00    2.06    0.00    0.00   45.36    1.03    0.00    0.00    5.15
04:16:20 AM  all   42.39    0.00    2.17    0.00    0.00   43.48    1.09    0.00    0.00   10.87
04:16:21 AM  all   37.37    0.00    1.01    0.00    0.00   59.60    1.01    0.00    0.00    1.01
04:16:22 AM  all   41.67    0.00    2.08    0.00    0.00   46.88    2.08    0.00    0.00    7.29
04:16:23 AM  all   47.31    0.00    0.00    0.00    0.00   43.01    0.00    0.00    0.00    9.68
04:16:24 AM  all   44.44    0.00    1.01    0.00    0.00   52.53    0.00    0.00    0.00    2.02
04:16:25 AM  all   41.84    0.00    2.04    0.00    0.00   50.00    2.04    0.00    0.00    4.08
04:16:26 AM  all   41.00    0.00    1.00    0.00    0.00   53.00    3.00    0.00    0.00    2.00
04:16:27 AM  all   39.08    0.00    1.15    0.00    0.00   36.78    1.15    0.00    0.00   21.84
04:16:28 AM  all   39.56    0.00    2.20    0.00    0.00   47.25    0.00    0.00    0.00   10.99
04:16:29 AM  all   36.78    0.00    2.30    3.45    0.00   39.08    4.60    0.00    0.00   13.79
04:16:30 AM  all   38.04    0.00    2.17    0.00    0.00   42.39    2.17    0.00    0.00   15.22
04:16:31 AM  all   45.83    0.00    3.12    0.00    0.00   45.83    0.00    0.00    0.00    5.21
04:16:32 AM  all   44.21    0.00    1.05    0.00    0.00   48.42    1.05    0.00    0.00    5.26
04:16:33 AM  all   38.64    0.00    2.27    0.00    0.00   34.09    2.27    0.00    0.00   22.73
04:16:34 AM  all   41.24    0.00    1.03    1.03    0.00   42.27    1.03    0.00    0.00   13.40
04:16:35 AM  all   39.13    0.00    1.09    0.00    0.00   43.48    0.00    0.00    0.00   16.30
04:16:36 AM  all   42.42    0.00    1.01    0.00    0.00   52.53    2.02    0.00    0.00    2.02
04:16:37 AM  all   41.41    0.00    1.01    0.00    0.00   54.55    1.01    0.00    0.00    2.02
04:16:38 AM  all   42.53    0.00    1.15    0.00    0.00   35.63    1.15    0.00    0.00   19.54
04:16:39 AM  all   42.39    0.00    2.17    0.00    0.00   45.65    0.00    0.00    0.00    9.78
04:16:40 AM  all   37.08    0.00    2.25    0.00    0.00   34.83    5.62    0.00    0.00   20.22
04:16:41 AM  all   40.00    0.00    1.05    0.00    0.00   38.95    3.16    0.00    0.00   16.84
04:16:42 AM  all   44.09    0.00    2.15    0.00    0.00   40.86    0.00    0.00    0.00   12.90
04:16:43 AM  all   41.98    0.00    2.47    0.00    0.00   23.46    1.23    0.00    0.00   30.86
04:16:44 AM  all   41.05    0.00    2.11    1.05    0.00   51.58    0.00    0.00    0.00    4.21
04:16:45 AM  all   45.16    0.00    2.15    0.00    0.00   40.86    1.08    0.00    0.00   10.75
04:16:46 AM  all   41.49    0.00    2.13    0.00    0.00   41.49    0.00    0.00    0.00   14.89
04:16:47 AM  all   42.27    0.00    0.00    0.00    0.00   52.58    4.12    0.00    0.00    1.03
04:16:48 AM  all   38.37    0.00    3.49    0.00    0.00   38.37    1.16    0.00    0.00   18.60
04:16:49 AM  all   34.18    0.00    2.53    1.27    0.00   26.58    3.80    0.00    0.00   31.65
04:16:50 AM  all   34.09    0.00    1.14    0.00    0.00   38.64    1.14    0.00    0.00   25.00
04:16:51 AM  all   38.14    0.00    4.12    0.00    0.00   47.42    1.03    0.00    0.00    9.28
04:16:52 AM  all   39.36    0.00    3.19    0.00    0.00   45.74    0.00    0.00    0.00   11.70
04:16:53 AM  all   37.62    0.00    0.99    0.00    0.00   56.44    3.96    0.00    0.00    0.99
04:16:54 AM  all   42.53    0.00    1.15    0.00    0.00   37.93    2.30    0.00    0.00   16.09
04:16:55 AM  all   42.55    0.00    1.06    0.00    0.00   48.94    0.00    0.00    0.00    7.45
04:16:56 AM  all   42.27    0.00    2.06    0.00    0.00   50.52    1.03    0.00    0.00    4.12
04:16:57 AM  all   42.00    0.00    2.00    0.00    0.00   51.00    2.00    0.00    0.00    3.00
04:16:58 AM  all   41.57    0.00    2.25    0.00    0.00   35.96    1.12    0.00    0.00   19.10
04:16:59 AM  all   39.80    0.00    2.04    0.00    0.00   53.06    1.02    0.00    0.00    4.08
04:17:00 AM  all   43.33    0.00    1.11    0.00    0.00   38.89    1.11    0.00    0.00   15.56
04:17:01 AM  all   37.23    0.00    3.19    0.00    0.00   48.94    2.13    0.00    0.00    8.51
04:17:02 AM  all   39.53    0.00    2.33    0.00    0.00   36.05    1.16    0.00    0.00   20.93
04:17:03 AM  all   41.11    0.00    2.22    0.00    0.00   41.11    1.11    0.00    0.00   14.44
04:17:04 AM  all   40.62    0.00    2.08    0.00    0.00   47.92    2.08    0.00    0.00    7.29
04:17:05 AM  all   44.68    0.00    0.00    0.00    0.00   38.30    2.13    0.00    0.00   14.89
04:17:06 AM  all   44.33    0.00    3.09    0.00    0.00   45.36    0.00    0.00    0.00    7.22
04:17:07 AM  all   40.00    0.00    2.22    0.00    0.00   37.78    3.33    0.00    0.00   16.67
04:17:08 AM  all   45.16    0.00    2.15    0.00    0.00   40.86    2.15    0.00    0.00    9.68
04:17:09 AM  all   44.21    0.00    1.05    0.00    0.00   47.37    1.05    0.00    0.00    6.32
04:17:10 AM  all   40.45    0.00    2.25    0.00    0.00   41.57    2.25    0.00    0.00   13.48
04:17:11 AM  all   40.00    0.00    1.05    0.00    0.00   46.32    3.16    0.00    0.00    9.47
04:17:12 AM  all   37.04    0.00    2.47    0.00    0.00   29.63    1.23    0.00    0.00   29.63
04:17:13 AM  all   39.29    0.00    2.38    0.00    0.00   21.43    1.19    0.00    0.00   35.71
04:17:14 AM  all   44.09    0.00    1.08    0.00    0.00   44.09    1.08    0.00    0.00    9.68
04:17:15 AM  all   39.39    0.00    0.00    0.00    0.00   59.60    0.00    0.00    0.00    1.01
04:17:16 AM  all   41.94    0.00    2.15    0.00    0.00   43.01    2.15    0.00    0.00   10.75
04:17:17 AM  all   44.68    0.00    0.00    0.00    0.00   46.81    1.06    0.00    0.00    7.45
04:17:18 AM  all   47.31    0.00    2.15    0.00    0.00   38.71    1.08    0.00    0.00   10.75
04:17:19 AM  all   39.80    0.00    3.06    0.00    0.00   52.04    1.02    0.00    0.00    4.08
04:17:20 AM  all   39.36    0.00    3.19    0.00    0.00   46.81    1.06    0.00    0.00    9.57
04:17:21 AM  all   39.74    0.00    2.56    0.00    0.00   29.49    0.00    0.00    0.00   28.21
04:17:22 AM  all   47.87    0.00    2.13    0.00    0.00   36.17    1.06    0.00    0.00   12.77
04:17:23 AM  all   42.42    0.00    2.02    0.00    0.00   46.46    1.01    0.00    0.00    8.08
04:17:24 AM  all   46.24    0.00    1.08    0.00    0.00   44.09    0.00    0.00    0.00    8.60
04:17:25 AM  all   37.36    0.00    3.30    0.00    0.00   38.46    1.10    0.00    0.00   19.78
04:17:26 AM  all   47.96    0.00    2.04    0.00    0.00   43.88    2.04    0.00    0.00    4.08
04:17:27 AM  all   39.78    0.00    1.08    0.00    0.00   50.54    1.08    0.00    0.00    7.53
04:17:28 AM  all   36.56    0.00    1.08    0.00    0.00   45.16    1.08    0.00    0.00   16.13
04:17:29 AM  all   40.45    0.00    2.25    0.00    0.00   40.45    1.12    0.00    0.00   15.73
04:17:30 AM  all   34.00    0.00    1.00    0.00    0.00   63.00    2.00    0.00    0.00    0.00
04:17:31 AM  all   42.55    0.00    2.13    0.00    0.00   38.30    1.06    0.00    0.00   15.96
04:17:32 AM  all   41.49    0.00    3.19    0.00    0.00   43.62    2.13    0.00    0.00    9.57
04:17:33 AM  all   46.51    0.00    2.33    0.00    0.00   30.23    2.33    0.00    0.00   18.60
04:17:34 AM  all   40.40    0.00    1.01    0.00    0.00   50.51    2.02    0.00    0.00    6.06
04:17:35 AM  all   41.49    0.00    2.13    1.06    0.00   41.49    1.06    0.00    0.00   12.77
04:17:36 AM  all   43.01    0.00    1.08    0.00    0.00   47.31    2.15    0.00    0.00    6.45
04:17:37 AM  all   40.00    0.00    1.00    0.00    0.00   55.00    1.00    0.00    0.00    3.00
04:17:38 AM  all   42.35    0.00    1.18    0.00    0.00   23.53    1.18    0.00    0.00   31.76
04:17:39 AM  all    4.04    0.00    1.01    0.00    0.00    4.04    0.00    0.00    0.00   90.91
04:17:40 AM  all    1.01    0.00    2.02    6.06    0.00    0.00    0.00    0.00    0.00   90.91
04:17:41 AM  all    1.03    0.00    1.03    0.00    0.00    0.00    0.00    0.00    0.00   97.94
04:17:42 AM  all    1.00    0.00    2.00    0.00    0.00    0.00    1.00    0.00    0.00   96.00
04:17:43 AM  all    1.02    0.00    1.02    0.00    0.00    0.00    0.00    0.00    0.00   97.96
04:17:44 AM  all    1.01    0.00    2.02    0.00    0.00    0.00    0.00    0.00    0.00   96.97
04:17:45 AM  all    0.00    0.00    3.03    2.02    0.00    0.00    0.00    0.00    0.00   94.95
04:17:46 AM  all    2.00    0.00    2.00    0.00    0.00    0.00    1.00    0.00    0.00   95.00
04:17:47 AM  all    2.02    0.00    2.02    0.00    0.00    0.00    0.00    0.00    0.00   95.96
04:17:48 AM  all    1.02    0.00    1.02    0.00    0.00    0.00    0.00    0.00    0.00   97.96
04:17:49 AM  all    1.00    0.00    3.00    0.00    0.00    0.00    1.00    0.00    0.00   95.00
04:17:50 AM  all    1.00    0.00    3.00    1.00    0.00    0.00    0.00    0.00    0.00   95.00
04:17:51 AM  all    1.02    0.00    3.06    0.00    0.00    0.00    0.00    0.00    0.00   95.92
04:17:52 AM  all    1.00    0.00    3.00    0.00    0.00    0.00    1.00    0.00    0.00   95.00
04:17:53 AM  all    0.99    0.00    2.97    0.00    0.00    0.00    0.00    0.00    0.00   96.04
Average:     all   35.10    0.00    1.88    0.21    0.00   36.04    1.25    0.00    0.00   25.52
