Linux 4.4.0-31-generic (dpi-suricata) 	12/10/2017 	_i686_	(1 CPU)

01:33:01 AM  CPU    %usr   %nice    %sys %iowait    %irq   %soft  %steal  %guest  %gnice   %idle
01:33:02 AM  all    2.00    0.00    8.00    0.00    0.00    0.00    0.00    0.00    0.00   90.00
01:33:03 AM  all    1.01    0.00    3.03    0.00    0.00    0.00    1.01    0.00    0.00   94.95
01:33:04 AM  all    2.00    0.00    3.00    0.00    0.00    0.00    0.00    0.00    0.00   95.00
01:33:05 AM  all    3.03    0.00    3.03    0.00    0.00    0.00    0.00    0.00    0.00   93.94
01:33:06 AM  all    2.00    0.00    3.00    0.00    0.00    0.00    1.00    0.00    0.00   94.00
01:33:07 AM  all   51.49    0.00    0.99    1.98    0.00   38.61    1.98    0.00    0.00    4.95
01:33:08 AM  all   66.00    0.00    2.00    0.00    0.00   31.00    1.00    0.00    0.00    0.00
01:33:09 AM  all   53.00    0.00    2.00    0.00    0.00   44.00    1.00    0.00    0.00    0.00
01:33:10 AM  all   55.45    0.00    0.99    0.00    0.00   41.58    1.98    0.00    0.00    0.00
01:33:11 AM  all   60.61    0.00    2.02    0.00    0.00   37.37    0.00    0.00    0.00    0.00
01:33:12 AM  all   56.44    0.00    1.98    0.00    0.00   40.59    0.99    0.00    0.00    0.00
01:33:13 AM  all   59.00    0.00    2.00    0.00    0.00   38.00    1.00    0.00    0.00    0.00
01:33:14 AM  all   57.43    0.00    0.99    0.00    0.00   40.59    0.99    0.00    0.00    0.00
01:33:15 AM  all   58.00    0.00    1.00    0.00    0.00   40.00    1.00    0.00    0.00    0.00
01:33:16 AM  all   55.00    0.00    1.00    0.00    0.00   42.00    2.00    0.00    0.00    0.00
01:33:17 AM  all   48.48    0.00    0.00    0.00    0.00   51.52    0.00    0.00    0.00    0.00
01:33:18 AM  all   38.61    0.00    0.99    0.00    0.00   57.43    2.97    0.00    0.00    0.00
01:33:19 AM  all   37.00    0.00    1.00    0.00    0.00   61.00    1.00    0.00    0.00    0.00
01:33:20 AM  all   35.00    0.00    1.00    0.00    0.00   63.00    1.00    0.00    0.00    0.00
01:33:21 AM  all   42.16    0.00    1.96    0.00    0.00   52.94    2.94    0.00    0.00    0.00
01:33:22 AM  all   42.00    0.00    1.00    0.00    0.00   54.00    3.00    0.00    0.00    0.00
01:33:23 AM  all   39.39    0.00    3.03    0.00    0.00   53.54    4.04    0.00    0.00    0.00
01:33:24 AM  all   42.57    0.00    0.99    0.00    0.00   54.46    1.98    0.00    0.00    0.00
01:33:25 AM  all   39.00    0.00    2.00    0.00    0.00   58.00    1.00    0.00    0.00    0.00
01:33:26 AM  all   39.00    0.00    2.00    0.00    0.00   57.00    2.00    0.00    0.00    0.00
01:33:27 AM  all   50.51    0.00    1.01    0.00    0.00   47.47    1.01    0.00    0.00    0.00
01:33:28 AM  all   30.69    0.00    1.98    0.00    0.00   66.34    0.99    0.00    0.00    0.00
01:33:29 AM  all   44.00    0.00    1.00    0.00    0.00   51.00    4.00    0.00    0.00    0.00
01:33:30 AM  all   30.69    0.00    0.99    0.00    0.00   66.34    1.98    0.00    0.00    0.00
01:33:31 AM  all   40.00    0.00    1.00    0.00    0.00   57.00    2.00    0.00    0.00    0.00
01:33:32 AM  all   31.00    0.00    1.00    0.00    0.00   67.00    1.00    0.00    0.00    0.00
01:33:33 AM  all   47.00    0.00    2.00    0.00    0.00   49.00    2.00    0.00    0.00    0.00
01:33:34 AM  all   46.00    0.00    0.00    0.00    0.00   52.00    2.00    0.00    0.00    0.00
01:33:35 AM  all   54.46    0.00    0.99    0.00    0.00   43.56    0.99    0.00    0.00    0.00
01:33:36 AM  all   43.00    0.00    1.00    0.00    0.00   52.00    4.00    0.00    0.00    0.00
01:33:37 AM  all   41.00    0.00    2.00    0.00    0.00   52.00    5.00    0.00    0.00    0.00
01:33:38 AM  all   54.00    0.00    1.00    0.00    0.00   44.00    1.00    0.00    0.00    0.00
01:33:39 AM  all   45.00    0.00    1.00    0.00    0.00   52.00    2.00    0.00    0.00    0.00
01:33:40 AM  all   45.54    0.00    0.99    0.00    0.00   51.49    1.98    0.00    0.00    0.00
01:33:41 AM  all   41.00    0.00    1.00    0.00    0.00   57.00    1.00    0.00    0.00    0.00
01:33:42 AM  all   34.00    0.00    1.00    0.00    0.00   62.00    3.00    0.00    0.00    0.00
01:33:43 AM  all   34.00    0.00    1.00    0.00    0.00   63.00    2.00    0.00    0.00    0.00
01:33:44 AM  all   41.00    0.00    2.00    0.00    0.00   53.00    4.00    0.00    0.00    0.00
01:33:45 AM  all   47.52    0.00    0.99    0.00    0.00   49.50    1.98    0.00    0.00    0.00
01:33:46 AM  all   44.00    0.00    3.00    0.00    0.00   53.00    0.00    0.00    0.00    0.00
01:33:47 AM  all   45.54    0.00    0.99    0.00    0.00   51.49    1.98    0.00    0.00    0.00
01:33:48 AM  all   43.43    0.00    1.01    0.00    0.00   54.55    1.01    0.00    0.00    0.00
01:33:49 AM  all   42.16    0.00    1.96    0.00    0.00   53.92    1.96    0.00    0.00    0.00
01:33:50 AM  all   47.00    0.00    1.00    0.00    0.00   51.00    1.00    0.00    0.00    0.00
01:33:51 AM  all   43.56    0.00    1.98    0.00    0.00   52.48    1.98    0.00    0.00    0.00
01:33:52 AM  all   51.00    0.00    1.00    0.00    0.00   47.00    1.00    0.00    0.00    0.00
01:33:53 AM  all   31.00    0.00    0.00    0.00    0.00   67.00    2.00    0.00    0.00    0.00
01:33:54 AM  all   45.54    0.00    1.98    0.00    0.00   48.51    3.96    0.00    0.00    0.00
01:33:55 AM  all   42.86    0.00    0.00    0.00    0.00   55.10    2.04    0.00    0.00    0.00
01:33:56 AM  all   42.16    0.00    3.92    0.00    0.00   51.96    1.96    0.00    0.00    0.00
01:33:57 AM  all   43.43    0.00    1.01    0.00    0.00   54.55    1.01    0.00    0.00    0.00
01:33:58 AM  all   37.00    0.00    2.00    0.00    0.00   60.00    1.00    0.00    0.00    0.00
01:33:59 AM  all   49.50    0.00    2.97    0.00    0.00   45.54    1.98    0.00    0.00    0.00
01:34:00 AM  all   42.00    0.00    1.00    0.00    0.00   53.00    4.00    0.00    0.00    0.00
01:34:01 AM  all   41.00    0.00    2.00    0.00    0.00   55.00    2.00    0.00    0.00    0.00
01:34:02 AM  all   45.00    0.00    1.00    0.00    0.00   52.00    2.00    0.00    0.00    0.00
01:34:03 AM  all   39.00    0.00    3.00    0.00    0.00   56.00    2.00    0.00    0.00    0.00
01:34:04 AM  all   31.68    0.00    1.98    0.00    0.00   63.37    2.97    0.00    0.00    0.00
01:34:05 AM  all   48.98    0.00    0.00    0.00    0.00   47.96    3.06    0.00    0.00    0.00
01:34:06 AM  all   56.86    0.00    1.96    0.00    0.00   39.22    1.96    0.00    0.00    0.00
01:34:07 AM  all   38.38    0.00    0.00    0.00    0.00   58.59    3.03    0.00    0.00    0.00
01:34:08 AM  all   43.56    0.00    0.99    0.00    0.00   53.47    1.98    0.00    0.00    0.00
01:34:09 AM  all   47.47    0.00    2.02    0.00    0.00   48.48    2.02    0.00    0.00    0.00
01:34:10 AM  all   46.00    0.00    3.00    0.00    0.00   51.00    0.00    0.00    0.00    0.00
01:34:11 AM  all   43.56    0.00    0.99    0.00    0.00   52.48    2.97    0.00    0.00    0.00
01:34:12 AM  all   40.00    0.00    2.00    0.00    0.00   55.00    3.00    0.00    0.00    0.00
01:34:13 AM  all   39.00    0.00    2.00    0.00    0.00   56.00    3.00    0.00    0.00    0.00
01:34:14 AM  all   38.61    0.00    1.98    0.00    0.00   56.44    2.97    0.00    0.00    0.00
01:34:15 AM  all   44.00    0.00    1.00    0.00    0.00   53.00    2.00    0.00    0.00    0.00
01:34:16 AM  all   42.00    0.00    1.00    0.00    0.00   55.00    2.00    0.00    0.00    0.00
01:34:17 AM  all   43.56    0.00    1.98    0.00    0.00   50.50    3.96    0.00    0.00    0.00
01:34:18 AM  all   48.51    0.00    0.99    0.00    0.00   48.51    1.98    0.00    0.00    0.00
01:34:19 AM  all   47.47    0.00    1.01    0.00    0.00   50.51    1.01    0.00    0.00    0.00
01:34:20 AM  all   40.00    0.00    1.00    0.00    0.00   56.00    3.00    0.00    0.00    0.00
01:34:21 AM  all   51.52    0.00    1.01    0.00    0.00   46.46    1.01    0.00    0.00    0.00
01:34:22 AM  all   47.00    0.00    3.00    0.00    0.00   49.00    1.00    0.00    0.00    0.00
01:34:23 AM  all   49.50    0.00    0.99    0.00    0.00   45.54    3.96    0.00    0.00    0.00
01:34:24 AM  all   42.57    0.00    1.98    0.00    0.00   51.49    3.96    0.00    0.00    0.00
01:34:25 AM  all   54.00    0.00    1.00    0.00    0.00   45.00    0.00    0.00    0.00    0.00
01:34:26 AM  all   45.54    0.00    0.99    0.00    0.00   50.50    2.97    0.00    0.00    0.00
01:34:27 AM  all   48.04    0.00    0.98    0.00    0.00   50.00    0.98    0.00    0.00    0.00
01:34:28 AM  all   42.27    0.00    0.00    0.00    0.00   52.58    5.15    0.00    0.00    0.00
01:34:29 AM  all   46.00    0.00    1.00    0.00    0.00   51.00    2.00    0.00    0.00    0.00
01:34:30 AM  all   50.51    0.00    3.03    0.00    0.00   44.44    2.02    0.00    0.00    0.00
01:34:31 AM  all   51.00    0.00    2.00    0.00    0.00   46.00    1.00    0.00    0.00    0.00
01:34:32 AM  all   45.54    0.00    0.99    0.00    0.00   51.49    1.98    0.00    0.00    0.00
01:34:33 AM  all   41.41    0.00    1.01    0.00    0.00   56.57    1.01    0.00    0.00    0.00
01:34:34 AM  all   37.62    0.00    2.97    0.00    0.00   55.45    3.96    0.00    0.00    0.00
01:34:35 AM  all   51.00    0.00    1.00    0.00    0.00   47.00    1.00    0.00    0.00    0.00
01:34:36 AM  all   41.00    0.00    1.00    0.00    0.00   55.00    3.00    0.00    0.00    0.00
01:34:37 AM  all   50.00    0.00    1.00    0.00    0.00   46.00    3.00    0.00    0.00    0.00
01:34:38 AM  all   33.00    0.00    0.00    0.00    0.00   66.00    1.00    0.00    0.00    0.00
01:34:39 AM  all   32.32    0.00    3.03    0.00    0.00   61.62    3.03    0.00    0.00    0.00
01:34:40 AM  all   44.55    0.00    0.99    0.00    0.00   52.48    1.98    0.00    0.00    0.00
01:34:41 AM  all   43.56    0.00    0.99    0.00    0.00   54.46    0.99    0.00    0.00    0.00
01:34:42 AM  all   47.00    0.00    1.00    0.00    0.00   49.00    3.00    0.00    0.00    0.00
01:34:43 AM  all   43.00    0.00    1.00    0.00    0.00   54.00    2.00    0.00    0.00    0.00
01:34:44 AM  all   42.00    0.00    1.00    0.00    0.00   55.00    2.00    0.00    0.00    0.00
01:34:45 AM  all   40.00    0.00    1.00    0.00    0.00   53.00    6.00    0.00    0.00    0.00
01:34:46 AM  all   45.54    0.00    1.98    0.00    0.00   50.50    1.98    0.00    0.00    0.00
01:34:47 AM  all   39.60    0.00    1.98    0.00    0.00   56.44    1.98    0.00    0.00    0.00
01:34:48 AM  all   59.18    0.00    0.00    0.00    0.00   39.80    1.02    0.00    0.00    0.00
01:34:49 AM  all   52.48    0.00    1.98    0.00    0.00   44.55    0.99    0.00    0.00    0.00
01:34:50 AM  all   37.00    0.00    0.00    0.00    0.00   60.00    3.00    0.00    0.00    0.00
01:34:51 AM  all   41.00    0.00    0.00    0.00    0.00   57.00    2.00    0.00    0.00    0.00
01:34:52 AM  all   53.47    0.00    0.99    0.00    0.00   43.56    1.98    0.00    0.00    0.00
01:34:53 AM  all   47.57    0.00    1.94    0.00    0.00   49.51    0.97    0.00    0.00    0.00
01:34:54 AM  all   43.56    0.00    0.99    0.00    0.00   53.47    1.98    0.00    0.00    0.00
01:34:55 AM  all   50.00    0.00    0.00    0.00    0.00   49.00    1.00    0.00    0.00    0.00
01:34:56 AM  all   34.00    0.00    2.00    0.00    0.00   63.00    1.00    0.00    0.00    0.00
01:34:57 AM  all   42.57    0.00    0.99    0.00    0.00   54.46    1.98    0.00    0.00    0.00
01:34:58 AM  all   45.54    0.00    1.98    0.00    0.00   51.49    0.99    0.00    0.00    0.00
01:34:59 AM  all   47.00    0.00    2.00    0.00    0.00   49.00    2.00    0.00    0.00    0.00
01:35:00 AM  all   36.36    0.00    1.01    0.00    0.00   61.62    1.01    0.00    0.00    0.00
01:35:01 AM  all   42.57    0.00    0.99    0.00    0.00   54.46    1.98    0.00    0.00    0.00
01:35:02 AM  all   44.00    0.00    2.00    0.00    0.00   53.00    1.00    0.00    0.00    0.00
01:35:03 AM  all   46.46    0.00    1.01    0.00    0.00   51.52    1.01    0.00    0.00    0.00
01:35:04 AM  all   39.60    0.00    0.99    0.00    0.00   57.43    1.98    0.00    0.00    0.00
01:35:05 AM  all   45.00    0.00    2.00    0.00    0.00   51.00    2.00    0.00    0.00    0.00
01:35:06 AM  all   39.00    0.00    1.00    0.00    0.00   57.00    3.00    0.00    0.00    0.00
01:35:07 AM  all    4.08    0.00    2.04    4.08    0.00    3.06    1.02    0.00    0.00   85.71
01:35:08 AM  all    2.04    0.00    2.04    0.00    0.00    0.00    0.00    0.00    0.00   95.92
01:35:09 AM  all    2.00    0.00    2.00    0.00    0.00    0.00    0.00    0.00    0.00   96.00
01:35:10 AM  all    2.97    0.00    1.98    0.00    0.00    0.00    0.99    0.00    0.00   94.06
01:35:11 AM  all    1.03    0.00    1.03    0.00    0.00    0.00    0.00    0.00    0.00   97.94
01:35:12 AM  all    1.02    0.00    2.04    1.02    0.00    0.00    0.00    0.00    0.00   95.92
01:35:13 AM  all    2.00    0.00    3.00    0.00    0.00    0.00    1.00    0.00    0.00   94.00
01:35:14 AM  all    2.02    0.00    2.02    0.00    0.00    0.00    0.00    0.00    0.00   95.96
01:35:15 AM  all    1.02    0.00    2.04    0.00    0.00    0.00    0.00    0.00    0.00   96.94
01:35:16 AM  all    1.01    0.00    2.02    0.00    0.00    0.00    1.01    0.00    0.00   95.96
01:35:18 AM  all    3.03    0.00    1.01    2.02    0.00    0.00    0.00    0.00    0.00   93.94
01:35:19 AM  all    1.00    0.00    3.00    0.00    0.00    0.00    1.00    0.00    0.00   95.00
01:35:20 AM  all    1.01    0.00    3.03    0.00    0.00    0.00    0.00    0.00    0.00   95.96
01:35:21 AM  all    2.02    0.00    1.01    0.00    0.00    0.00    0.00    0.00    0.00   96.97
01:35:22 AM  all    1.00    0.00    3.00    1.00    0.00    0.00    0.00    0.00    0.00   95.00
Average:     all   38.48    0.00    1.53    0.07    0.00   44.71    1.77    0.00    0.00   13.43
Linux 4.4.0-31-generic (dpi-suricata) 	12/10/2017 	_i686_	(1 CPU)

05:23:34 AM  CPU    %usr   %nice    %sys %iowait    %irq   %soft  %steal  %guest  %gnice   %idle
05:23:35 AM  all    1.01    0.00    8.08    0.00    0.00    0.00    0.00    0.00    0.00   90.91
05:23:36 AM  all    1.02    0.00    2.04    0.00    0.00    0.00    0.00    0.00    0.00   96.94
05:23:37 AM  all    1.98    0.00    2.97    0.00    0.00    0.00    0.99    0.00    0.00   94.06
05:23:38 AM  all    2.00    0.00    3.00    0.00    0.00    1.00    0.00    0.00    0.00   94.00
05:23:39 AM  all    1.02    0.00    3.06   11.22    0.00    0.00    1.02    0.00    0.00   83.67
05:23:40 AM  all   52.04    0.00    1.02    0.00    0.00   40.82    2.04    0.00    0.00    4.08
05:23:41 AM  all   55.45    0.00    1.98    0.00    0.00   42.57    0.00    0.00    0.00    0.00
05:23:42 AM  all   57.00    0.00    1.00    0.00    0.00   42.00    0.00    0.00    0.00    0.00
05:23:43 AM  all   56.00    0.00    1.00    0.00    0.00   42.00    1.00    0.00    0.00    0.00
05:23:44 AM  all   59.41    0.00    1.98    0.00    0.00   37.62    0.99    0.00    0.00    0.00
05:23:45 AM  all   58.00    0.00    2.00    0.00    0.00   40.00    0.00    0.00    0.00    0.00
05:23:46 AM  all   55.88    0.00    0.98    0.00    0.00   42.16    0.98    0.00    0.00    0.00
05:23:47 AM  all   58.16    0.00    3.06    0.00    0.00   38.78    0.00    0.00    0.00    0.00
05:23:48 AM  all   57.43    0.00    1.98    0.00    0.00   39.60    0.99    0.00    0.00    0.00
05:23:49 AM  all   50.00    0.00    2.00    0.00    0.00   48.00    0.00    0.00    0.00    0.00
05:23:50 AM  all   34.65    0.00    0.99    0.00    0.00   62.38    1.98    0.00    0.00    0.00
05:23:51 AM  all   36.00    0.00    1.00    0.00    0.00   61.00    2.00    0.00    0.00    0.00
05:23:52 AM  all   47.52    0.00    1.98    0.00    0.00   47.52    2.97    0.00    0.00    0.00
05:23:53 AM  all   42.00    0.00    1.00    0.00    0.00   55.00    2.00    0.00    0.00    0.00
05:23:54 AM  all   35.64    0.00    0.99    0.00    0.00   61.39    1.98    0.00    0.00    0.00
05:23:55 AM  all   35.64    0.00    1.98    0.00    0.00   60.40    1.98    0.00    0.00    0.00
05:23:56 AM  all   34.34    0.00    2.02    0.00    0.00   62.63    1.01    0.00    0.00    0.00
05:23:57 AM  all   31.68    0.00    1.98    0.00    0.00   64.36    1.98    0.00    0.00    0.00
05:23:58 AM  all   43.00    0.00    0.00    0.00    0.00   56.00    1.00    0.00    0.00    0.00
05:23:59 AM  all   43.00    0.00    1.00    0.00    0.00   54.00    2.00    0.00    0.00    0.00
05:24:00 AM  all   52.48    0.00    1.98    0.00    0.00   44.55    0.99    0.00    0.00    0.00
05:24:01 AM  all   41.41    0.00    0.00    0.00    0.00   57.58    1.01    0.00    0.00    0.00
05:24:02 AM  all   27.72    0.00    0.99    0.00    0.00   69.31    1.98    0.00    0.00    0.00
05:24:03 AM  all   36.00    0.00    1.00    0.00    0.00   62.00    1.00    0.00    0.00    0.00
05:24:04 AM  all   38.61    0.00    0.00    0.00    0.00   58.42    2.97    0.00    0.00    0.00
05:24:06 AM  all   45.54    0.00    1.98    0.00    0.00   49.50    2.97    0.00    0.00    0.00
05:24:07 AM  all   47.00    0.00    3.00    0.00    0.00   48.00    2.00    0.00    0.00    0.00
05:24:08 AM  all   30.00    0.00    1.00    0.00    0.00   66.00    3.00    0.00    0.00    0.00
05:24:09 AM  all   42.00    0.00    2.00    0.00    0.00   55.00    1.00    0.00    0.00    0.00
05:24:10 AM  all   40.78    0.00    2.91    0.00    0.00   54.37    1.94    0.00    0.00    0.00
05:24:11 AM  all   46.00    0.00    1.00    0.00    0.00   51.00    2.00    0.00    0.00    0.00
05:24:12 AM  all   40.00    0.00    1.00    0.00    0.00   59.00    0.00    0.00    0.00    0.00
05:24:13 AM  all   39.60    0.00    1.98    0.00    0.00   57.43    0.99    0.00    0.00    0.00
05:24:14 AM  all   38.00    0.00    1.00    0.00    0.00   58.00    3.00    0.00    0.00    0.00
05:24:15 AM  all   50.50    0.00    0.00    0.00    0.00   48.51    0.99    0.00    0.00    0.00
05:24:16 AM  all   49.00    0.00    2.00    0.00    0.00   47.00    2.00    0.00    0.00    0.00
05:24:17 AM  all   44.00    0.00    1.00    0.00    0.00   53.00    2.00    0.00    0.00    0.00
05:24:18 AM  all   49.50    0.00    0.99    0.00    0.00   48.51    0.99    0.00    0.00    0.00
05:24:19 AM  all   35.64    0.00    0.99    0.00    0.00   57.43    5.94    0.00    0.00    0.00
05:24:20 AM  all   37.00    0.00    1.00    0.00    0.00   61.00    1.00    0.00    0.00    0.00
05:24:21 AM  all   48.51    0.00    0.99    0.00    0.00   47.52    2.97    0.00    0.00    0.00
05:24:22 AM  all   27.27    0.00    2.02    0.00    0.00   68.69    2.02    0.00    0.00    0.00
05:24:23 AM  all   44.12    0.00    1.96    0.00    0.00   51.96    1.96    0.00    0.00    0.00
05:24:24 AM  all   40.40    0.00    2.02    0.00    0.00   56.57    1.01    0.00    0.00    0.00
05:24:25 AM  all   42.57    0.00    0.99    0.00    0.00   54.46    1.98    0.00    0.00    0.00
05:24:26 AM  all   48.00    0.00    3.00    0.00    0.00   48.00    1.00    0.00    0.00    0.00
05:24:27 AM  all   43.56    0.00    0.99    0.00    0.00   53.47    1.98    0.00    0.00    0.00
05:24:28 AM  all   29.29    0.00    1.01    0.00    0.00   67.68    2.02    0.00    0.00    0.00
05:24:29 AM  all   40.59    0.00    1.98    0.00    0.00   56.44    0.99    0.00    0.00    0.00
05:24:30 AM  all   47.00    0.00    1.00    0.00    0.00   50.00    2.00    0.00    0.00    0.00
05:24:31 AM  all   33.00    0.00    1.00    0.00    0.00   64.00    2.00    0.00    0.00    0.00
05:24:32 AM  all   40.59    0.00    1.98    0.00    0.00   53.47    3.96    0.00    0.00    0.00
05:24:33 AM  all   32.32    0.00    1.01    0.00    0.00   62.63    4.04    0.00    0.00    0.00
05:24:34 AM  all   37.00    0.00    1.00    0.00    0.00   61.00    1.00    0.00    0.00    0.00
05:24:35 AM  all   49.50    0.00    1.98    0.00    0.00   47.52    0.99    0.00    0.00    0.00
05:24:36 AM  all   36.27    0.00    0.98    0.00    0.00   61.76    0.98    0.00    0.00    0.00
05:24:37 AM  all   47.47    0.00    0.00    0.00    0.00   49.49    3.03    0.00    0.00    0.00
05:24:38 AM  all   61.00    0.00    0.00    0.00    0.00   38.00    1.00    0.00    0.00    0.00
05:24:39 AM  all   42.00    0.00    3.00    0.00    0.00   53.00    2.00    0.00    0.00    0.00
05:24:40 AM  all   43.56    0.00    0.00    0.00    0.00   52.48    3.96    0.00    0.00    0.00
05:24:41 AM  all   33.33    0.00    2.02    0.00    0.00   63.64    1.01    0.00    0.00    0.00
05:24:42 AM  all   33.66    0.00    1.98    0.00    0.00   61.39    2.97    0.00    0.00    0.00
05:24:43 AM  all   51.49    0.00    0.99    0.00    0.00   45.54    1.98    0.00    0.00    0.00
05:24:44 AM  all   45.00    0.00    1.00    0.00    0.00   53.00    1.00    0.00    0.00    0.00
05:24:45 AM  all   36.00    0.00    1.00    0.00    0.00   61.00    2.00    0.00    0.00    0.00
05:24:46 AM  all   35.35    0.00    2.02    0.00    0.00   60.61    2.02    0.00    0.00    0.00
05:24:47 AM  all   26.73    0.00    2.97    0.00    0.00   70.30    0.00    0.00    0.00    0.00
05:24:48 AM  all   46.00    0.00    0.00    0.00    0.00   52.00    2.00    0.00    0.00    0.00
05:24:49 AM  all   41.58    0.00    0.99    0.00    0.00   54.46    2.97    0.00    0.00    0.00
05:24:50 AM  all   47.47    0.00    1.01    0.00    0.00   50.51    1.01    0.00    0.00    0.00
05:24:51 AM  all   35.00    0.00    1.00    0.00    0.00   60.00    4.00    0.00    0.00    0.00
05:24:52 AM  all   55.00    0.00    2.00    0.00    0.00   43.00    0.00    0.00    0.00    0.00
05:24:53 AM  all   36.63    0.00    0.99    0.00    0.00   59.41    2.97    0.00    0.00    0.00
05:24:54 AM  all   38.61    0.00    2.97    0.00    0.00   55.45    2.97    0.00    0.00    0.00
05:24:55 AM  all   47.00    0.00    1.00    0.00    0.00   50.00    2.00    0.00    0.00    0.00
05:24:56 AM  all   51.49    0.00    1.98    0.00    0.00   45.54    0.99    0.00    0.00    0.00
05:24:57 AM  all   38.61    0.00    0.99    0.00    0.00   58.42    1.98    0.00    0.00    0.00
05:24:58 AM  all   35.64    0.00    2.97    0.00    0.00   59.41    1.98    0.00    0.00    0.00
05:24:59 AM  all   40.59    0.00    1.98    0.00    0.00   55.45    1.98    0.00    0.00    0.00
05:25:00 AM  all   36.36    0.00    1.01    0.00    0.00   62.63    0.00    0.00    0.00    0.00
05:25:01 AM  all   41.00    0.00    1.00    0.00    0.00   54.00    4.00    0.00    0.00    0.00
05:25:02 AM  all   48.00    0.00    0.00    0.00    0.00   50.00    2.00    0.00    0.00    0.00
05:25:03 AM  all   35.64    0.00    0.99    0.00    0.00   62.38    0.99    0.00    0.00    0.00
05:25:04 AM  all   43.00    0.00    1.00    0.00    0.00   55.00    1.00    0.00    0.00    0.00
05:25:05 AM  all   49.49    0.00    2.02    0.00    0.00   46.46    2.02    0.00    0.00    0.00
05:25:06 AM  all   47.52    0.00    0.99    0.00    0.00   49.50    1.98    0.00    0.00    0.00
05:25:07 AM  all   45.54    0.00    0.99    0.00    0.00   53.47    0.00    0.00    0.00    0.00
05:25:08 AM  all   35.00    0.00    1.00    0.00    0.00   60.00    4.00    0.00    0.00    0.00
05:25:09 AM  all   32.00    0.00    2.00    0.00    0.00   64.00    2.00    0.00    0.00    0.00
05:25:10 AM  all   40.00    0.00    1.00    0.00    0.00   59.00    0.00    0.00    0.00    0.00
05:25:11 AM  all   50.50    0.00    1.98    0.00    0.00   44.55    2.97    0.00    0.00    0.00
05:25:12 AM  all   38.00    0.00    1.00    0.00    0.00   60.00    1.00    0.00    0.00    0.00
05:25:13 AM  all   46.00    0.00    2.00    0.00    0.00   50.00    2.00    0.00    0.00    0.00
05:25:14 AM  all   47.00    0.00    2.00    0.00    0.00   49.00    2.00    0.00    0.00    0.00
05:25:15 AM  all   54.00    0.00    1.00    0.00    0.00   44.00    1.00    0.00    0.00    0.00
05:25:16 AM  all   41.41    0.00    0.00    0.00    0.00   57.58    1.01    0.00    0.00    0.00
05:25:17 AM  all   42.72    0.00    1.94    0.00    0.00   53.40    1.94    0.00    0.00    0.00
05:25:18 AM  all   51.52    0.00    2.02    0.00    0.00   45.45    1.01    0.00    0.00    0.00
05:25:19 AM  all   37.00    0.00    2.00    0.00    0.00   59.00    2.00    0.00    0.00    0.00
05:25:20 AM  all   43.00    0.00    2.00    0.00    0.00   53.00    2.00    0.00    0.00    0.00
05:25:21 AM  all   52.00    0.00    0.00    0.00    0.00   46.00    2.00    0.00    0.00    0.00
05:25:22 AM  all   47.00    0.00    0.00    0.00    0.00   52.00    1.00    0.00    0.00    0.00
05:25:23 AM  all   36.27    0.00    2.94    0.00    0.00   58.82    1.96    0.00    0.00    0.00
05:25:24 AM  all   46.46    0.00    1.01    0.00    0.00   51.52    1.01    0.00    0.00    0.00
05:25:25 AM  all   49.50    0.00    0.99    0.00    0.00   48.51    0.99    0.00    0.00    0.00
05:25:26 AM  all   48.48    0.00    1.01    0.00    0.00   49.49    1.01    0.00    0.00    0.00
05:25:27 AM  all   49.50    0.00    2.97    0.00    0.00   46.53    0.99    0.00    0.00    0.00
05:25:28 AM  all   44.00    0.00    1.00    0.00    0.00   54.00    1.00    0.00    0.00    0.00
05:25:29 AM  all   38.00    0.00    2.00    0.00    0.00   58.00    2.00    0.00    0.00    0.00
05:25:30 AM  all   44.00    0.00    0.00    0.00    0.00   54.00    2.00    0.00    0.00    0.00
05:25:31 AM  all   43.56    0.00    1.98    0.00    0.00   51.49    2.97    0.00    0.00    0.00
05:25:32 AM  all   43.56    0.00    0.99    0.00    0.00   53.47    1.98    0.00    0.00    0.00
05:25:33 AM  all   38.00    0.00    1.00    0.00    0.00   59.00    2.00    0.00    0.00    0.00
05:25:34 AM  all   42.00    0.00    0.00    0.00    0.00   57.00    1.00    0.00    0.00    0.00
05:25:35 AM  all   38.38    0.00    1.01    0.00    0.00   59.60    1.01    0.00    0.00    0.00
05:25:36 AM  all   53.47    0.00    1.98    0.00    0.00   42.57    1.98    0.00    0.00    0.00
05:25:37 AM  all   48.00    0.00    1.00    0.00    0.00   50.00    1.00    0.00    0.00    0.00
05:25:38 AM  all   35.64    0.00    1.98    0.00    0.00   60.40    1.98    0.00    0.00    0.00
05:25:39 AM  all   52.00    0.00    0.00    0.00    0.00   46.00    2.00    0.00    0.00    0.00
05:25:40 AM  all   36.36    0.00    0.00    0.00    0.00   51.52    1.01    0.00    0.00   11.11
05:25:41 AM  all    6.00    0.00    4.00    0.00    0.00    5.00    1.00    0.00    0.00   84.00
05:25:42 AM  all    2.02    0.00    3.03    0.00    0.00    0.00    0.00    0.00    0.00   94.95
05:25:43 AM  all    2.00    0.00    3.00    0.00    0.00    0.00    1.00    0.00    0.00   94.00
05:25:44 AM  all    1.01    0.00    3.03    1.01    0.00    0.00    0.00    0.00    0.00   94.95
05:25:45 AM  all    3.00    0.00    2.00   13.00    0.00    0.00    0.00    0.00    0.00   82.00
05:25:46 AM  all    1.01    0.00    2.02    0.00    0.00    0.00    1.01    0.00    0.00   95.96
05:25:47 AM  all    2.02    0.00    4.04    0.00    0.00    0.00    0.00    0.00    0.00   93.94
05:25:48 AM  all    2.00    0.00    3.00    0.00    0.00    0.00    0.00    0.00    0.00   95.00
05:25:49 AM  all    1.00    0.00    4.00    0.00    0.00    0.00    1.00    0.00    0.00   94.00
05:25:50 AM  all    1.98    0.00    3.96    1.98    0.00    0.00    0.00    0.00    0.00   92.08
05:25:51 AM  all    2.04    0.00    3.06    0.00    0.00    0.00    0.00    0.00    0.00   94.90
05:25:52 AM  all    2.97    0.00    2.97    0.00    0.00    0.00    0.99    0.00    0.00   93.07
05:25:53 AM  all    3.03    0.00    2.02    0.00    0.00    0.00    0.00    0.00    0.00   94.95
05:25:54 AM  all    1.00    0.00    4.00    0.00    0.00    0.00    0.00    0.00    0.00   95.00
05:25:55 AM  all    2.97    0.00    0.99    0.99    0.00    0.99    0.99    0.00    0.00   93.07
Average:     all   37.29    0.00    1.62    0.20    0.00   46.12    1.53    0.00    0.00   13.25
