Linux 4.4.0-31-generic (ids-suricata) 	12/10/2017 	_i686_	(1 CPU)

01:07:40 AM kbmemfree kbmemused  %memused kbbuffers  kbcached  kbcommit   %commit  kbactive   kbinact   kbdirty
01:07:41 AM    123536   1939152     94.01     84928    937056    738944     28.59   1059416    815880       160
01:07:42 AM    123444   1939244     94.02     84928    937096    738944     28.59   1059484    815864       132
01:07:43 AM    123120   1939568     94.03     84928    937148    738944     28.59   1059588    815860       288
01:07:44 AM    123304   1939384     94.02     84928    937168    738944     28.59   1059564    815856       316
01:07:45 AM    123272   1939416     94.02     84928    937184    738944     28.59   1059588    815852       332
01:07:46 AM    123396   1939292     94.02     84928    937208    738944     28.59   1059608    815852       356
01:07:47 AM    118316   1944372     94.26     84928    937244    759484     29.38   1062888    815856       388
01:07:48 AM    117820   1944868     94.29     84928    937288    759484     29.38   1062912    815864       444
01:07:49 AM    117852   1944836     94.29     84928    937312    759484     29.38   1062944    815860       488
01:07:50 AM    117696   1944992     94.29     84928    937344    759484     29.38   1062980    815860       520
01:07:51 AM    117604   1945084     94.30     84928    937372    759484     29.38   1063008    815860       548
01:07:52 AM    117604   1945084     94.30     84928    937396    759484     29.38   1063032    815864       572
01:07:53 AM    117324   1945364     94.31     84928    937424    759484     29.38   1063068    815860       600
01:07:54 AM    117356   1945332     94.31     84928    937448    759484     29.38   1063096    815860       624
01:07:55 AM    117356   1945332     94.31     84928    937480    759484     29.38   1063116    815860       656
01:07:56 AM    117444   1945244     94.31     84928    937524    759484     29.38   1063180    815868       700
01:07:57 AM    117448   1945240     94.31     84928    937548    759484     29.38   1063192    815860       724
01:07:58 AM    117292   1945396     94.31     84928    937588    759484     29.38   1063248    815860       764
01:07:59 AM    117284   1945404     94.31     84936    937632    759484     29.38   1063300    815864       808
01:08:00 AM    117136   1945552     94.32     84936    937664    759484     29.38   1063336    815864       840
01:08:01 AM    117012   1945676     94.33     84936    937704    759484     29.38   1063356    815860         0
01:08:02 AM    117044   1945644     94.33     84936    937744    759484     29.38   1063452    815860        40
01:08:03 AM    117076   1945612     94.32     84936    937800    759484     29.38   1063532    815860       120
01:08:04 AM    117044   1945644     94.33     84936    937844    759484     29.38   1063552    815860       196
01:08:05 AM    116920   1945768     94.33     84936    937888    759484     29.38   1063640    815864       240
01:08:06 AM    116636   1946052     94.35     84936    937988    759484     29.38   1063720    815860       340
01:08:07 AM    116584   1946104     94.35     84936    938000    759484     29.38   1063912    815860       352
01:08:08 AM    116288   1946400     94.36     84944    938040    759484     29.38   1063980    815860       400
01:08:09 AM    116304   1946384     94.36     84944    938096    759484     29.38   1064012    815860       460
01:08:10 AM    116260   1946428     94.36     84944    938156    759484     29.38   1064100    815864       520
01:08:11 AM    116176   1946512     94.37     84944    938216    759484     29.38   1064164    815872       580
01:08:12 AM    116088   1946600     94.37     84944    938312    759484     29.38   1064228    815872       676
01:08:13 AM    115932   1946756     94.38     84952    938364    759484     29.38   1064336    815876       736
01:08:14 AM    115996   1946692     94.38     84952    938376    759484     29.38   1064384    815872       740
01:08:15 AM    115900   1946788     94.38     84952    938420    759484     29.38   1064444    815872       784
01:08:16 AM    115744   1946944     94.39     84952    938464    759484     29.38   1064480    815876       828
01:08:17 AM    115848   1946840     94.38     84952    938508    759484     29.38   1064492    815872       872
01:08:18 AM    115824   1946864     94.38     84952    938556    759484     29.38   1064640    815872       920
01:08:19 AM    115816   1946872     94.39     84952    938600    759484     29.38   1064468    815872       964
01:08:20 AM    115784   1946904     94.39     84952    938636    759484     29.38   1064572    815872      1000
01:08:21 AM    115684   1947004     94.39     84952    938732    759484     29.38   1064744    815872      1096
01:08:22 AM    115852   1946836     94.38     84952    938724    759484     29.38   1064724    815876      1088
01:08:23 AM    115724   1946964     94.39     84956    938776    759484     29.38   1064752    815872      1144
01:08:24 AM    115632   1947056     94.39     84956    938824    759484     29.38   1064840    815868      1188
01:08:25 AM    115412   1947276     94.40     84956    938880    759484     29.38   1064892    815872      1244
01:08:26 AM    115412   1947276     94.40     84956    938916    759484     29.38   1064968    815868      1280
01:08:27 AM    115412   1947276     94.40     84956    938956    759484     29.38   1065020    815872      1320
01:08:28 AM    115288   1947400     94.41     84956    938984    759484     29.38   1065088    815868      1348
01:08:29 AM    115344   1947344     94.41     84956    939028    759484     29.38   1065100    815876      1392
01:08:30 AM    115384   1947304     94.41     84956    939068    759484     29.38   1065164    815872      1432
01:08:31 AM    115228   1947460     94.41     84956    939112    759484     29.38   1065208    815872      1476
01:08:32 AM    115252   1947436     94.41     84956    939148    759484     29.38   1065260    815872       136
01:08:33 AM    115196   1947492     94.42     84956    939184    759484     29.38   1065296    815872       188
01:08:34 AM    115076   1947612     94.42     84960    939216    759484     29.38   1065344    815872       224
01:08:35 AM    114888   1947800     94.43     84960    939252    759484     29.38   1065428    815876       260
01:08:36 AM    114920   1947768     94.43     84960    939292    759484     29.38   1065400    815876       300
01:08:37 AM    114824   1947864     94.43     84960    939324    759484     29.38   1065476    815876       288
01:08:38 AM    114796   1947892     94.43     84960    939360    759484     29.38   1065512    815872       296
01:08:39 AM    114732   1947956     94.44     84960    939396    759484     29.38   1065532    815876       352
01:08:40 AM    114700   1947988     94.44     84960    939432    759484     29.38   1065632    815876       388
01:08:41 AM    114576   1948112     94.45     84960    939508    759484     29.38   1065644    815872       464
01:08:42 AM    114512   1948176     94.45     84960    939520    759484     29.38   1065696    815892       448
01:08:43 AM    114420   1948268     94.45     84960    939540    759484     29.38   1065756    815892       468
01:08:44 AM    114420   1948268     94.45     84960    939584    759484     29.38   1065760    815896       520
01:08:45 AM    114460   1948228     94.45     84960    939624    759484     29.38   1065988    815888       564
01:08:46 AM    114564   1948124     94.45     84960    939664    759484     29.38   1065840    815888       604
01:08:47 AM    114296   1948392     94.46     84960    939696    759484     29.38   1065864    815888       636
01:08:48 AM    114424   1948264     94.45     84960    939720    759484     29.38   1065892    815888       660
01:08:49 AM    114392   1948296     94.45     84964    939752    759484     29.38   1065932    815884       692
01:08:50 AM    114140   1948548     94.47     84964    939788    759484     29.38   1065968    815888       728
01:08:51 AM    114172   1948516     94.46     84964    939812    759484     29.38   1065996    815884       752
01:08:52 AM    114204   1948484     94.46     84964    939844    759484     29.38   1066028    815884       784
01:08:53 AM    114204   1948484     94.46     84964    939872    759484     29.38   1066040    815888       812
01:08:54 AM    114080   1948608     94.47     84964    939900    759484     29.38   1066072    815884       840
01:08:55 AM    114080   1948608     94.47     84964    939928    759484     29.38   1066116    815884       868
01:08:56 AM    114012   1948676     94.47     84964    939968    759484     29.38   1066220    815884       908
01:08:57 AM    113956   1948732     94.48     84964    940000    759484     29.38   1066240    815888       940
01:08:58 AM    113728   1948960     94.49     84964    940028    759484     29.38   1066336    815892       968
01:08:59 AM    113760   1948928     94.48     84972    940056    759484     29.38   1066368    815892      1000
01:09:00 AM    113824   1948864     94.48     84972    940152    759484     29.38   1066408    815888      1096
01:09:01 AM    113732   1948956     94.49     84972    940152    759484     29.38   1066492    815900      1096
01:09:02 AM    113572   1949116     94.49     84972    940196    759484     29.38   1066504    815888       700
01:09:03 AM    113632   1949056     94.49     84972    940296    759484     29.38   1066564    815888       804
01:09:04 AM    113512   1949176     94.50     84980    940300    759484     29.38   1066620    815892       812
01:09:05 AM    113640   1949048     94.49     84980    940340    759484     29.38   1066668    815892       852
01:09:06 AM    113740   1948948     94.49     84980    940380    759484     29.38   1066620    815888       892
01:09:07 AM    113680   1949008     94.49     84980    940456    759484     29.38   1066656    815888       232
01:09:08 AM    113552   1949136     94.49     84980    940468    759484     29.38   1066680    815892       264
01:09:09 AM    113584   1949104     94.49     84988    940504    759484     29.38   1066748    815888       352
01:09:10 AM    113460   1949228     94.50     84988    940552    759484     29.38   1066804    815888       356
01:09:11 AM    113492   1949196     94.50     84988    940588    759484     29.38   1066816    815888       392
01:09:12 AM    113428   1949260     94.50     84988    940628    759484     29.38   1066856    815888       380
01:09:13 AM    113400   1949288     94.50     84988    940660    759484     29.38   1066888    815888       384
01:09:14 AM    113432   1949256     94.50     84988    940704    759484     29.38   1066928    815888       480
01:09:15 AM    113304   1949384     94.51     84988    940800    759484     29.38   1067040    815888       548
01:09:16 AM    113148   1949540     94.51     84988    940824    759484     29.38   1067032    815916       572
01:09:17 AM    113292   1949396     94.51     84988    940860    759484     29.38   1067164    815916       584
01:09:18 AM    113180   1949508     94.51     84988    940956    759484     29.38   1067256    815916       680
01:09:19 AM    113152   1949536     94.51     84988    940960    759484     29.38   1067152    815920       736
01:09:20 AM    113120   1949568     94.52     84988    941052    759484     29.38   1067236    815924       788
01:09:21 AM    112992   1949696     94.52     84988    941048    759484     29.38   1067260    815920       836
01:09:22 AM    112996   1949692     94.52     84988    941096    759484     29.38   1067304    815920       836
01:09:23 AM    112968   1949720     94.52     84988    941140    759484     29.38   1067336    815924       880
01:09:24 AM    113064   1949624     94.52     84996    941176    759484     29.38   1067368    815920       924
01:09:25 AM    112748   1949940     94.53     84996    941224    759484     29.38   1067444    815920       964
01:09:26 AM    112812   1949876     94.53     84996    941324    759484     29.38   1067520    815920      1064
01:09:27 AM    112844   1949844     94.53     84996    941332    759484     29.38   1067536    815932        52
01:09:28 AM    112656   1950032     94.54     84996    941376    759484     29.38   1067540    815936        92
01:09:29 AM    112816   1949872     94.53     84996    941420    759484     29.38   1067612    815932       192
01:09:30 AM    112720   1949968     94.54     84996    941456    759484     29.38   1067660    815932       216
01:09:31 AM    112592   1950096     94.54     84996    941548    759484     29.38   1067704    815928       308
01:09:32 AM    112436   1950252     94.55     84996    941548    759484     29.38   1067760    815932       308
01:09:33 AM    112564   1950124     94.54     84996    941640    759484     29.38   1067836    815932       400
01:09:34 AM    112264   1950424     94.56     84996    941704    759484     29.38   1068040    815932       464
01:09:35 AM    112376   1950312     94.55     84996    941752    759484     29.38   1067992    815928       512
01:09:36 AM    112312   1950376     94.56     84996    941808    759484     29.38   1068008    815964       568
01:09:37 AM    112316   1950372     94.55     84996    941856    759484     29.38   1068056    815968       616
01:09:38 AM    112288   1950400     94.56     84996    941880    759484     29.38   1068060    815960       640
01:09:39 AM    112192   1950496     94.56     85004    941960    759484     29.38   1068160    815960       676
01:09:40 AM    112128   1950560     94.56     85004    941964    759484     29.38   1068196    815960       724
01:09:41 AM    112100   1950588     94.57     85004    942008    759484     29.38   1068216    815964       768
01:09:42 AM    112068   1950620     94.57     85004    942048    759484     29.38   1068280    815960       808
01:09:43 AM    111880   1950808     94.58     85004    942096    759484     29.38   1068324    815960       856
01:09:44 AM    111912   1950776     94.57     85004    942128    759484     29.38   1068328    815960       888
01:09:45 AM    111848   1950840     94.58     85004    942220    759484     29.38   1068436    815960       980
01:09:46 AM    111944   1950744     94.57     85004    942224    759484     29.38   1068416    815964       984
01:09:47 AM    111788   1950900     94.58     85004    942264    759484     29.38   1068488    815964      1024
01:09:48 AM    111852   1950836     94.58     85004    942304    759484     29.38   1068608    815960      1064
01:09:49 AM    111820   1950868     94.58     85008    942352    759484     29.38   1068564    815964      1116
01:09:50 AM    111824   1950864     94.58     85008    942384    759484     29.38   1068596    815960      1144
01:09:51 AM    111696   1950992     94.58     85008    942436    759484     29.38   1068640    815964      1196
01:09:52 AM    111728   1950960     94.58     85020    942500    759484     29.38   1068708    815960        24
01:09:53 AM    111636   1951052     94.59     85020    942504    759484     29.38   1068724    815964        92
01:09:54 AM    111572   1951116     94.59     85024    942528    759484     29.38   1068748    815960       172
01:09:55 AM    111668   1951020     94.59     85024    942568    759484     29.38   1068780    815960       208
01:09:56 AM    111604   1951084     94.59     85024    942596    759484     29.38   1068796    815960       236
01:09:57 AM    111764   1950924     94.58     85024    942624    759484     29.38   1068848    815960       268
01:09:58 AM    111640   1951048     94.59     85024    942656    759484     29.38   1068884    815960       300
01:09:59 AM    111640   1951048     94.59     85024    942684    759484     29.38   1068848    815960       328
01:10:00 AM    111616   1951072     94.59     85024    942708    759484     29.38   1068840    815964       352
Average:       114697   1947991     94.44     84969    939844    758604     29.35   1065777    815897       630
Linux 4.4.0-31-generic (ids-suricata) 	12/10/2017 	_i686_	(1 CPU)

04:58:13 AM kbmemfree kbmemused  %memused kbbuffers  kbcached  kbcommit   %commit  kbactive   kbinact   kbdirty
04:58:14 AM    139944   1922744     93.22     70512    955152    739076     28.59   1034552    823428       172
04:58:15 AM    140084   1922604     93.21     70520    955176    739076     28.59   1034584    823424       208
04:58:16 AM    139820   1922868     93.22     70520    955208    739076     28.59   1034624    823420       240
04:58:17 AM    139836   1922852     93.22     70520    955244    739076     28.59   1034664    823424       276
04:58:18 AM    139820   1922868     93.22     70520    955272    739076     28.59   1034684    823420       304
04:58:19 AM    134880   1927808     93.46     70520    955312    759616     29.39   1037952    823428       356
04:58:20 AM    134476   1928212     93.48     70524    955336    759616     29.39   1037980    823428       384
04:58:21 AM    134104   1928584     93.50     70524    955368    759616     29.39   1038020    823428       436
04:58:22 AM    134012   1928676     93.50     70524    955388    759616     29.39   1038040    823432       456
04:58:23 AM    133856   1928832     93.51     70524    955420    759616     29.39   1038068    823428       488
04:58:24 AM    133888   1928800     93.51     70524    955440    759616     29.39   1038100    823428       508
04:58:25 AM    134012   1928676     93.50     70524    955476    759616     29.39   1038132    823428       544
04:58:26 AM    133720   1928968     93.52     70524    955496    759616     29.39   1038172    823424       564
04:58:27 AM    134012   1928676     93.50     70524    955532    759616     29.39   1038192    823428       600
04:58:28 AM    133872   1928816     93.51     70524    955560    759616     29.39   1038220    823424       628
04:58:29 AM    133856   1928832     93.51     70524    955604    759616     29.39   1038272    823428       672
04:58:30 AM    133732   1928956     93.52     70532    955628    759616     29.39   1038312    823424       704
04:58:31 AM    133576   1929112     93.52     70532    955676    759616     29.39   1038376    823424       744
04:58:32 AM    133764   1928924     93.52     70532    955720    759616     29.39   1038420    823424       788
04:58:33 AM    133608   1929080     93.52     70532    955768    759616     29.39   1038484    823424       836
04:58:34 AM    133640   1929048     93.52     70532    955808    759616     29.39   1038544    823424       876
04:58:35 AM    133516   1929172     93.53     70532    955856    759616     29.39   1038600    823424       924
04:58:36 AM    133516   1929172     93.53     70536    955908    759616     29.39   1038652    823428       976
04:58:37 AM    133392   1929296     93.53     70536    955964    759616     29.39   1038720    823424      1032
04:58:38 AM    133360   1929328     93.53     70536    956016    759616     29.39   1038796    823428      1084
04:58:39 AM    133236   1929452     93.54     70536    956072    759616     29.39   1038852    823432      1140
04:58:40 AM    133044   1929644     93.55     70536    956120    759616     29.39   1038940    823424       592
04:58:41 AM    133108   1929580     93.55     70536    956156    759616     29.39   1038972    823420       628
04:58:42 AM    133016   1929672     93.55     70536    956196    759616     29.39   1039024    823424       668
04:58:43 AM    132892   1929796     93.56     70536    956260    759616     29.39   1039104    823424       732
04:58:44 AM    132860   1929828     93.56     70536    956312    759616     29.39   1039164    823424       784
04:58:45 AM    132768   1929920     93.56     70556    956360    759616     29.39   1039276    823412       184
04:58:46 AM    132644   1930044     93.57     70556    956408    759616     29.39   1039328    823408       332
04:58:47 AM    132676   1930012     93.57     70556    956464    759616     29.39   1039404    823408       388
04:58:48 AM    132488   1930200     93.58     70556    956516    759616     29.39   1039484    823408       440
04:58:49 AM    132360   1930328     93.58     70556    956568    759616     29.39   1039544    823408       492
04:58:50 AM    132364   1930324     93.58     70556    956620    759616     29.39   1039624    823408       524
04:58:51 AM    132196   1930492     93.59     70560    956668    759616     29.39   1039672    823412       576
04:58:52 AM    132180   1930508     93.59     70560    956716    759616     29.39   1039752    823408       624
04:58:53 AM    132240   1930448     93.59     70560    956764    759616     29.39   1039824    823412       672
04:58:54 AM    131992   1930696     93.60     70560    956820    759616     29.39   1039912    823412       728
04:58:55 AM    132000   1930688     93.60     70560    956868    759616     29.39   1039916    823412       776
04:58:56 AM    131992   1930696     93.60     70564    956916    759616     29.39   1039968    823408       832
04:58:57 AM    132088   1930600     93.60     70564    956964    759616     29.39   1040024    823408       880
04:58:58 AM    131996   1930692     93.60     70564    957004    759616     29.39   1040104    823408       920
04:58:59 AM    131724   1930964     93.61     70564    957052    759616     29.39   1040172    823408       968
04:59:00 AM    131680   1931008     93.62     70564    957076    759616     29.39   1040232    823408       992
04:59:01 AM    131804   1930884     93.61     70572    957132    759616     29.39   1040308    823412      1048
04:59:02 AM    131712   1930976     93.61     70572    957208    759616     29.39   1040372    823432      1124
04:59:03 AM    131556   1931132     93.62     70572    957272    759616     29.39   1040416    823432      1188
04:59:04 AM    131088   1931600     93.64     70572    957304    759616     29.39   1040456    823456      1220
04:59:05 AM    131276   1931412     93.64     70572    957332    759616     29.39   1040484    823456      1248
04:59:06 AM    131216   1931472     93.64     70580    957360    759616     29.39   1040536    823456      1280
04:59:07 AM    131152   1931536     93.64     70580    957392    759616     29.39   1040580    823456      1312
04:59:08 AM    131092   1931596     93.64     70580    957428    759616     29.39   1040616    823456      1348
04:59:09 AM    131124   1931564     93.64     70580    957452    759616     29.39   1040640    823456      1372
04:59:10 AM    130996   1931692     93.65     70580    957484    759616     29.39   1040680    823460       520
04:59:11 AM    131156   1931532     93.64     70580    957512    759616     29.39   1040712    823456       556
04:59:12 AM    131096   1931592     93.64     70580    957552    759616     29.39   1040752    823460       596
04:59:13 AM    131032   1931656     93.65     70580    957576    759616     29.39   1040808    823456       620
04:59:14 AM    131032   1931656     93.65     70580    957608    759616     29.39   1040840    823456       652
04:59:15 AM    130844   1931844     93.66     70580    957648    759616     29.39   1040880    823460       692
04:59:16 AM    130844   1931844     93.66     70588    957696    759616     29.39   1040928    823468       740
04:59:17 AM    130780   1931908     93.66     70588    957732    759616     29.39   1040984    823476       776
04:59:18 AM    130688   1932000     93.66     70588    957760    759616     29.39   1041028    823468       804
04:59:19 AM    130784   1931904     93.66     70588    957784    759616     29.39   1041060    823468       828
04:59:20 AM    130696   1931992     93.66     70588    957812    759616     29.39   1041320    823468       184
04:59:21 AM    130752   1931936     93.66     70592    957844    759616     29.39   1041196    823468       300
04:59:22 AM    130660   1932028     93.67     70592    957880    759616     29.39   1041120    823460       344
04:59:23 AM    130708   1931980     93.66     70592    957904    759616     29.39   1041160    823460       368
04:59:24 AM    130644   1932044     93.67     70592    957936    759616     29.39   1041144    823460       400
04:59:25 AM    130628   1932060     93.67     70592    957968    759616     29.39   1041212    823464       432
04:59:26 AM    130440   1932248     93.68     70600    957992    759616     29.39   1041244    823460       456
04:59:27 AM    130536   1932152     93.67     70600    958028    759616     29.39   1041284    823460       492
04:59:28 AM    130536   1932152     93.67     70600    958056    759616     29.39   1041308    823460       520
04:59:29 AM    130536   1932152     93.67     70600    958088    759616     29.39   1041344    823464       552
04:59:30 AM    130412   1932276     93.68     70600    958128    759616     29.39   1041388    823468       592
04:59:31 AM    130316   1932372     93.68     70604    958164    759616     29.39   1041440    823460       628
04:59:32 AM    130288   1932400     93.68     70604    958204    759616     29.39   1041484    823460       668
04:59:33 AM    130128   1932560     93.69     70604    958252    759616     29.39   1041528    823464       716
04:59:34 AM    130256   1932432     93.69     70604    958288    759616     29.39   1041564    823460       752
04:59:35 AM    130100   1932588     93.69     70604    958336    759616     29.39   1041608    823460       800
04:59:36 AM    130132   1932556     93.69     70604    958376    759616     29.39   1041656    823464       840
04:59:37 AM    130036   1932652     93.70     70604    958428    759616     29.39   1041716    823464       892
04:59:38 AM    130040   1932648     93.70     70604    958464    759616     29.39   1041752    823460       928
04:59:39 AM    130104   1932584     93.69     70604    958504    759616     29.39   1041792    823460       968
04:59:40 AM    129852   1932836     93.70     70604    958536    759616     29.39   1041828    823460      1000
04:59:41 AM    129820   1932868     93.71     70612    958576    759616     29.39   1041872    823464      1040
04:59:42 AM    129796   1932892     93.71     70612    958608    759616     29.39   1041900    823464      1072
04:59:43 AM    129832   1932856     93.71     70612    958660    759616     29.39   1041960    823464      1124
04:59:44 AM    129768   1932920     93.71     70612    958716    759616     29.39   1042008    823468      1180
04:59:45 AM    129800   1932888     93.71     70612    958760    759616     29.39   1042056    823468       496
04:59:46 AM    129612   1933076     93.72     70616    958788    759616     29.39   1042100    823464       548
04:59:47 AM    129420   1933268     93.73     70616    958828    759616     29.39   1042160    823464       588
04:59:48 AM    129516   1933172     93.72     70616    958876    759616     29.39   1042212    823464       636
04:59:49 AM    129300   1933388     93.73     70616    958944    759616     29.39   1042260    823480       704
04:59:50 AM    129372   1933316     93.73     70616    959000    759616     29.39   1042312    823484       760
04:59:51 AM    129340   1933348     93.73     70624    959040    759616     29.39   1042436    823480       800
04:59:52 AM    129364   1933324     93.73     70624    959092    759616     29.39   1042380    823480       852
04:59:53 AM    129364   1933324     93.73     70624    959128    759616     29.39   1042424    823480       888
04:59:54 AM    129556   1933132     93.72     70624    959200    759616     29.39   1042496    823484       960
04:59:55 AM    129208   1933480     93.74     70624    959240    759616     29.39   1042532    823484       324
04:59:56 AM    129144   1933544     93.74     70624    959276    759616     29.39   1042564    823484       472
04:59:57 AM    129176   1933512     93.74     70624    959332    759616     29.39   1042624    823484       528
04:59:58 AM    129076   1933612     93.74     70624    959376    759616     29.39   1042752    823484       572
04:59:59 AM    128984   1933704     93.75     70624    959428    759616     29.39   1042816    823484       628
05:00:00 AM    128964   1933724     93.75     70624    959476    759616     29.39   1042836    823488       676
05:00:01 AM    128672   1934016     93.76     70632    959520    759616     29.39   1042924    823484       720
05:00:02 AM    128704   1933984     93.76     70632    959556    759616     29.39   1042968    823484       756
05:00:03 AM    128864   1933824     93.75     70632    959596    759616     29.39   1043000    823488       796
05:00:04 AM    128768   1933920     93.76     70632    959636    759616     29.39   1043052    823484       836
05:00:05 AM    128644   1934044     93.76     70632    959672    759616     29.39   1043076    823488       872
05:00:06 AM    128644   1934044     93.76     70636    959748    759616     29.39   1043148    823500       948
05:00:07 AM    128424   1934264     93.77     70636    959796    759616     29.39   1043196    823496       996
05:00:08 AM    128620   1934068     93.76     70636    959860    759616     29.39   1043168    823500      1060
05:00:09 AM    128620   1934068     93.76     70636    959912    759616     29.39   1043232    823496      1112
05:00:10 AM    128620   1934068     93.76     70636    959948    759616     29.39   1043252    823496      1148
05:00:11 AM    128560   1934128     93.77     70644    960012    759616     29.39   1043328    823500      1212
05:00:12 AM    128496   1934192     93.77     70644    960044    759616     29.39   1043360    823496      1244
05:00:13 AM    128372   1934316     93.78     70644    960084    759616     29.39   1043412    823496      1284
05:00:14 AM    128372   1934316     93.78     70644    960144    759616     29.39   1043464    823496      1344
05:00:15 AM    128212   1934476     93.78     70644    960184    759616     29.39   1043512    823496      1384
05:00:16 AM    128340   1934348     93.78     70648    960228    759616     29.39   1043552    823500      1428
05:00:17 AM    128180   1934508     93.79     70648    960268    759616     29.39   1043596    823504      1468
05:00:18 AM    128184   1934504     93.79     70648    960296    759616     29.39   1043664    823500      1496
05:00:19 AM    128088   1934600     93.79     70648    960332    759616     29.39   1043688    823500      1532
05:00:20 AM    128064   1934624     93.79     70648    960380    759616     29.39   1043916    823496       540
05:00:21 AM    128040   1934648     93.79     70656    960416    759616     29.39   1043812    823504       560
05:00:22 AM    128028   1934660     93.79     70656    960448    759616     29.39   1043780    823504       592
05:00:23 AM    128092   1934596     93.79     70656    960472    759616     29.39   1043808    823500       616
05:00:24 AM    127936   1934752     93.80     70656    960516    759616     29.39   1043852    823496       660
05:00:25 AM    127904   1934784     93.80     70656    960572    759616     29.39   1043904    823496       716
05:00:26 AM    127872   1934816     93.80     70660    960616    759616     29.39   1043964    823496       736
05:00:27 AM    127780   1934908     93.81     70660    960644    759616     29.39   1043992    823492       772
05:00:28 AM    127780   1934908     93.81     70660    960692    759616     29.39   1044044    823492       820
05:00:29 AM    127876   1934812     93.80     70660    960724    759616     29.39   1044068    823496       852
05:00:30 AM    127908   1934780     93.80     70664    960744    759616     29.39   1044096    823492       252
05:00:31 AM    127784   1934904     93.80     70668    960768    759616     29.39   1044128    823492       324
05:00:32 AM    127872   1934816     93.80     70668    960792    759616     29.39   1044068    823492       348
05:00:33 AM    127940   1934748     93.80     70668    960816    759616     29.39   1044032    823492       372
Average:       130997   1931691     93.65     70591    957960    758882     29.36   1040981    823457       751
