Linux 4.4.0-31-generic (dpi-suricata) 	12/10/2017 	_i686_	(1 CPU)

03:03:37 AM kbmemfree kbmemused  %memused kbbuffers  kbcached  kbcommit   %commit  kbactive   kbinact   kbdirty
03:03:38 AM    390120   1672568     81.09     87516    708644    984572     38.09    782712    822796       504
03:03:39 AM    389584   1673104     81.11     87516    708664    984572     38.09    782752    822776       524
03:03:40 AM    389492   1673196     81.12     87516    708684    984572     38.09    782796    822772       544
03:03:41 AM    389460   1673228     81.12     87516    708704    984572     38.09    782816    822772       564
03:03:42 AM    389460   1673228     81.12     87520    708736    984572     38.09    782840    822772       652
03:03:43 AM    388492   1674196     81.17     87520    708764    984572     38.09    784308    822768       672
03:03:44 AM    385464   1677224     81.31     87520    708816    984572     38.09    787012    822772       724
03:03:45 AM    384472   1678216     81.36     87520    708860    984572     38.09    787964    822772       768
03:03:46 AM    381604   1681084     81.50     87520    708896    984572     38.09    790976    822772       804
03:03:47 AM    380008   1682680     81.58     87520    708936    984572     38.09    792400    822772        20
03:03:48 AM    377932   1684756     81.68     87520    708972    984572     38.09    794436    822772        28
03:03:49 AM    375948   1686740     81.77     87520    709008    984572     38.09    796652    822768       104
03:03:50 AM    374428   1688260     81.85     87520    709044    984572     38.09    798000    822768       140
03:03:51 AM    372848   1689840     81.92     87520    709076    984572     38.09    799596    822772       172
03:03:52 AM    369840   1692848     82.07     87524    709104    984572     38.09    802672    822772       256
03:03:53 AM    366996   1695692     82.21     87524    709148    984572     38.09    805388    822768       300
03:03:54 AM    365436   1697252     82.28     87524    709192    984572     38.09    807012    822772       344
03:03:55 AM    363576   1699112     82.37     87524    709228    984572     38.09    808912    822772       380
03:03:56 AM    362088   1700600     82.45     87524    709264    984572     38.09    810212    822764       416
03:03:57 AM    361344   1701344     82.48     87524    709292    984572     38.09    811188    822764       444
03:03:58 AM    359204   1703484     82.59     87524    709352    984572     38.09    813028    822764       508
03:03:59 AM    358864   1703824     82.60     87524    709352    984572     38.09    813380    822764       508
03:04:00 AM    357456   1705232     82.67     87524    709376    984572     38.09    814656    822764       532
03:04:01 AM    356468   1706220     82.72     87524    709424    984572     38.09    815872    822764       580
03:04:02 AM    355212   1707476     82.78     87528    709440    984572     38.09    817320    822764       600
03:04:03 AM    354152   1708536     82.83     87528    709472    984572     38.09    818380    822768       632
03:04:04 AM    352416   1710272     82.91     87528    709556    984572     38.09    820088    822764       716
03:04:05 AM    352136   1710552     82.93     87528    709576    984572     38.09    820320    822768       736
03:04:06 AM    351112   1711576     82.98     87528    709608    984572     38.09    821120    822768       768
03:04:07 AM    350088   1712600     83.03     87532    709636    984572     38.09    822340    822772       796
03:04:08 AM    349128   1713560     83.07     87532    709672    984572     38.09    823412    822768       832
03:04:09 AM    348136   1714552     83.12     87532    709708    984572     38.09    824372    822768       868
03:04:10 AM    346244   1716444     83.21     87532    709744    984572     38.09    826272    822768       904
03:04:11 AM    344756   1717932     83.29     87532    709776    984572     38.09    827712    822768       936
03:04:12 AM    343888   1718800     83.33     87540    709800    984572     38.09    828300    822768       960
03:04:13 AM    342896   1719792     83.38     87540    709828    984572     38.09    829200    822772       988
03:04:14 AM    341796   1720892     83.43     87540    709852    984572     38.09    830368    822768      1012
03:04:15 AM    341276   1721412     83.45     87540    709872    984572     38.09    831088    822768      1032
03:04:16 AM    339496   1723192     83.54     87540    709904    984572     38.09    832892    822764      1064
03:04:17 AM    338572   1724116     83.59     87544    709928    984572     38.09    833884    822764       156
03:04:18 AM    336680   1726008     83.68     87544    709960    984572     38.09    835748    822768       212
03:04:19 AM    336308   1726380     83.70     87544    709980    984572     38.09    836144    822772       232
03:04:20 AM    334588   1728100     83.78     87544    710012    984572     38.09    838164    822768       264
03:04:21 AM    333704   1728984     83.82     87544    710036    984572     38.09    838868    822768       288
03:04:22 AM    331720   1730968     83.92     87544    710060    984572     38.09    840908    822772       144
03:04:23 AM    330728   1731960     83.97     87544    710084    984572     38.09    841860    822764       216
03:04:24 AM    330264   1732424     83.99     87544    710104    984572     38.09    842384    822760       248
03:04:25 AM    328628   1734060     84.07     87544    710132    984572     38.09    843840    822760       276
03:04:26 AM    327264   1735424     84.13     87544    710152    984572     38.09    845236    822760       296
03:04:27 AM    326188   1736500     84.19     87544    710184    984572     38.09    845636    822764       328
03:04:28 AM    325864   1736824     84.20     87544    710212    984572     38.09    846604    822764       356
03:04:29 AM    324748   1737940     84.26     87544    710240    984572     38.09    847764    822760       384
03:04:30 AM    322856   1739832     84.35     87544    710260    984572     38.09    849652    822760       404
03:04:31 AM    321516   1741172     84.41     87544    710288    984572     38.09    850960    822760       432
03:04:32 AM    320120   1742568     84.48     87544    710316    984572     38.09    852300    822756       460
03:04:33 AM    319004   1743684     84.53     87544    710340    984572     38.09    853424    822756       484
03:04:34 AM    317176   1745512     84.62     87544    710364    984572     38.09    855024    822756       508
03:04:35 AM    315060   1747628     84.73     87544    710392    984572     38.09    857164    822756       536
03:04:36 AM    313936   1748752     84.78     87544    710412    984572     38.09    858352    822756       556
03:04:37 AM    311852   1750836     84.88     87544    710436    984572     38.09    859928    822756       580
03:04:38 AM    311580   1751108     84.89     87544    710460    984572     38.09    860756    822760       608
03:04:39 AM    311084   1751604     84.92     87544    710484    984572     38.09    861268    822760       632
03:04:40 AM    309472   1753216     85.00     87544    710508    984572     38.09    862900    822760       656
03:04:41 AM    308456   1754232     85.05     87544    710536    984572     38.09    863924    822760       684
03:04:42 AM    307576   1755112     85.09     87552    710544    984572     38.09    865032    822756         8
03:04:43 AM    306348   1756340     85.15     87552    710584    984572     38.09    866368    822756        84
03:04:44 AM    305976   1756712     85.17     87552    710616    984572     38.09    866428    822764       128
03:04:45 AM    304860   1757828     85.22     87552    710648    984572     38.09    867664    822760       160
03:04:46 AM    304148   1758540     85.25     87552    710676    984572     38.09    868316    822760       188
03:04:47 AM    302784   1759904     85.32     87552    710708    984572     38.09    869872    822760       220
03:04:48 AM    302012   1760676     85.36     87552    710736    984572     38.09    869920    822760       272
03:04:49 AM    301172   1761516     85.40     87552    710760    984572     38.09    871180    822752       296
03:04:50 AM    299960   1762728     85.46     87552    710792    984572     38.09    872384    822756       328
03:04:51 AM    299104   1763584     85.50     87552    710824    984572     38.09    873088    822756       360
03:04:52 AM    298200   1764488     85.54     87552    710844    984572     38.09    873664    822760       380
03:04:53 AM    297620   1765068     85.57     87552    710872    984572     38.09    874464    822760       408
03:04:54 AM    297472   1765216     85.58     87552    710912    984572     38.09    874540    822756       448
03:04:55 AM    297220   1765468     85.59     87552    710940    984572     38.09    875280    822752       476
03:04:56 AM    295968   1766720     85.65     87552    710980    984572     38.09    876496    822756       516
03:04:57 AM    294616   1768072     85.72     87552    711032    984572     38.09    877924    822752       568
03:04:58 AM    292500   1770188     85.82     87552    711076    984572     38.09    879360    822748       612
03:04:59 AM    291580   1771108     85.86     87552    711112    984572     38.09    880848    822756       648
03:05:00 AM    290772   1771916     85.90     87552    711200    984572     38.09    881260    822756       736
03:05:01 AM    290688   1772000     85.91     87552    711240    984572     38.09    881248    822756       784
03:05:02 AM    289944   1772744     85.94     87552    711296    984572     38.09    882388    822756       840
03:05:03 AM    288984   1773704     85.99     87552    711348    984572     38.09    883192    822740       920
03:05:04 AM    287948   1774740     86.04     87552    711392    984572     38.09    884236    822740       964
03:05:05 AM    286244   1776444     86.12     87552    711448    984572     38.09    885840    822740      1020
03:05:06 AM    284848   1777840     86.19     87552    711480    984572     38.09    887692    822740      1052
03:05:07 AM    283980   1778708     86.23     87552    711528    984572     38.09    888392    822744      1100
03:05:08 AM    283368   1779320     86.26     87552    711568    984572     38.09    888928    822744      1140
03:05:09 AM    282132   1780556     86.32     87552    711628    984572     38.09    889940    822740      1200
03:05:10 AM    280964   1781724     86.38     87552    711676    984572     38.09    891292    822744      1248
03:05:11 AM    280228   1782460     86.41     87552    711720    984572     38.09    892552    822736      1292
03:05:12 AM    278368   1784320     86.50     87552    711784    984572     38.09    894244    822740       932
03:05:13 AM    277468   1785220     86.55     87552    711840    984572     38.09    895072    822732       984
03:05:14 AM    276136   1786552     86.61     87552    711884    984572     38.09    896588    822732      1028
03:05:15 AM    275140   1787548     86.66     87552    711924    984572     38.09    897584    822736      1068
03:05:16 AM    274104   1788584     86.71     87552    711984    984572     38.09    898560    822736      1128
03:05:17 AM    273744   1788944     86.73     87552    712032    984572     38.09    898904    822736       120
03:05:18 AM    272628   1790060     86.78     87552    712072    984572     38.09    899700    822736       192
03:05:19 AM    272008   1790680     86.81     87552    712112    984572     38.09    900016    822732       240
03:05:20 AM    271544   1791144     86.84     87552    712152    984572     38.09    900488    822732       280
03:05:21 AM    269808   1792880     86.92     87552    712204    984572     38.09    902220    822740       332
03:05:22 AM    269684   1793004     86.93     87552    712256    984572     38.09    902832    822736       388
03:05:23 AM    268668   1794020     86.97     87560    712300    984572     38.09    903524    822736       436
03:05:24 AM    268464   1794224     86.98     87560    712364    984572     38.09    903700    822732       500
03:05:25 AM    267320   1795368     87.04     87560    712412    984572     38.09    905160    822732       548
03:05:26 AM    266664   1796024     87.07     87560    712448    984572     38.09    905700    822732       584
03:05:27 AM    265468   1797220     87.13     87560    712512    984572     38.09    906716    822736       648
03:05:28 AM    264568   1798120     87.17     87560    712568    984572     38.09    907588    822728       708
03:05:29 AM    261352   1801336     87.33     87560    712608    984572     38.09    910616    822728       748
03:05:30 AM    260068   1802620     87.39     87560    712644    984572     38.09    911956    822728       784
03:05:31 AM    259504   1803184     87.42     87560    712680    984572     38.09    912880    822728       820
03:05:32 AM    258016   1804672     87.49     87560    712740    984572     38.09    914360    822732       880
03:05:33 AM    257520   1805168     87.52     87560    712784    984572     38.09    914628    822720       924
03:05:34 AM    257396   1805292     87.52     87560    712812    984572     38.09    914744    822720       952
03:05:35 AM    257024   1805664     87.54     87560    712852    984572     38.09    915048    822720       992
03:05:36 AM    255908   1806780     87.59     87560    712920    984572     38.09    916068    822724      1060
03:05:37 AM    255164   1807524     87.63     87560    712972    984572     38.09    916860    822724      1112
03:05:38 AM    254172   1808516     87.68     87568    713032    984572     38.09    918124    822724      1172
03:05:39 AM    253236   1809452     87.72     87568    713080    984572     38.09    918712    822720      1220
03:05:40 AM    251476   1811212     87.81     87568    713120    984572     38.09    920504    822720      1260
03:05:41 AM    250072   1812616     87.88     87568    713160    984572     38.09    922040    822720      1300
03:05:42 AM    248376   1814312     87.96     87580    713180    984572     38.09    923800    822720        24
03:05:43 AM    246908   1815780     88.03     87584    713260    984572     38.09    925088    822728       144
03:05:44 AM    246816   1815872     88.03     87584    713284    984572     38.09    925120    822720       176
03:05:45 AM    246692   1815996     88.04     87584    713340    984572     38.09    925404    822716       232
03:05:46 AM    246412   1816276     88.05     87584    713376    984572     38.09    925464    822716       268
03:05:47 AM    246444   1816244     88.05     87584    713432    984572     38.09    925524    822720       324
03:05:48 AM    246164   1816524     88.07     87584    713472    984572     38.09    925552    822720       368
03:05:49 AM    246444   1816244     88.05     87584    713496    984572     38.09    925580    822716       392
03:05:50 AM    246112   1816576     88.07     87584    713528    984572     38.09    925632    822716       424
03:05:51 AM    246096   1816592     88.07     87584    713576    984572     38.09    925664    822724       472
03:05:52 AM    246096   1816592     88.07     87584    713636    984572     38.09    925732    822716       532
03:05:53 AM    246128   1816560     88.07     87592    713672    984572     38.09    925772    822720       568
03:05:54 AM    246096   1816592     88.07     87592    713712    984572     38.09    925820    822716       608
03:05:55 AM    246128   1816560     88.07     87592    713744    984572     38.09    925856    822716       640
03:05:56 AM    246204   1816484     88.06     87592    713788    984572     38.09    925828    822716       684
03:05:57 AM    246136   1816552     88.07     87592    713836    984572     38.09    925784    822716       732
Average:       307185   1755503     85.11     87548    711004    984572     38.09    865114    822750       583
